5 0.5 0.5 1 1
3 0.540871761825817 0.35197299486909767 0.13226335475263545 0.10454464247680564
3 0.4126804362363853 0.3122357348011115 0.1163491946765232 0.1353945989738195
3 0.140956627947159 0.1870486711621529 0.1324490385547438 0.18572190729444457
3 0.16665301182581707 0.3432629567813543 0.18761669961943914 0.16046864057694457
3 0.04342771193954778 0.45040069671336813 0.08685542387909556 0.17892639342673622
3 0.060499841616727335 0.7841223864928819 0.12099968323345467 0.14342530452090294
3 0.2910230231573425 0.6878877386008335 0.25486254942915876 0.24008471181534752
3 0.43466825239709583 0.7897619759673963 0.07496019072219048 0.11569904160312508
3 0.6005758008004903 0.9513683571419447 0.10764535672980173 0.09726328571611056
3 0.7050112217881985 0.545817179898959 0.13028436068413446 0.13259690729444457
3 0.8209399693167405 0.5602453154419104 0.10289418973360753 0.11166615824437506
3 0.861754606198329 0.30704823346993126 0.11564885771838504 0.1182070989738195
3 0.8532152529285686 0.4014703806963896 0.11246019072219049 0.11657186379145834
3 0.7793732573400117 0.7743253460271188 0.06826452174883002 0.10461607123840296
3 0.6917658279865277 0.8324995623077782 0.0623036818249421 0.07325696846486096
3 0.7140294416364117 0.6891314220151743 0.09077619171077381 0.12075021751493065
3 0.8526091219784788 0.6274516524478827 0.06220552273741298 0.10915810087368065
3 0.48450772079961535 0.5453768495425004 0.1017136917107738 0.12100479065319458
3 0.5360516106469534 0.2783536569131949 0.13133752471457924 0.12013327488562506
3 0.5150573142207253 0.10269904027194487 0.09013952174882985 0.10512521751493065
3 0.6423373972245309 0.10722549895316025 0.13653436068413444 0.1327423776591668
3 0.05304081593215533 0.6197143943766668 0.10608163186431066 0.11813436379145834