5 0.4985712824641088 0.4999931816152624 0.9955800649282176 0.9999863632305248
3 0.5416882625786064 0.36487756290950857 0.11553527110331832 0.0863659683433748
3 0.40860302718910296 0.3515708137202875 0.09582278896022593 0.12038641233702041
3 0.11746378408896188 0.28241130519557556 0.10294554220663672 0.17049550649282175
3 0.17629113351976902 0.4290857077933633 0.16166597727182858 0.13403190097293471
3 0.06839858725264722 0.5606959922893623 0.08101599512873606 0.16698867694751698
3 0.16305216273746692 0.8794539005691929 0.10218188311602723 0.12674550649282174
3 0.3700407280793122 0.7390804963498473 0.21914328652459386 0.20532624837514674
3 0.5314924711794533 0.8105037086074376 0.056542100648623084 0.10720457386326174
3 0.7330431087597074 0.9406200823912692 0.08601141233702041 0.09522277110331849
3 0.7436889135515411 0.5207751866933401 0.10821369480442442 0.11435460064862327
3 0.8592048193957398 0.5125069448110151 0.08606595941492116 0.09834777110331831
3 0.8453978693163094 0.25876433604471705 0.09705800649282174 0.1016636858759707
3 0.85640928165333 0.35235069481101505 0.09390573295387128 0.10004663879807012
3 0.8637498177708867 0.7281183080415399 0.05169095941492117 0.09774775324641087
3 0.7915805373320774 0.8020564143722059 0.0511454886359143 0.06649775324641105
3 0.7828213717486461 0.6584155085280072 0.07222164772652384 0.11060230925276535
3 0.9047861006453278 0.5718858989509303 0.04398755357072233 0.10386138555165907
3 0.5287457520252996 0.563601435068487 0.08310460064862309 0.10766822402541756
3 0.520916066556366 0.2941247321463878 0.11268300649282174 0.10193642126547413
3 0.4641051846581547 0.12865941924017454 0.07351141233702041 0.09500458279171564
3 0.5895455154212754 0.10693264935467217 0.11756142126547413 0.11295574188232513
3 0.12042651176453223 0.7207743758124265 0.09552278003177213 0.10319891233702042