5 0.50390625 0.51640625 0.9921875 0.96640625
3 0.3671875 0.44609375 0.078125 0.10625
3 0.35234375 0.56953125 0.1109375 0.0875
3 0.28359375 0.8390625 0.15625 0.09296875
3 0.42109375 0.7875 0.12265625 0.14921875
3 0.5421875 0.88984375 0.15390625 0.0734375
3 0.83984375 0.80625 0.1171875 0.09375
3 0.7125 0.61171875 0.1875 0.2
3 0.78203125 0.4625 0.0984375 0.05078125
3 0.921875 0.278125 0.1171875 0.07890625
3 0.515625 0.2609375 0.10546875 0.1
3 0.51015625 0.15234375 0.08984375 0.078125
3 0.2734375 0.16171875 0.09375 0.0890625
3 0.36015625 0.15234375 0.09140625 0.0859375
3 0.7109375 0.1515625 0.08984375 0.04609375
3 0.778125 0.2203125 0.06015625 0.04609375
3 0.64453125 0.22578125 0.1015625 0.065625
3 0.565625 0.1109375 0.09609375 0.0390625
3 0.5515625 0.46171875 0.1 0.075
3 0.30078125 0.4640625 0.09375 0.10390625
3 0.1453125 0.5140625 0.0875 0.0671875
3 0.128125 0.39765625 0.10390625 0.1078125
3 0.69140625 0.84453125 0.09375 0.08671875