5 0.5 0.43984375 1 0.8796875
1 0.1939578602760767 0.40850047240385995 0.08739220364722229 0.0640000446422686
1 0.44881358690906303 0.6463378429412806 0.06849673328249999 0.0574227621748646
1 0.673688259971077 0.7377638636408572 0.05741376291777769 0.05098184740221221
1 0.9223718413743753 0.30746884294457594 0.07154899810013901 0.05435230925276526
1 0.9060766537790628 0.4132648754119801 0.10345361474138884 0.08302278003177221
1 0.8033874116628474 0.4002075422132273 0.07133079255305574 0.04497730925276535
1 0.7163420065526045 0.42126611039444634 0.057304660144236054 0.04629434740221221
1 0.6967204907850351 0.45130816640080074 0.062137630508958354 0.05262616801906326
1 0.5465152433504863 0.17647358198423202 0.08143314437666671 0.07639095048646735
1 0.3933902433504862 0.17914638880136535 0.06704333605604171 0.062082988635914306
1 0.8541186827487506 0.6322291095836674 0.08103310087368065 0.05920345048646745
6 0.27952907152274326 0.2569458806836905 0.13186955547083343 0.09601370373287814
6 0.4529159393982642 0.4532190884770538 0.10003767401194459 0.07046823295387146
6 0.36261759450850733 0.4352560669666984 0.08797408510611113 0.0890000446422686
6 0.4911400251699655 0.31577758969486974 0.06551720364722229 0.06361821509696401
6 0.8086574463321184 0.45873310836585146 0.07794446846486096 0.06071140340856669
6 0.7348225156706603 0.577257011774418 0.08415810087368066 0.059257997564368024
6 0.6208327508530214 0.5823729801177929 0.08259560087368065 0.059230724025417555
6 0.8335165484400701 0.6872984391289721 0.08117857123840296 0.06545345048646745
6 0.6793758687285424 0.7806507930240061 0.04941942496187508 0.04303297970746058
6 0.3269931382958339 0.6508089289794071 0.057195557370694414 0.04160684740221221
6 0.4622942054501742 0.6210923810907276 0.04614895459715278 0.036728432629559826