6 0.384375 0.67421875 0.09921875 0.06953125
6 0.43515625 0.55234375 0.08046875 0.08046875
6 0.290625 0.5234375 0.10078125 0.0765625
6 0.12109375 0.45078125 0.084375 0.06484375
6 0.17421875 0.3609375 0.0703125 0.05703125
6 0.33359375 0.32734375 0.06953125 0.0484375
6 0.21171875 0.26796875 0.06640625 0.03984375
6 0.3234375 0.23984375 0.06953125 0.04609375
6 0.39609375 0.17890625 0.0640625 0.04140625
6 0.49375 0.2796875 0.08203125 0.04453125
6 0.5015625 0.2109375 0.0734375 0.040625
6 0.68828125 0.2625 0.08984375 0.05390625
6 0.60859375 0.2703125 0.05625 0.0359375
6 0.821875 0.28359375 0.0671875 0.05
6 0.79765625 0.41484375 0.0859375 0.05390625
6 0.7640625 0.3609375 0.0609375 0.05859375
6 0.59453125 0.36015625 0.07890625 0.053125
6 0.42421875 0.39453125 0.09296875 0.0734375
6 0.6609375 0.5421875 0.0921875 0.0765625
6 0.52109375 0.49765625 0.071875 0.06328125
6 0.675 0.7078125 0.125 0.11484375
6 0.8421875 0.51953125 0.10546875 0.08203125
6 0.90234375 0.3078125 0.0703125 0.05078125
6 0.50234375 0.6296875 0.07734375 0.06875
0 0.6578125 0.4703125 0.05703125 0.06015625
0 0.59140625 0.553125 0.0484375 0.075
0 0.36875 0.5359375 0.05546875 0.06484375
0 0.18203125 0.43359375 0.08515625 0.08046875
0 0.2765625 0.403125 0.0640625 0.090625
0 0.51796875 0.33203125 0.046875 0.03046875
0 0.5671875 0.33203125 0.03828125 0.03046875
0 0.81484375 0.38515625 0.090625 0.075
0 0.87109375 0.59140625 0.04921875 0.06484375
0 0.23984375 0.66328125 0.059375 0.0796875
0 0.4609375 0.16796875 0.04609375 0.04921875
0 0.42578125 0.5 0.040625 0.0390625
0 0.64921875 0.4015625 0.0484375 0.05
0 0.77578125 0.28046875 0.03515625 0.0640625
0 0.5328125 0.43125 0.06015625 0.04296875
5 0.5 0.52578125 1 0.8703125