6 0.36941389981828593 0.340625 0.0982471494796017 0.115625
6 0.48757075757477353 0.41875 0.10524077792830404 0.1
6 0.5410974700355309 0.27734375 0.10622342378986112 0.11875
6 0.643764367367426 0.11953125 0.08961577792830404 0.1
6 0.7280818136585243 0.19296875 0.07785940637700665 0.084375
6 0.7362672071452321 0.3640625 0.06832063206674696 0.08125
6 0.81787133197589 0.2515625 0.058618083446227945 0.075
6 0.8289050864984459 0.37265625 0.06667624491161739 0.0796875
6 0.880365767185712 0.46015625 0.0601805834462283 0.075
6 0.7602004313646347 0.5375 0.06897572930778502 0.09375
6 0.8285752951140161 0.56015625 0.06379690637700648 0.084375
6 0.7450235679539375 0.73984375 0.08040455223856355 0.103125
6 0.7500585487320606 0.65703125 0.051876760515449406 0.065625
6 0.7019430325624015 0.871875 0.07136374491161739 0.0796875
6 0.57025261928799 0.81875 0.07867827792830404 0.1
6 0.6315243119610436 0.7953125 0.07736808344622811 0.075
6 0.6599757813192062 0.62265625 0.0766244549975255 0.090625
6 0.6520803149017198 0.4421875 0.10112648801421234 0.1109375
6 0.46070944368910655 0.6515625 0.10425148801421251 0.1109375
6 0.5294893419255127 0.51796875 0.084273180687266 0.0875
6 0.28768802351729 0.6296875 0.15177494120271567 0.153125
6 0.45429342661493627 0.8421875 0.11280097241038015 0.125
6 0.6638089467413243 0.94921875 0.07160940637700648 0.084375
6 0.39652303369405534 0.4703125 0.0924132293077851 0.09375
0 0.5355832909301446 0.6640625 0.07712242198083885 0.0703125
0 0.4599857473980082 0.578125 0.09093926051544958 0.065625
0 0.5154224406368888 0.35390625 0.08337242198083886 0.0703125
0 0.6519320714604404 0.1859375 0.10704893939369349 0.1046875
0 0.6674928736990041 0.2890625 0.11075379353213641 0.0859375
0 0.7006992786056727 0.55 0.04349105042954129 0.0546875
0 0.6939856111473895 0.60078125 0.041519114653892686 0.046875
0 0.5980434266149363 0.8421875 0.100962713703953 0.1078125
0 0.37526102385597426 0.8546875 0.08148237336031983 0.0640625
0 0.4047262008136541 0.19453125 0.09784435775648763 0.078125
0 0.8800216084338561 0.528125 0.0639673247398008 0.0578125
0 0.5422992011523384 0.41953125 0.05113977611928178 0.0515625
0 0.6077448959730987 0.66953125 0.06561171189493056 0.059375
0 0.7120273614860738 0.82578125 0.07605788896415203 0.05
0 0.5957251735627185 0.54453125 0.06149742198083885 0.0703125
5 0.5 0.5 1 1