5 0.4796875 0.55078125 0.95546875 0.68359375
1 0.8296875 0.5140625 0.075 0.046875
1 0.54921875 0.33046875 0.05625 0.04375
1 0.321875 0.28203125 0.0484375 0.0390625
1 0.1546875 0.73125 0.06171875 0.040625
1 0.15390625 0.62890625 0.08671875 0.0625
1 0.253125 0.6234375 0.06328125 0.0296875
1 0.33203125 0.5890625 0.0484375 0.03515625
1 0.34609375 0.55703125 0.05 0.040625
1 0.5328125 0.79296875 0.0671875 0.059375
1 0.67734375 0.765625 0.05390625 0.04921875
1 0.1671875 0.41171875 0.06796875 0.04296875
6 0.77265625 0.67265625 0.1140625 0.0703125
6 0.5765625 0.51484375 0.0875 0.05
6 0.66484375 0.5171875 0.07109375 0.07109375
6 0.56328125 0.6515625 0.05234375 0.05
6 0.23828125 0.56875 0.06640625 0.04453125
6 0.2890625 0.44453125 0.0734375 0.04296875
6 0.396875 0.41953125 0.071875 0.04140625
6 0.17734375 0.35546875 0.06796875 0.05
6 0.30859375 0.24140625 0.040625 0.03359375
6 0.6640625 0.30625 0.05 0.03125
6 0.540625 0.35625 0.03984375 0.02734375