5 0.543098476683266 0.4944031764071813 0.7134576129884426 0.9888063528143626
1 0.5138847171171003 0.13485751627912573 0.048882927594901204 0.07938366311182729
1 0.32162799766230893 0.4264289082030913 0.04563975292686617 0.05888915258848364
1 0.267171260057145 0.6584293370999342 0.04247839149054773 0.05245714206513981
1 0.7177065494811481 0.8086913164767697 0.042551114363184796 0.0649571420651398
1 0.6138002994811481 0.8147431663779479 0.06458065046753828 0.09279371572854558
1 0.6112616276417835 0.7141439269012915 0.033185204722264314 0.06597361049510883
1 0.5781360311343838 0.6356317900272362 0.03621930113146821 0.050530621018452494
1 0.5469723895456402 0.6226081452606731 0.04247839149054773 0.05245714206513981
1 0.789451301917035 0.4241728323323725 0.06134656615858276 0.0738617052052021
1 0.7645245456705191 0.278799419149958 0.05188066256778665 0.057690673635170955
1 0.3951548386105638 0.8095151530120066 0.04571247579950315 0.07138915258848363
6 0.6729051931129952 0.18651247958859712 0.07411927693097127 0.1214647472985769
6 0.509268898228043 0.3912895268024694 0.05208065046753827 0.09206567363517104
6 0.5136978438751211 0.3012182636482898 0.07386474687674198 0.0777147472985769
6 0.6466779946372468 0.3989060637753467 0.05188066256778665 0.057690673635170955
6 0.5557156095896068 0.7306558636906421 0.04570338544042372 0.06982665258848364
6 0.43102468179831377 0.68481128462439 0.04574883723582168 0.07763915258848364
6 0.4090002117543472 0.5775371109186318 0.04260565651766228 0.07433214206513998
6 0.3389684711241211 0.8018538424321932 0.05197156615858276 0.07331567363517096
6 0.226473537184508 0.6732954739034023 0.03461134933607006 0.042627115756780756
6 0.3004256842342007 0.3120779818664972 0.03310339149054773 0.05191111049510884
6 0.3481359555078313 0.4342568187546699 0.02836134933607006 0.04226309471009326