6 0.3375 0.6433276655867266 0.115625 0.09108074188232518
6 0.41171875 0.5240634224865854 0.0984375 0.10015573295387145
6 0.2671875 0.4703362248394919 0.11875 0.10051028896022593
6 0.1046875 0.3661414228903272 0.1 0.08455800649282175
6 0.175 0.2821016136375619 0.084375 0.07334777110331832
6 0.34765625 0.27361913758354933 0.08125 0.06391822402541773
6 0.23203125 0.1904811294658745 0.0765625 0.05289890340856669
6 0.353125 0.17977368019722317 0.08125 0.06235572402541765
6 0.440625 0.12902761201600413 0.075 0.05599662986961631
6 0.52265625 0.24947075122111126 0.09375 0.06257391233702041
6 0.54296875 0.17958494521475685 0.084375 0.05772277110331836
6 0.72734375 0.2638666676186167 0.1015625 0.07364778003177204
6 0.64453125 0.25984341518298476 0.065625 0.04802048863591431
6 0.8625 0.3076012564994123 0.078125 0.06542617694751698
6 0.8140625 0.4412592362068729 0.0984375 0.07359323295387146
6 0.78828125 0.3792092495995535 0.075 0.0747466298696164
6 0.6125 0.35024627273146675 0.090625 0.07189436525911966
6 0.43046875 0.3581111400191813 0.1109375 0.09568642126547414
6 0.6484375 0.551181481335609 0.109375 0.09878414772652384
6 0.5109375 0.48092530276323886 0.0859375 0.0796250446422686
6 0.6328125 0.7264542167251122 0.15 0.14480575973923263
6 0.84140625 0.5571881992752419 0.1265625 0.10845915665497756
6 0.9421875 0.346835306012945 0.0828125 0.06707049756436803
6 0.46796875 0.6160503250843732 0.0921875 0.08598413879807013
0 0.65859375 0.4760042033324317 0.06875 0.07307503571381488
0 0.575 0.5516820876662749 0.0625 0.08702844155801373
0 0.34609375 0.4963026611224997 0.0703125 0.07935230925276535
0 0.1703125 0.3587459342544129 0.103125 0.10023755357072242
0 0.27421875 0.3428697439142153 0.084375 0.10772277110331832
0 0.53828125 0.3085730158316079 0.0546875 0.04001707386326192
0 0.5890625 0.3162803758157218 0.0453125 0.03829093262955983
0 0.83671875 0.4127387698920929 0.1078125 0.09563187418757338
0 0.85703125 0.6373842138857386 0.0640625 0.07768071509696384
0 0.18828125 0.6076510385564841 0.0765625 0.0950864034085667
0 0.509375 0.12860882630218917 0.05625 0.06191934740221221
0 0.41171875 0.4685946724865854 0.05 0.047747753246410875
0 0.66171875 0.402512156254531 0.0578125 0.0619466209411625
0 0.815625 0.2974819626679225 0.0484375 0.07428297970746059
0 0.5359375 0.41408267614003336 0.0703125 0.057477309252765355
5 0.5 0.5 1 1