5 0.5 0.5109375 1 0.8328125
0 0.3546875 0.66328125 0.2359375 0.11171875
0 0.21171875 0.6734375 0.0765625 0.03359375
0 0.3546875 0.71953125 0.0484375 0.06328125
0 0.31484375 0.60703125 0.015625 0.021875
0 0.03359375 0.60234375 0.0671875 0.0859375
0 0.25703125 0.36171875 0.13515625 0.07421875
0 0.24921875 0.46953125 0.1734375 0.11640625
0 0.09140625 0.44921875 0.08984375 0.03125
0 0.0421875 0.34609375 0.08359375 0.0359375
0 0.0703125 0.2359375 0.140625 0.0796875
0 0.11328125 0.33125 0.05859375 0.08125
0 0.1953125 0.3171875 0.0546875 0.07734375
0 0.59765625 0.37578125 0.1171875 0.08359375
0 0.6703125 0.43359375 0.1171875 0.02890625
0 0.54765625 0.40390625 0.0765625 0.0375
0 0.5390625 0.5578125 0.0859375 0.07421875
0 0.4203125 0.45859375 0.0546875 0.03984375
0 0.3921875 0.46171875 0.05859375 0.0484375
0 0.8171875 0.5421875 0.1703125 0.04375
0 0.778125 0.475 0.15859375 0.0484375
0 0.4578125 0.26875 0.18984375 0.10625
0 0.3203125 0.2015625 0.08203125 0.05
6 0.6875 0.575 0.26171875 0.1765625
6 0.1125 0.62109375 0.11875 0.10390625
6 0.19765625 0.4046875 0.0625 0.06328125
6 0.128125 0.30859375 0.09140625 0.10390625
6 0.14453125 0.184375 0.0703125 0.0640625
6 0.171875 0.21640625 0.125 0.12734375
6 0.2671875 0.215625 0.07421875 0.053125
6 0.59296875 0.3 0.08359375 0.08125
6 0.7359375 0.3734375 0.0984375 0.0640625
6 0.4265625 0.5125 0.18125 0.11484375