6 0.317228673384804 0.367144783378407 0.303583892318796 0.28308740937299814
6 0.7729348453239142 0.34743555144013144 0.21776840912471015 0.3617385733609078
6 0.30479241000175006 0.8258112587125888 0.3073508794672148 0.22222263470717998
6 0.4769963793556717 0.9695783453612261 0.2136115138401644 0.060843309277547775
6 0.6862267993176155 0.9549624093729981 0.28519735376405214 0.09007518125400367
6 0.937080986579765 0.8652150394652667 0.03866454646340926 0.22065794533736352
6 0.8767417113708941 0.9784191853914518 0.12247717787060922 0.04316162921709647
6 0.8265639337277463 0.719329280116131 0.18627437551288217 0.20207267202418072
6 0.8219931333471854 0.5629520107813129 0.317940869581383 0.1754930853755436
6 0.4250836412558508 0.5208157707272244 0.1715460306460784 0.14723972135581712
6 0.5212450809522771 0.8080077827418602 0.13920837452429885 0.19683973201781732
5 0.5 0.5 1 1