5 0.5 0.5 1 1
4 0.27890625 0.8125 0.296875 0.27734375
4 0.084375 0.94921875 0.16875 0.1015625
4 0.49609375 0.98515625 0.16015625 0.028125
4 0.86875 0.728125 0.0078125 0.003125
4 0.1203125 0.63515625 0.2328125 0.2390625
4 0.29765625 0.3890625 0.16640625 0.18828125
4 0.32109375 0.09375 0.13125 0.1015625
4 0.82734375 0.32734375 0.18984375 0.11640625
4 0.90234375 0.2078125 0.1953125 0.13515625
4 0.965625 0.03828125 0.065625 0.0765625
4 0.59765625 0.03671875 0.08203125 0.0578125
3 0.3640625 0.62734375 0.1390625 0.1453125
3 0.190625 0.628125 0.1 0.07734375
3 0.2671875 0.50703125 0.09765625 0.0765625
3 0.06640625 0.53203125 0.1328125 0.1296875
3 0.3 0.4375 0.06875 0.08203125
3 0.04140625 0.36484375 0.08203125 0.0625
3 0.0234375 0.265625 0.04609375 0.04921875
3 0.08671875 0.13984375 0.1 0.0578125
3 0.25234375 0.2140625 0.09765625 0.0484375
3 0.40703125 0.1671875 0.0875 0.05625
3 0.390625 0.05 0.078125 0.0796875
3 0.3625 0.04609375 0.13515625 0.0875
3 0.5796875 0.09921875 0.03125 0.05
3 0.66328125 0.12578125 0.06484375 0.06328125
3 0.94921875 0.12421875 0.0859375 0.05390625
3 0.70390625 0.68515625 0.15390625 0.11640625
3 0.7234375 0.425 0.09609375 0.06953125