5 0.49609375 0.5 0.9921875 1
0 0.6535984291376822 0.6437630642076394 0.15598454169936496 0.26282992116215276
0 0.6798390172217729 0.7897847322356604 0.047722097651002035 0.08386716014423623
0 0.7116382496707956 0.63729616508132 0.07360263605166181 0.06104790919430556
0 0.5997998277257564 0.6925447499030908 0.023983069279472247 0.019295513867708357
0 0.6260594846936078 0.9695462207912329 0.09873902837152997 0.06090755841753435
0 0.35329924927508416 0.7814026556789239 0.09967705423577736 0.1522184230620141
0 0.4660265698081975 0.7762086222439241 0.1510409774344577 0.20025718597979178
0 0.4620113565595048 0.9410705560395144 0.04813127461060631 0.0979296601442364
0 0.359130397467447 0.9792368243725349 0.048329851411925785 0.041526351254930205
0 0.24338337701347584 0.9549076651782293 0.10433581050398351 0.09018466964354133
0 0.33795173093268416 0.9327105825406601 0.09427884890464337 0.07402068787965277
0 0.3145573465303749 0.850079267286181 0.09106292069139794 0.07082295269729144
0 0.3291991373718101 0.42747756867295167 0.10698944906292791 0.1352127610179167
0 0.3800235029695009 0.34657371399954895 0.0520746285298145 0.1261273953265972
0 0.3637727141731297 0.47518902327010454 0.05240959765100213 0.08397626291777768
0 0.522730177026111 0.466380333774931 0.09036423871722903 0.10047408510611114
0 0.43437706769662654 0.601135233851181 0.05021060015828453 0.0620648953265972
0 0.4405899637774183 0.6294238880114934 0.059767456584775405 0.06853310087368066
0 0.4755358944314391 0.18071428428802125 0.07402383636823089 0.1828501740119445
0 0.41001854301951324 0.2292232130496184 0.0767851235152495 0.17042290919430564
0 0.23393679849629664 0.5847432483844794 0.14363765439406198 0.214137848023889
0 0.18030803015389657 0.7351601692622919 0.06513691818411553 0.09207970364722229
6 0.5248873735817565 0.31163828238816016 0.22890521615168674 0.3004403303564585
6 0.6375712977048739 0.8990317924561463 0.12900084138279588 0.14040940729444457
6 0.40405175554329037 0.8373084699834725 0.07557431301126591 0.07514677678548623
6 0.3132699796790429 0.9211912010817713 0.1250574874635877 0.11221167211208324
6 0.18277849762573156 0.9189357572181948 0.07731866943775674 0.08143314437666689
6 0.21266222591811917 0.8860148076550349 0.152711126022532 0.1503299211621531
6 0.20065998258203677 0.7880130655388197 0.06968802586424747 0.08750130642076392
6 0.25059676425227195 0.4420654391139238 0.09817673871722885 0.10065592306201392
6 0.3106573890211628 0.2855439886008336 0.08291545157021041 0.11279224715020834
6 0.490277726709542 0.5875825333380907 0.14961486975432586 0.20490831838861112