5 0.5 0.5 1 1
3 0.20757378357464687 0.24605317038771415 0.174851397261712 0.31069355913900915
3 0.42063349357420937 0.0501178939185815 0.09310801285158128 0.06515842721213971
3 0.13261495695945086 0.6065325980141386 0.18496654349765967 0.214473530602962
3 0.19479266889899866 0.7902398180303493 0.20559737847863163 0.22323210049533806
3 0.653928813232142 0.12595060959156595 0.13117569863085593 0.15738446856846858
3 0.5648862178710468 0.17894286889719088 0.11434102570316255 0.12696922249741
3 0.48674131323214215 0.11816372663123922 0.1684502055509382 0.19187078453190334
3 0.47444294859367486 0.26631012820281585 0.13758752471457925 0.12337334160399785
3 0.4651860123201086 0.3590241670779453 0.12483285672980174 0.11654114474715094
3 0.362050377947159 0.20080494458053527 0.19252437551288218 0.20858740363849115
3 0.7486643571869124 0.31743609635699965 0.13787136760421675 0.168613066996892
3 0.667115926844845 0.3786047286981538 0.10359452669174588 0.13114730024766902
3 0.613542599278247 0.3487138674494488 0.11073586463846716 0.1533133986760924
3 0.38761288578146236 0.9508658718973735 0.11051568874502422 0.09826825620525312
3 0.34347556661782114 0.8871790922231704 0.11096135771838496 0.12057367328319799
3 0.6079598778727969 0.9885917349034068 0.06303851087441484 0.022816530193186323
3 0.8103897884803818 0.6467105274980808 0.1275413626613009 0.14473891935425698
3 0.7432208290122919 0.4510298463569996 0.11328786167271758 0.1393964478903042
3 0.715107827492236 0.8528277868037056 0.20483337452429887 0.20448210049533805
3 0.6539209766939333 0.9329476263407891 0.09645318874502422 0.1089812018192454
3 0.5955328151349464 0.9007813657968189 0.13015170950527094 0.19843726840636222
3 0.5360251639560827 0.8296149569865321 0.21292440022746142 0.3265026497095498
3 0.42497491741612387 0.8080053225784634 0.14558570851668778 0.20484166542531526
3 0.7013331234613537 0.6338038050006707 0.20151205634924096 0.2760660020669146
3 0.5890678868072265 0.5651736213783902 0.19526205634924096 0.27577490363849116
3 0.5019909925484451 0.4546663068626976 0.16762253460041093 0.1715582845319034
3 0.3086283117120863 0.512975304795783 0.25492621642535307 0.24736311331561964
3 0.44637636802414615 0.6477591813459689 0.1749787312541006 0.3138185591390091
3 0.33003378502034064 0.6407749731165826 0.15432403855474383 0.1896533130679506
3 0.30185575239709583 0.7944436286171005 0.060486513840164416 0.06831766046291676
3 0.09553942680766404 0.7480458558720215 0.09552735870696816 0.12453342721213971