5 0.5 0.5 1 1
4 0.291539627023652 0.8229663071637269 0.3032921899331605 0.28854666714519334
4 0.09938117491233153 0.94921875 0.16739778003177208 0.1015625
4 0.5117408530776645 0.9931671905588384 0.1614284237011061 0.013665618882323117
4 0.8830219691508585 0.7585169821982867 0.007867047077900934 0.0033978185116541938
4 0.1282741935833132 0.6392485276748141 0.23857512499835237 0.2488095553496283
4 0.3028575876596843 0.3978398215916972 0.1705148717519415 0.19646331614940155
4 0.32111311525911973 0.10178327712666002 0.1330500535707225 0.10770835099579186
4 0.8338115328711458 0.3547000122353536 0.19267051542127547 0.12384427168436432
4 0.9039275923290774 0.23619803809606923 0.1921448153418453 0.14270339908902613
4 0.9671875 0.07049368174279975 0.065625 0.07572917549789593
4 0.5982289943179572 0.053683116141552356 0.08382162094116268 0.06070437622353535
3 0.3734503258885615 0.6400025289407585 0.14162621266133196 0.15173116950744614
3 0.19846396265803667 0.6346726442797027 0.10136367694751698 0.08161707694917482
3 0.27446162661991014 0.5155258293962455 0.09977390340856669 0.08000001324684405
3 0.07410311647364043 0.5327331436467305 0.13197847727182857 0.135778787293461
3 0.30526556736714483 0.446331885294028 0.07019549756436802 0.08521330290255769
3 0.045403597805954043 0.3646453425582714 0.07921594155801359 0.06522818511654283
3 0.02567570454365712 0.2632366099814666 0.04306025324641087 0.05147321996293312
3 0.08599382142762993 0.1404191580747008 0.10100912094116259 0.06130457694917477
3 0.2536955645277711 0.22044894237293694 0.09931025324641088 0.05343751324684387
3 0.4083324715897857 0.1782217807548571 0.08848184740221221 0.05930556733052796
3 0.38986706939903504 0.0596801118803831 0.07954322402541765 0.0839781851165428
3 0.36090627232113437 0.05554568338726227 0.1374375446422687 0.09068454210278447
3 0.581364822645446 0.1163368835647475 0.032122753246410875 0.05109127404661713
3 0.6654222228076018 0.1458185416394483 0.06674321509696383 0.06635417549789593
3 0.9528949492686515 0.15429576286832578 0.08842730032431163 0.05618056733052797
3 0.7166469468297241 0.709764479751216 0.15829551542127546 0.12264387023308565
3 0.7316235158250173 0.4495090260303517 0.09807503571381489 0.0721329495445131