5 0.5 0.52109375 1 0.95234375
3 0.29140625 0.79765625 0.2765625 0.1140625
3 0.04453125 0.63515625 0.08828125 0.0765625
3 0.64765625 0.80078125 0.178125 0.1453125
3 0.809375 0.70703125 0.18515625 0.1640625
3 0.090625 0.3984375 0.1328125 0.1015625
3 0.1578125 0.47265625 0.10390625 0.08984375
3 0.115625 0.55859375 0.16015625 0.13125
3 0.2578125 0.5421875 0.096875 0.1140625
3 0.34765625 0.5328125 0.0921875 0.10390625
3 0.21796875 0.66015625 0.17109375 0.153125
3 0.25234375 0.2734375 0.14140625 0.10703125
3 0.3265625 0.3390625 0.1109375 0.07734375
3 0.30859375 0.3953125 0.1328125 0.08125
3 0.92890625 0.49296875 0.08828125 0.090625
3 0.871875 0.54765625 0.1 0.08671875
3 0.94453125 0.27421875 0.06953125 0.04765625
3 0.553125 0.15234375 0.1203125 0.09921875
3 0.38125 0.25234375 0.11875 0.08828125
3 0.7671875 0.203125 0.1640625 0.1671875
3 0.8546875 0.24609375 0.08984375 0.07421875
3 0.840625 0.30625 0.18515625 0.08984375
3 0.77890625 0.3765625 0.28671875 0.1515625
3 0.78125 0.4859375 0.17734375 0.10546875
3 0.56171875 0.2578125 0.2390625 0.1484375
3 0.51875 0.3765625 0.2390625 0.1421875
3 0.43125 0.48046875 0.13828125 0.13515625
3 0.52421875 0.65234375 0.1984375 0.209375
3 0.62578125 0.4953125 0.28203125 0.115625
3 0.64140625 0.6078125 0.16015625 0.11796875
3 0.7921875 0.60546875 0.05703125 0.046875
3 0.78828125 0.809375 0.10703125 0.07109375