5 0.5 0.5 1 1
4 0.825 0.7392062425518928 0.3109375 0.34416964681406553
4 0.9609375 0.9222497590962281 0.078125 0.1555004818075439
4 0.98359375 0.5059678651731373 0.0328125 0.17184076674922294
4 0.69375 0.12137442555500069 0.003125 0.007958049214211727
4 0.65 0.887026003824243 0.2671875 0.22594799235151405
4 0.38125 0.7294757541338293 0.209375 0.19881429735218498
4 0.06953125 0.7126134700162107 0.115625 0.15069782092583353
4 0.27734375 0.1761987427612897 0.1359375 0.21258139081820962
4 0.14765625 0.11625220037150352 0.1515625 0.18830913688926815
4 0.01171875 0.4232020595532939 0.0234375 0.08702911910658777
3 0.62578125 0.6541462301458958 0.1625 0.16381855913900906
3 0.6390625 0.8367960643062957 0.0890625 0.11352315260503403
3 0.50625 0.7587352227022978 0.0859375 0.1118151033908223
3 0.5453125 0.9454003529765374 0.14375 0.10919929404692538
3 0.43125 0.7271170415612167 0.090625 0.08234592721213971
3 0.37265625 0.9766096575674326 0.0703125 0.04678068486513496
3 0.2703125 0.9970826693542569 0.053125 0.005834661291486043
3 0.13515625 0.9508026747309405 0.0671875 0.09839465053811906
3 0.20078125 0.7827890370131028 0.059375 0.10901543507002262
3 0.140625 0.6198309646395271 0.065625 0.09993153349844608
3 0.03515625 0.6406999286598818 0.059375 0.08870293507002244
3 0.0375 0.6704965905705406 0.0625 0.14822348428423418
3 0.05703125 0.44015627315936373 0.0546875 0.03848461124870504
3 0.078125 0.35285748035529285 0.0703125 0.07671235731976359
3 0.05625 0.06590113585581087 0.0609375 0.07315070967712842
3 0.6609375 0.29640865880577766 0.1328125 0.17649834160399785
3 0.3875 0.2821106025622527 0.078125 0.1083262303552928