5 0.5 0.4950396152541261 1 0.9411707694917478
0 0.35078125 0.6650941988267229 0.25 0.13529269237293703
0 0.2046875 0.6881646549946578 0.0796875 0.041845248818873595
0 0.35390625 0.7227975714220611 0.053125 0.07060516587924912
0 0.30625 0.6103992643431523 0.0171875 0.02403770072563951
0 0.0296875 0.6309945396557138 0.0515625 0.09086310217691818
0 0.23359375 0.365280226501537 0.140625 0.087723233209777
0 0.23203125 0.47705354020386787 0.184375 0.1345635168750409
0 0.06875 0.4702554470974423 0.09375 0.03921132213985139
0 0.02734375 0.36623263520921007 0.0546875 0.04253472958157989
0 0.0546875 0.25043402041842 0.109375 0.09288195916315996
0 0.08515625 0.3470262782229684 0.0640625 0.08973711179556512
0 0.16796875 0.32538440199943297 0.0609375 0.08494048439090332
0 0.58359375 0.34915170717942534 0.125 0.09655259618646853
0 0.6609375 0.401919553914048 0.121875 0.04019346878180681
0 0.534375 0.3829017138028473 0.0796875 0.04497024881887359
0 0.53359375 0.5407414956540127 0.090625 0.08285219473518968
0 0.40625 0.4490946873939775 0.0578125 0.0457688569862416
0 0.37890625 0.4547370521847675 0.0625 0.05530754809323426
0 0.81796875 0.5003421518297969 0.1765625 0.0592906983633867
0 0.775 0.4346551536438955 0.165625 0.06359625244707061
0 0.43515625 0.25199150890085664 0.1984375 0.12567959019601868
0 0.290625 0.1961011513664608 0.0875 0.05774306733052792
6 0.68671875 0.5455505028255889 0.278125 0.20502483901489227
6 0.09921875 0.6441914549019907 0.1265625 0.1169196598887993
6 0.175 0.41498261533894415 0.0671875 0.07109623920022674
6 0.09921875 0.32309770490199063 0.0984375 0.11437501324684388
6 0.109375 0.1946180408368401 0.075 0.07136905771188111
6 0.1390625 0.22405008049255387 0.134375 0.14219247840045365
6 0.23671875 0.21438984909687533 0.0796875 0.06215774881887368
6 0.575 0.2721080575422451 0.090625 0.09222719473518967
6 0.72578125 0.3348114102673175 0.1046875 0.0739682680561673
6 0.41640625 0.5049900233288269 0.19375 0.1348908990890262