6 0.31534045261777494 0.34899797287334 0.2827601453691802 0.2738294027172232
6 0.7597267992918655 0.27881438141137693 0.19153625604708874 0.35342264427970277
6 0.34682297855668687 0.7977157258685649 0.2883374360279987 0.21623515752654648
6 0.5310605238701879 0.937316395291193 0.207268154678545 0.09470240870767306
6 0.7344764252069149 0.9052231139881817 0.27334768801718107 0.13605658420556885
6 0.9750843385582776 0.7640623675315608 0.033759024029271244 0.21671627404661714
6 0.9274269938733696 0.9000469967503211 0.12431020401018103 0.07931053248413775
6 0.8485138425764133 0.634942841122691 0.17098630402608955 0.1980803798517325
6 0.8354518632638668 0.48233619629483415 0.31906017735518083 0.1720139315731636
6 0.43555186059836676 0.48771075409153325 0.15941245735199913 0.14301093393541642
6 0.558151377227914 0.7567558760538994 0.12405676002545345 0.19175596878180662
5 0.5 0.5 1 1