5 0.5 0.5 1 1
3 0.22452126456082305 0.7905673037623258 0.3065238146880899 0.17200354838564208
3 0.022690423297274387 0.5769820310172467 0.045380846594548774 0.09146406203449331
3 0.5941883272199597 0.863283635646414 0.20832267202418073 0.18773124813797323
3 0.7763019405633684 0.7975067400706933 0.21791584802672598 0.20691789578060843
3 0.08125635395450209 0.3391224660872692 0.14831132535009012 0.13027831306795062
3 0.13648819927595718 0.4292423519430801 0.12312951201463566 0.1134889193542568
3 0.08658983863781951 0.5088356526050338 0.17317967727563902 0.1676713052100677
3 0.230010385264185 0.5203639656729845 0.12027723201781733 0.13678087014004525
3 0.3252865225970941 0.5279282167064417 0.1123556440165447 0.12704199710451594
3 0.17006212591504938 0.6340411679065149 0.2021453973583625 0.19369014970954979
3 0.2668585939688196 0.2422411197257604 0.16560791335136277 0.14045383374611503
3 0.33390918662477465 0.32431306513486524 0.12768974267981753 0.10276974317557439
3 0.3059290899506841 0.3777270095105127 0.15119996801399935 0.11011136228216234
3 0.9357240359245942 0.599351838084832 0.10748633068109044 0.11119867328319835
3 0.8671825739179129 0.6454048926757272 0.11684314934754489 0.11007282092583352
3 0.9711455572883658 0.37666135483405505 0.05069089067472703 0.06170378742738745
3 0.5982818639799554 0.17560169912864926 0.14046246268299925 0.12678944003242135
3 0.4036137066359105 0.24548389784752295 0.13721019334818116 0.11570639081820958
3 0.8129250719685015 0.27001959490925753 0.19760334802672616 0.2059718258882322
3 0.8974177032940928 0.3310170609965268 0.10417951734563573 0.09542812406898663
3 0.8732802219525931 0.3900816918899389 0.20608746268299924 0.12984597353086738
3 0.7975347872772298 0.45065101074885777 0.3226397106938169 0.21491879445670073
3 0.7829172092616397 0.5648761765884579 0.20312609468490841 0.14376292431665547
3 0.5907409892982288 0.2862481007002258 0.2725124413589988 0.20165250702931328
3 0.5276586392823205 0.4005610037195444 0.272439716024817 0.19540250702931344
3 0.4195274186028211 0.4901071931327932 0.1659169960216353 0.1670163337461151
3 0.4899382739099587 0.6864599623632156 0.24035446936663477 0.2563742402800905
3 0.619790500596776 0.5439899801458958 0.3128283586887264 0.17698214681406554
3 0.6184087192473221 0.6627399801458959 0.1860658640197263 0.15389990363849115
3 0.7752127025780041 0.6895850781600346 0.06629770934118148 0.06086903349844608
3 0.7383832225493691 0.8989215368037058 0.12292951734563573 0.09630141935425698