5 0.49921875 0.5 0.9984375 1
4 0.46484375 0.89296875 0.09140625 0.09453125
4 0.33828125 0.85234375 0.090625 0.08515625
4 0.18046875 0.80390625 0.10546875 0.1
4 0.12421875 0.72265625 0.10234375 0.0796875
4 0.06640625 0.6015625 0.0859375 0.0859375
4 0.06171875 0.496875 0.0921875 0.075
4 0.16015625 0.546875 0.0765625 0.05859375
4 0.34921875 0.54609375 0.15625 0.0953125
4 0.228125 0.63515625 0.10625 0.078125
4 0.2765625 0.74453125 0.109375 0.09921875
4 0.32578125 0.6671875 0.08828125 0.0765625
4 0.40625 0.76171875 0.10859375 0.0859375
4 0.5078125 0.771875 0.0921875 0.090625
4 0.6296875 0.87265625 0.0828125 0.09921875
4 0.5125 0.6625 0.08671875 0.0921875
4 0.7375 0.815625 0.09296875 0.06796875
4 0.6625 0.7390625 0.0859375 0.090625
4 0.72421875 0.6828125 0.08984375 0.08515625
4 0.81640625 0.72890625 0.084375 0.09296875
4 0.02734375 0.3921875 0.05390625 0.1
4 0.146875 0.43359375 0.08125 0.075
4 0.5984375 0.60546875 0.08359375 0.09375
4 0.6640625 0.5515625 0.08671875 0.0734375
4 0.78515625 0.6046875 0.0875 0.08671875
4 0.878125 0.63046875 0.08203125 0.10859375
4 0.5375 0.515625 0.09921875 0.0875
4 0.12421875 0.33203125 0.08203125 0.0765625
4 0.0390625 0.29375 0.078125 0.08203125
4 0.23359375 0.37578125 0.0859375 0.08046875
4 0.26796875 0.4421875 0.08671875 0.06484375
4 0.34921875 0.42890625 0.09921875 0.1375
4 0.54296875 0.41953125 0.08671875 0.06640625
4 0.6203125 0.465625 0.07734375 0.07578125
4 0.75234375 0.48046875 0.08359375 0.075
4 0.84140625 0.52109375 0.0828125 0.07421875
4 0.93828125 0.52578125 0.09453125 0.08046875
4 0.13671875 0.2078125 0.084375 0.06484375
4 0.2265625 0.25390625 0.08359375 0.07734375
4 0.32109375 0.26875 0.0671875 0.0765625
4 0.1875 0.11328125 0.08203125 0.04765625
4 0.28359375 0.1734375 0.08359375 0.07265625
4 0.4046875 0.271875 0.0796875 0.08515625
4 0.478125 0.34765625 0.08359375 0.071875
4 0.58046875 0.35859375 0.06796875 0.08203125
4 0.6609375 0.396875 0.08203125 0.07578125
4 0.84921875 0.4359375 0.09609375 0.08515625
4 0.9546875 0.421875 0.08984375 0.07734375
4 0.74609375 0.36875 0.06953125 0.06953125
4 0.9515625 0.34296875 0.0921875 0.059375
4 0.91796875 0.2421875 0.07578125 0.08671875
4 0.83984375 0.30078125 0.0984375 0.06875
4 0.80234375 0.18046875 0.075 0.08203125
4 0.6921875 0.30625 0.14921875 0.08203125
4 0.48671875 0.265625 0.07734375 0.07265625
4 0.3859375 0.1609375 0.06171875 0.07578125
4 0.46875 0.1984375 0.0765625 0.084375
4 0.59296875 0.228125 0.07578125 0.08359375
4 0.69453125 0.19765625 0.08125 0.06953125
4 0.71171875 0.10859375 0.084375 0.0734375
4 0.52578125 0.134375 0.1734375 0.0859375
4 0.3265625 0.0984375 0.10078125 0.0546875
4 0.4 0.0625 0.0765625 0.06015625
4 0.56328125 0.053125 0.17109375 0.0671875