5 0.5 0.6296875 1 0.73984375
4 0.590625 0.43515625 0.1 0.07421875
4 0.6296875 0.5453125 0.1078125 0.08671875
4 0.44140625 0.50859375 0.11328125 0.07265625
4 0.34609375 0.54375 0.1015625 0.06875
4 0.5453125 0.625 0.08984375 0.0546875
4 0.84375 0.59140625 0.1328125 0.09765625
4 0.73984375 0.60390625 0.1171875 0.05859375
4 0.6828125 0.7390625 0.15 0.14140625
4 0.78046875 0.43984375 0.10390625 0.0828125
4 0.653125 0.35078125 0.1 0.0484375
3 0.24375 0.51015625 0.28125 0.2546875
3 0.48046875 0.33125 0.171875 0.13125