5 0.41328125 0.5 0.8265625 1
4 0.5448320698093674 0.5802641163513732 0.09258869480442442 0.11724945499752551
4 0.42804399026406265 0.6082397094085398 0.10525233603812652 0.12727955223856355
4 0.49844976786020273 0.4203435617379604 0.0928068831160271 0.1297494549975255
4 0.4798964111224997 0.32062684475464714 0.08633869480442442 0.11692190637700665
4 0.36335597321793406 0.5132824135015542 0.07203073295387145 0.10212242198083885
4 0.3439614963531426 0.819488147897722 0.12290348620028232 0.15474281094499104
4 0.3505035970017657 0.7129924864323327 0.07877165665497757 0.13057497060135786
4 0.22531841071875788 0.6407190959978426 0.16865236282348778 0.1821175384437538
4 0.5079382215963764 0.7710871901866628 0.10207278896022594 0.12399077792830404
4 0.6192905531702759 0.6520738393275802 0.06750687418757337 0.11125176051544958
3 0.531601007306896 0.22035020579049514 0.30720812256272045 0.33924172094004207
3 0.669138368915863 0.4793047246736877 0.16119441882984215 0.202020602668105