5 0.49609375 0.48828125 0.98046875 0.9296875
3 0.29140625 0.7015625 0.16328125 0.115625
3 0.178125 0.4421875 0.1 0.04453125
3 0.27578125 0.36875 0.140625 0.15703125
3 0.4875 0.77109375 0.17890625 0.19609375
3 0.51171875 0.671875 0.121875 0.14375
3 0.6203125 0.72734375 0.1265625 0.1375
3 0.8078125 0.61015625 0.07890625 0.125
3 0.53515625 0.24296875 0.07421875 0.1125
3 0.52109375 0.42109375 0.13125 0.1234375
3 0.64765625 0.24453125 0.096875 0.07265625
3 0.303125 0.5359375 0.06640625 0.125
3 0.63359375 0.428125 0.07265625 0.103125
6 0.2265625 0.5734375 0.1296875 0.153125
6 0.37109375 0.5765625 0.13125 0.1
6 0.553125 0.55 0.109375 0.134375
6 0.740625 0.7359375 0.1046875 0.1515625
6 0.34375 0.29140625 0.1 0.09296875
6 0.43828125 0.22578125 0.1078125 0.096875
6 0.4546875 0.31796875 0.115625 0.1140625
6 0.7375 0.35390625 0.24375 0.17109375
6 0.77265625 0.49453125 0.103125 0.09140625
0 0.4296875 0.43828125 0.08515625 0.1265625
0 0.53125 0.31328125 0.05390625 0.1171875
0 0.63125 0.5234375 0.07109375 0.0984375
0 0.65859375 0.6640625 0.1546875 0.096875