5 0.5 0.5 1 1
4 0.3531735656515625 0.9020228422231703 0.12064277210332372 0.12420809553293921
4 0.23341264660951716 0.8236901728689136 0.11724498746358769 0.11468754631872749
4 0.08363761863369865 0.7283133986760925 0.13654055674305987 0.13431084160399784
4 0.05612182746139368 0.6288741708019989 0.11224365492278736 0.11207196856846871
4 0.037498685339381346 0.486412688998964 0.07499737067876269 0.11345037799792798
4 0.050304393804618486 0.37932793507002255 0.10060878760923697 0.10160534946188075
4 0.13217337318604516 0.45833053846084476 0.09606866943775674 0.08405397642635144
4 0.3269941282006101 0.5112137516526298 0.18993834138279597 0.14616017824559702
4 0.17825509982908017 0.5684354385846792 0.13126202335696496 0.11378001778268043
4 0.19881398924595434 0.6953446949948201 0.1397110208496825 0.13601889081820956
4 0.2711269099373523 0.6298695523145836 0.11228470282385157 0.10509422249741007
4 0.3286546019406512 0.7498952619917121 0.13613137978345566 0.12024834160399785
4 0.4307566595416409 0.7898546360606986 0.1205973079967011 0.12264559553293938
4 0.5291904963720903 0.9289963728261323 0.11296666442319178 0.12853172249741007
4 0.46449882521847397 0.6787737408992628 0.11586434389007838 0.1208647717116218
4 0.655167974664478 0.9012245913946009 0.11674488229073816 0.09750004631872748
4 0.5994157313283954 0.8008392936281312 0.11269387978345584 0.11915672249741008
4 0.6780324763138306 0.7606916366798713 0.1156824874635877 0.1146147717116218
4 0.7603388594624987 0.8357152154635875 0.11434730799670093 0.12235449710451576
4 0.04943874419401225 0.2635937731593638 0.056398415676833034 0.11497433664159917
4 0.14897809144930294 0.3378553726212445 0.10442673871722893 0.10316784946188076
4 0.5687376958307296 0.6452956149682494 0.1127848079967011 0.12228172249741007
4 0.6511697626029193 0.608454894537754 0.11063127461060632 0.1018964478903042
4 0.7619959508452945 0.6981060535529287 0.1157279515702104 0.1161772717116218
4 0.8503848494333688 0.7522905934615155 0.1148019490629281 0.13797949710451576
4 0.5304912012410059 0.5347733378799442 0.1283643438900784 0.12144696856846852
4 0.15296456096620198 0.22773550992479744 0.1059892387172289 0.10324062406898663
4 0.08826321496455251 0.1660488391227985 0.07625627461060622 0.10029540653397531
4 0.2539982120615586 0.30441363399378407 0.110813131037097 0.10814644789030421
4 0.27208297083704724 0.38192220388616016 0.10879598997087019 0.09244867328319835
4 0.35864259646386787 0.3914299445805353 0.1408021594086269 0.17351889081820956
4 0.5614804399582349 0.43764578080784966 0.11040395407749273 0.0940839478903042
4 0.6298379833734595 0.5081081381276132 0.10130173871722885 0.10302230024766904
4 0.7620678101747791 0.561205367035164 0.10755173871722885 0.10331339867609249
4 0.8422577638565606 0.6283072839082215 0.1058983105039836 0.10011562406898662
4 0.9297888560972863 0.6582002992097025 0.09670516693047411 0.10592897642635143
4 0.19961590360263912 0.10317431162020854 0.10567098997087018 0.09230312406898658
4 0.2796240008579298 0.17652622849326605 0.10755173871722894 0.10331339867609249
4 0.37382263024567414 0.21924672952672336 0.0918358105039836 0.09946065260503385
4 0.2759487345605938 0.033974855457736756 0.09810253087881238 0.04669952564056316
4 0.3605761356559505 0.10988884615211185 0.10750627461060613 0.10175089867609244
4 0.45910090069964526 0.24590558291754547 0.10626202335696497 0.11261562406898662
4 0.514094626089039 0.34547324338046226 0.1074608105039836 0.10018839867609249
4 0.6169552016367174 0.3862502547530018 0.09201766693047428 0.10571065260503384
4 0.6894690476383668 0.44830079859052996 0.10598923871722885 0.10324062406898663
4 0.8736645397208079 0.54371611413968 0.12354045157021006 0.11654114474715094
4 0.9571218974009399 0.5522970556198433 0.05893238229073816 0.0948073858558109
4 0.7850088681714803 0.44492754962398723 0.09326191818411544 0.09484592721213972
4 0.9681025129986306 0.4706660659589256 0.04124477711788899 0.0768193651776464
4 0.9689185184089071 0.36196315404826673 0.04688702335696497 0.109850188998964
4 0.9012620054767833 0.40183898324626777 0.1215233105039836 0.10084337014004525
4 0.8942344186463339 0.2669545609965268 0.09987563103709682 0.10763702564056317
4 0.7474610555559256 0.3641655471427879 0.17854620031656906 0.13002575599585597
4 0.5454104737400411 0.2640070736119206 0.10121081050398359 0.09989730024766903
4 0.4696101548562804 0.12670181864952185 0.08554034639736088 0.09760705417661045
4 0.5460302508579298 0.18893429900481473 0.10309155925034226 0.11090757485477484
4 0.6653509006996453 0.2555118310555187 0.10148359514371955 0.10927230024766903
4 0.778032757126136 0.2545016027671404 0.10424488229073817 0.09691784946188076
4 0.8196867112036287 0.16725846794478685 0.10906877461060631 0.1018236732831983
4 0.6209907984297895 0.14001095553879003 0.20381898495630538 0.14056514970954975
4 0.4248265037609237 0.052643580436346135 0.11909699247815268 0.0710830955329393
4 0.5079572525072825 0.04556313461295659 0.090335494985435 0.04789815260503387
4 0.6774513985880742 0.08162056678749505 0.18990959765100204 0.09154545285270291