5 0.5 0.5 1 1
4 0.9463543476039981 0.58046875 0.10729130479200392 0.1
4 0.9031872332684483 0.7109375 0.09938718775644091 0.1
4 0.8505291013669565 0.87578125 0.11721135771838505 0.115625
4 0.7636949462337601 0.93046875 0.0952090237259963 0.1125
4 0.6332235376405226 0.96875 0.09629667984777565 0.0625
4 0.5237530371462311 0.96640625 0.0839876808363588 0.0671875
4 0.5781593528498312 0.8828125 0.07062551779449713 0.084375
4 0.5801980608350463 0.68359375 0.11475220258518863 0.1703125
4 0.6723285055115695 0.81640625 0.09383752471457925 0.1171875
4 0.7884509126219322 0.77109375 0.1157761917107738 0.11875
4 0.707220817260837 0.7140625 0.0899485207602467 0.0984375
4 0.8079118839530202 0.63515625 0.1017136917107738 0.11875
4 0.8207381947137042 0.528125 0.10570085475263546 0.1015625
4 0.9282403355124446 0.40546875 0.1131313527754692 0.0921875
4 0.7046675257403436 0.5171875 0.10550985376405234 0.096875
4 0.8695908942959625 0.2890625 0.08070085475263547 0.1015625
4 0.7882719101132932 0.3640625 0.10544618676785777 0.0953125
4 0.72843931228074 0.2953125 0.09932352076024671 0.0984375
4 0.7785255425090766 0.2015625 0.1069450197716634 0.09375
4 0.45894643783080313 0.890625 0.08806768577927464 0.090625
4 0.64537875596868 0.4234375 0.1068813527754692 0.0921875
4 0.5893250741437381 0.3515625 0.08669618676785795 0.0953125
4 0.647544797946284 0.22734375 0.09925985376405233 0.096875
4 0.6756286941822317 0.13046875 0.1241325197716634 0.09375
4 0.5501418518240669 0.4828125 0.10133168973360754 0.109375
4 0.3510848582870386 0.90859375 0.08969385277546911 0.0921875
4 0.30913212163291154 0.971875 0.09059050790866544 0.0375
4 0.39884458456104244 0.79609375 0.09294618676785786 0.0953125
4 0.4693507441428631 0.7625 0.0772575197716634 0.09375
4 0.45650589285026866 0.67734375 0.15458402372599628 0.1125
4 0.44891493285070627 0.471875 0.0772575197716634 0.09375
4 0.49804349954288946 0.39296875 0.08787668479069151 0.0859375
4 0.5150652203796857 0.2546875 0.08656885277546919 0.0921875
4 0.5597782011023138 0.16328125 0.08656885277546919 0.0921875
4 0.5657642628515813 0.0609375 0.09332818874502422 0.1046875
4 0.21982027083460873 0.8890625 0.07719385277546911 0.0921875
4 0.26997016805913965 0.796875 0.08975751977166349 0.09375
4 0.28620798030269856 0.696875 0.08749468281352524 0.0765625
4 0.12055775847731906 0.83046875 0.05838018577927473 0.090625
4 0.1852649042189752 0.73125 0.08500635277546911 0.0921875
4 0.2904869620139099 0.61015625 0.09894151878308026 0.0890625
4 0.3718696131927735 0.53671875 0.08338018577927464 0.090625
4 0.38466409045536043 0.42890625 0.09374468281352524 0.0765625
4 0.42585282315515494 0.346875 0.0881313527754692 0.0921875
4 0.46939328163466154 0.15 0.09964185574121878 0.10625
4 0.4557207593915402 0.04453125 0.08956651878308045 0.0890625
4 0.397909553877783 0.25546875 0.07968218281352515 0.0765625
4 0.37287642589344294 0.04375 0.07075285178688588 0.0875
4 0.2668001808363588 0.0671875 0.09881418479069151 0.0859375
4 0.32726944863085594 0.1515625 0.0808918557412186 0.10625
4 0.19973203904903541 0.18515625 0.09556185079830275 0.0828125
4 0.33129239825029516 0.3078125 0.10187020060802236 0.1609375
4 0.285359110227024 0.52265625 0.0863141847906915 0.0859375
4 0.1738406314815622 0.6234375 0.08567751482874764 0.0703125
4 0.2140889466908707 0.5375 0.0972516847906915 0.0859375
4 0.2478989195048334 0.40859375 0.09562551779449713 0.084375
4 0.21691156326932318 0.3 0.08175401878308027 0.0890625
4 0.1222383918245045 0.27734375 0.08669618676785787 0.0953125
4 0.14744793334499784 0.47421875 0.10764003954332697 0.1875
4 0.10669689383885188 0.68203125 0.0685191897336074 0.109375
4 0.06988796053103512 0.603125 0.07218801779449713 0.084375
4 0.06203967395345765 0.4296875 0.0887627055509382 0.184375