5 0.5 0.5 1 1
3 0.764725111903274 0.33959732468063136 0.19834187476889084 0.16119441882984215
3 0.8000869842313894 0.6271149155900219 0.11459134890464355 0.07383869480442443
3 0.6823168110327089 0.6760217942418222 0.18849551332783515 0.19850350405718978
3 0.5909275622198432 0.22081787135149494 0.23990490063313813 0.24781375730360064
3 0.5390491619824164 0.31308323782843067 0.1644669799417402 0.17778190097293473
3 0.4477542237400411 0.23034465016545108 0.16906355172849494 0.17473872158978576
3 0.22704926715526583 0.30135044561849866 0.11516566191590938 0.14724892126547412
3 0.3877113531942925 0.7373855827950109 0.1069439849563052 0.13305005357072233
3 0.45447661902941006 0.5628707780064724 0.16709187476889084 0.16064894805083546
3 0.27770586738005737 0.707290754060485 0.11848923871722886 0.10045574188232517
3 0.7045735589211379 0.5015030353133685 0.10413723370266403 0.14393300649282176
3 0.34543423964166575 0.5265123125024715 0.10354620031656907 0.12362050649282175
6 0.790988432040676 0.48359674067109976 0.17576819279472175 0.1904728157455871
6 0.6492244808661771 0.4446860194850559 0.16015991316955044 0.13710235389503395
6 0.46160246041220604 0.42531623092857185 0.14847826708875883 0.1650091655834313
6 0.3309448084589195 0.19256005235620172 0.15054087226160834 0.1822239391223816
6 0.592307924981047 0.7369377491925164 0.12845527210332364 0.1209318831160271
6 0.47864859026216877 0.7787451939969409 0.1380121285298145 0.12734552434972937
6 0.4900383828194636 0.6825014395327139 0.14954066191590928 0.14784893912238176
6 0.2206328164429853 0.5755419220795484 0.2959275801000249 0.24098310470581286
6 0.22809963862545138 0.42626862500164764 0.13001777210332383 0.12095915665497756
0 0.5503657805496079 0.5682247053610266 0.12311455423577726 0.15207278896022594
0 0.41239075593900176 0.6674588664802309 0.0898019490629279 0.1343125446422686
0 0.3762643539857152 0.4330526388013654 0.10033027210332382 0.12044095941492117
0 0.39076242616818135 0.28365661079818816 0.18368834138279588 0.140636456979289