5 0.5 0.5 1 1
3 0.3443732104778009 0.2254322237402643 0.15423402380771342 0.19775691149637398
3 0.6315277768327755 0.15266669603278654 0.06783291549465283 0.11406680810555185
3 0.6861021682251274 0.26499972208763445 0.19009880093507653 0.18693072745980874
3 0.2321646228491958 0.415083382755439 0.23879992134838535 0.23449924028009034
3 0.32852199326250475 0.45592024441842877 0.1743374455488822 0.1627654813887501
3 0.24862593588452064 0.5581056366843804 0.16810562626704142 0.16559938296032684
3 0.3287866554375079 0.7700555190255346 0.144368144417414 0.11294526385373889
3 0.7596725201934762 0.553058340160765 0.13183178298109546 0.10611306699689198
3 0.581238447984769 0.5082296453708327 0.15405221662612084 0.1665069114963739
3 0.7345503212267483 0.6675403711780117 0.09441359621281205 0.11842897642635145
3 0.5094942164297293 0.26541075269059633 0.14117042154477702 0.10029971463952717
3 0.5506474990180413 0.62296638751295 0.11930451190385653 0.10084337014004525
6 0.4886817466803503 0.1804193225829725 0.18532948770335977 0.17264990363849114
6 0.45515669525429453 0.32811411393930134 0.1305874455488823 0.16072779238978613
6 0.44376571906200796 0.5193213107961482 0.16019313231716553 0.14804800992479733
6 0.2149508935336512 0.6800191780407092 0.175809041958086 0.14721325599585597
6 0.7498833879745064 0.3479898504998472 0.11632495764913067 0.12569782092583343
6 0.7973992582896193 0.4559628622866715 0.12263859016268785 0.13692641935425698
6 0.7005060775714601 0.45734988792723463 0.14145222267624522 0.14873721463952716
6 0.6036957518467118 0.7416221881749037 0.22821694535249043 0.2949273180303493
6 0.45450427292395057 0.7532596631535131 0.11478063836728988 0.12875004631872766
0 0.5838043909013726 0.411990346156621 0.14752950585373234 0.11934081306795061
0 0.6892463907049808 0.5368019474805286 0.13171360831306062 0.08580056699689198
0 0.4544128484523073 0.6032232758499602 0.11617042154477701 0.09913532092583352
0 0.3051850080932277 0.6086107508285695 0.13227721057599684 0.18267556699689197