5 0.5 0.378125 1 0.75625
4 0.38439972641671905 0.5515435401813371 0.10585318511654282 0.0799250535707225
4 0.3523635311333752 0.44045208157719495 0.11410219473518968 0.09256142126547413
4 0.5391169974681113 0.48091562013367894 0.11986112141421187 0.07860801542127546
4 0.6378918033658938 0.44717977394928277 0.1071974303072194 0.0737023271096728
4 0.4440996525475872 0.36233498985702556 0.09420635698624161 0.05942163879807012
4 0.14174597886378976 0.3902550328744412 0.1411012043538365 0.10552507142762994
4 0.24595232922660948 0.37984759253424355 0.12254961179556503 0.06616256249917622
4 0.3131175257758977 0.24516290097623 0.1613789880191005 0.14960235389503396
4 0.19493792233303503 0.5439197751638034 0.10930556733052796 0.08935460064862326
4 0.3158555683420182 0.6362827788172514 0.10341766587924912 0.05489778003177222
3 0.7373908063611188 0.48213938068698575 0.3014633293962454 0.2707251517837136
3 0.4883927672535592 0.6590366659937636 0.18136410580511536 0.14058190990138844