6 0.9876948608344203 0.4508955146170871 0.024610278331159564 0.11482615909060953
6 0.9492145576912672 0.4673932678634981 0.10157088461746575 0.09705800649282174
6 0.8182643881276132 0.6299904995995534 0.08212760339082195 0.08730117694751698
6 0.8561325692686943 0.7043904817426461 0.09604455417661058 0.08442163879807012
6 0.7864943114108115 0.7368814277648864 0.10414815260503403 0.09080800649282175
6 0.7626180097154005 0.6942945073101912 0.06170378742738745 0.05103639448011279
6 0.702241281841307 0.657036015020829 0.08027400496239885 0.08102390340856651
6 0.5869651923042236 0.7169076672115796 0.0888142510334573 0.09678527110331832
6 0.5911497322128104 0.8067514172115796 0.08139985731976367 0.07167617694751698
6 0.5859592721213973 0.8967588084452818 0.11308650496239885 0.08159664772652384
6 0.9244053420137736 0.9111802240320083 0.07532963978475209 0.04190685633066593
6 0.6414323302269491 0.9630326448904454 0.09764128742738745 0.0516636858759707
6 0.5210277849416789 0.9463690706201463 0.07224318114108108 0.07620003571381488
6 0.516096228283869 0.8236991838506711 0.09746150496239867 0.08132391233702023
6 0.46947163130318775 0.7627440929412806 0.06519266046291676 0.058903441558013726
6 0.4171943095487848 0.9497452609603438 0.11323205417661039 0.08472164772652384
6 0.34992111062502324 0.7476293819015065 0.08979455417661039 0.0843125446422686
6 0.7438421610820892 0.29116950731019126 0.10298375889134022 0.06580800649282174
6 0.6856272466902311 0.2499638547124035 0.06955482878371626 0.0855204886359143
6 0.992207905602962 0.35714551461708716 0.01558418879407597 0.04254205600635439
6 0.7776798519430801 0.12794675852800724 0.09564644789030421 0.10939436525911975
6 0.719430704300445 0.1195808794691698 0.06875430810555194 0.06833298863591426
6 0.5448502353176916 0.14843040260108306 0.0690454065339754 0.07458298863591431
6 0.45212973428423436 0.05465885755177726 0.07693068114108108 0.07628185633066598
6 0.3893193651776464 0.03292377394598743 0.08743153349844608 0.06584754789197486
6 0.35040672249741 0.10334754789197487 0.043608758891340214 0.06477161201270883
6 0.4348373804791274 0.11985716355813167 0.09985875889134022 0.06575345941492108
6 0.47438153163641916 0.2638156692401745 0.07253427956950453 0.08245003571381489
6 0.5698075016526298 0.3317377804421045 0.07380568114108108 0.07622730925276536
6 0.5583306542576636 0.42107301583160794 0.10974318114108109 0.07685460064862308
6 0.442493792594674 0.5192668283307841 0.07522263192686936 0.07312958279171564
6 0.3546149569865321 0.5630225568204287 0.08467040653397531 0.07485572402541756
6 0.37738467700274275 0.6322128875835494 0.07209763192686953 0.07307503571381488
6 0.3183178920565547 0.6230793952941871 0.06235875889134013 0.06509889448011279
6 0.2867917562007438 0.5673339557647684 0.06548375889134021 0.06515344155801354
6 0.3033241689399721 0.2675833717552368 0.0739512303552929 0.07935230925276526
6 0.300304022745079 0.20273962175523677 0.07827485731976358 0.07162162986961632
6 0.24583915467194845 0.27562374269639933 0.07892982878371627 0.08568412986961631
6 0.24313799379474696 0.36871522362167586 0.05992296360606986 0.046321620941162586
6 0.2373396040099947 0.3281584074690517 0.06741013192686944 0.07299321509696392
6 0.21276344313279322 0.421631717939633 0.07522263192686944 0.07312958279171564
6 0.1361474392038518 0.4386067581176748 0.07700345574818704 0.07784435633066593
6 0.16847624979060302 0.545160721186044 0.07569351282028158 0.04971935633066593
6 0.17825354838564217 0.30182377841021435 0.03902826674922304 0.0334670649348082
6 0.5667273893704675 0.18166959659472864 0.04985875889134021 0.0648807061685102
6 0.600646471049668 0.15449344196834597 0.058035131926869356 0.07282957386326191
6 0.2365928188544096 0.8661084208617323 0.08052656203449331 0.05292617694751698
6 0.3433950905660314 0.9768356408299603 0.040736315963434674 0.03661933847375849
6 0.2360812425518927 0.821549897322782 0.06028683664159917 0.054134120941162676
6 0.20562745512450525 0.7720408210238882 0.0698073858558109 0.05742276217486442
6 0.24257518341288353 0.6588044354722289 0.038848484284234264 0.0631272913958579
6 0.12402423655603667 0.6483635876629796 0.058360463606069855 0.04629434740221221
6 0.11952298117935319 0.7195937053577313 0.05345463978475231 0.041525026785361165
6 0.0736196681114026 0.5734005438314899 0.04978598428423431 0.06331820616851011
6 0.1392062425518927 0.823240856737703 0.07322348428423431 0.06372730925276535
6 0.1590907111203613 0.94799539488715 0.05323631596343472 0.03683752678536116
6 0.15380174358535 0.9183760787345259 0.04066354135632886 0.03505683847375849
6 0.284512048799927 0.14906519683631464 0.05410961124870504 0.055587526785361205
5 0.5 0.5 1 1