1 0.45133808960042926 0.9295632175098838 0.10709709765100221 0.08342155405833437
1 0.34048785464412407 0.7989359071068376 0.12068823620994654 0.12099427693097127
1 0.9648630996960662 0.7983565857818933 0.07027380060786755 0.10209883118569749
1 0.8917344544066973 0.7043071248131131 0.08972774122451135 0.07707156010845857
1 0.9771339475781774 0.6365560225501768 0.04573210484364516 0.0784886143631848
1 0.7630949773679508 0.6605167390781019 0.10397209765100204 0.08340337334017515
1 0.67771741851332 0.7071150040070208 0.0820516335443795 0.0817136083130606
1 0.5907797081676209 0.6732399737563997 0.07938127461060632 0.0973204275949012
1 0.1147985667056827 0.5080119670189045 0.09776756175762476 0.08492951190385671
1 0.10470684969606614 0.3760170784552229 0.09781302586424748 0.08649201190385672
1 0.20791206921296518 0.48559154547412736 0.0773641335443794 0.08168633723582168
1 0.4067527344940868 0.4445842295119363 0.08628449247815269 0.06611587939029935
1 0.5780654448397857 0.47796838037225803 0.0829321719450391 0.058285198672140125
1 0.7008557386507219 0.5624246727231274 0.10865959765100222 0.08343064441741391
1 0.7127048692921074 0.5131286546709507 0.09878449247815269 0.06618860226293641
1 0.8291936873179384 0.542143468099059 0.11679034639736088 0.09441359621281205
1 0.992620723673534 0.4864514834207612 0.014758552652931911 0.06578862646343317
1 0.9516584060434145 0.34686680865453035 0.07700042069139812 0.06918633723582168
1 0.729655373910961 0.3169030944642962 0.07360263605166181 0.05979315651766246
1 0.6791408968722146 0.2726581907753042 0.09892088479802066 0.07087610226293624
1 0.6615609402874393 0.2055615943661004 0.05172763605166182 0.059665891490547726
1 0.5029815621533362 0.23383256099222133 0.11284699247815269 0.06627041549465282
1 0.327817740762293 0.3903467022863774 0.045386707838416564 0.056504530054229285
1 0.4362750984424249 0.3850274223303439 0.06726170783841638 0.056631795081344014
1 0.24526600204506402 0.2923728105994379 0.07976170783841656 0.056704517953980904
1 0.3258795045523465 0.2700251119272978 0.08655727711788871 0.07549087939029935
1 0.49182904578949316 0.8441569826351942 0.13890938730530317 0.04923745159900648
5 0.5009092821324537 0.5283410850945224 0.9981814357350928 0.9433178298109552