6 0.04376734160881312 0.33809428936726293 0.08753468321762624 0.09991027110331832
6 0.23117804501319134 0.22160839854059797 0.08279763103285882 0.09045345048646736
6 0.22639383049255385 0.13502601623534968 0.09836806733052797 0.08916368587597075
6 0.3079166490042081 0.125795292209932 0.10790675843752044 0.0940148271096728
6 0.3139558286784553 0.1764401745151803 0.06430060217691827 0.05265344155801359
6 0.3572221898410482 0.23424299188562045 0.08263393992586625 0.08576595048646736
6 0.4953223905666876 0.21465542045799052 0.09104664065150558 0.10308981818121907
6 0.5305183353018773 0.12347131290950855 0.08537699400955034 0.07488299756436803
6 0.5741716207812397 0.03883878591898115 0.11846231252120454 0.0776775718379623
6 0.6573115029952248 0.025222953332431703 0.06876984736759476 0.04648526217486463
6 0.6106051393855612 0.13300422565356604 0.10127481252120454 0.08296823295387142
6 0.6313690179713494 0.20915762256931095 0.06931548439090332 0.062110262174864594
6 0.7626339200556004 0.04993085268380858 0.11490080290255769 0.07071369480442449
6 0.7426041291339422 0.2657740409954113 0.09524306733052797 0.08910913879807011
6 0.16076132977476362 0.5835550194817605 0.10854167549789592 0.06747960064862327
6 0.20001231353269483 0.6445510206995765 0.07186013103285882 0.09026253571381489
6 0.0578942462021669 0.7344783656661569 0.09929565027015248 0.1157261858759707
6 0.11076378585788065 0.76322492857237 0.07115080290255764 0.06995003571381489
6 0.2955008844066018 0.7943543774372797 0.06986112141421189 0.0777352621748646
6 0.34730394266663706 0.9207162800350673 0.07772818511654282 0.07943412986961604
6 0.3997915364060348 0.9604003429412806 0.09129961179556512 0.06561709172016919
6 0.4672717022852839 0.9061298543053663 0.04609623920022674 0.06795115909060953
6 0.39234611335520964 0.860591257713933 0.10390873920022674 0.06896028003177221
6 0.41501726543946055 0.7032599987854793 0.0764385036281972 0.08721935633066594
6 0.3497866242398008 0.6036787844992942 0.07622024881887368 0.08096935633066593
6 0.3972370323145015 0.5193077386392095 0.11366568511654282 0.08006142126547414
6 0.5546427937472469 0.4611252715136507 0.07923612141421188 0.0778989034085665
6 0.6596849578123976 0.449141694403978 0.08710318511654283 0.07959777110331831
6 0.6662921110777749 0.37172976055660206 0.07449405771188111 0.07625458279171564
6 0.7199429007334887 0.40046268669334023 0.06484623920022692 0.06827844155801355
6 0.7285341615332619 0.46745927192068787 0.06802580290255769 0.0698954886359143
6 0.5840375947508881 0.7596485462704171 0.07627481252120454 0.08253185633066593
6 0.5591169511041576 0.8248877625851969 0.08068949400955035 0.07480117694751698
6 0.6437573351322412 0.7710985150208289 0.08128969473518968 0.09198867694751697
6 0.6860118117185963 0.6790104265470704 0.06251984736759475 0.04637616801906326
6 0.6743277780533323 0.7229377045502476 0.06829862141421188 0.0777079886359143
6 0.7381844361280331 0.6382802865311845 0.07761905771188111 0.0763091298696164
6 0.820669553914048 0.6462097889668164 0.07939981252120454 0.08258640340856668
6 0.8356447678865313 0.5303938741941641 0.08148810217691818 0.05295345048646745
6 0.7211283669834068 0.7689672248427872 0.0402083377489479 0.03349433847375849
6 0.2883257906672041 0.7538793819015065 0.05234623920022674 0.06806025324641088
6 0.2424949354950609 0.7695140645310664 0.06048612141421188 0.07757162094116268
6 0.9045981868458233 0.1879921400224766 0.08305060217691818 0.05298072402541765
6 0.8486805474602621 0.045305808041539886 0.03842758293962447 0.027217064934808154
6 0.8866914350317249 0.2312472621814552 0.06128472958157971 0.055723894480112876
6 0.8955009506408214 0.2919938474088028 0.07238592068857272 0.06060230925276526
6 0.8116219692451431 0.3910546846647453 0.03979167549789579 0.0662795649348081
6 0.9222668033658937 0.44221598986032085 0.06106647477225664 0.04947389448011297
6 0.9574528244172861 0.3736744955423637 0.05616071996293322 0.04314207386326192
6 0.9401140130772078 0.5348165470844912 0.0522916754978958 0.06649775324641087
6 0.9675222835804458 0.26419040138656236 0.04760417549789579 0.06641593262955983
6 0.5516020622667505 0.8835769699715232 0.0567063569862416 0.05876707386326174
5 0.5 0.5 1 1