1 0.8701710461094997 0.5941148951730024 0.09288195916316014 0.11300401878308027
1 0.7204587335882952 0.6813495928152753 0.1292559687818068 0.1269683596955513
1 0.8571279645206374 0.052714539981847 0.11141370435383635 0.105429079963694
1 0.7453521616180798 0.12487675832859488 0.08441469473518967 0.09393568380210837
1 0.6982539615254126 0.027940680304886202 0.08041667549789597 0.055881360609772404
1 0.6756621657944312 0.24395702216875934 0.09271826805616748 0.10831651878308027
1 0.702938939208076 0.3341217657429687 0.08888393992586625 0.08787668479069151
1 0.6517459722403678 0.41500169262499487 0.1044543762235353 0.08695085475263546
1 0.39212785854588617 0.8569968275294171 0.09250001324684387 0.10206651878308044
1 0.26145077742036016 0.845938605209746 0.09567957694917481 0.1037563527754692
1 0.38996021253690294 0.7626884120160975 0.08715774881887359 0.08312551779449713
1 0.3915847438399142 0.5597862465027779 0.07336806733052796 0.09036501482874755
1 0.46048605517999236 0.39627023315690496 0.06544643992586625 0.08692167984777566
1 0.5679662276826634 0.28969262790997796 0.09288195916315996 0.11300401878308027
1 0.5234449013664608 0.2688827207996153 0.07375001324684405 0.10130251482874764
1 0.5764012649761245 0.15984596041949198 0.10409227767481433 0.12126218775644104
1 0.4121626941022175 0.024359376958575825 0.07567461179556503 0.04871875391715165
1 0.3371279446503716 0.2203045938410395 0.06668155771188111 0.07761034684397003
1 0.28411950653860396 0.26381185471545443 0.08010914065150558 0.10468218281352523
1 0.21601434728277677 0.2704876190499104 0.06279266587924912 0.055608012851581276
1 0.2096403177938641 0.4306757025480076 0.07580358656782167 0.1154286818249421
1 0.32288681834201827 0.6281170938410395 0.06101191106992569 0.049294345855386903
1 0.34068693195168187 0.5205128408752899 0.06172123920022674 0.0696068458553869
1 0.21132927024878398 0.6950737835746469 0.06533731252120453 0.08379667984777565
1 0.20646321017465025 0.6110171185556188 0.08123513103285881 0.09224584980971962
1 0.796381371244576 0.5401714944884304 0.06110616950744614 0.14135451186299797
5 0.5 0.4997134985171252 1 0.9994269970342504