6 0.44609375 0.97890625 0.1078125 0.0421875
6 0.44140625 0.91796875 0.08125 0.0859375
6 0.31015625 0.75625 0.0734375 0.0640625
6 0.23125 0.77578125 0.06875 0.07890625
6 0.2125 0.70234375 0.07265625 0.0875
6 0.25859375 0.68828125 0.040625 0.053125
6 0.30546875 0.63828125 0.06875 0.0640625
6 0.26953125 0.5140625 0.08359375 0.06875
6 0.18203125 0.4984375 0.05859375 0.06796875
6 0.09765625 0.47421875 0.06171875 0.0984375
6 0.0171875 0.79765625 0.034375 0.0703125
6 0.0203125 0.5140625 0.03984375 0.08828125
6 0.06171875 0.40078125 0.0640625 0.05703125
6 0.1796875 0.4234375 0.0640625 0.0828125
6 0.24765625 0.390625 0.04765625 0.05390625
6 0.078125 0.3 0.065625 0.096875
6 0.0078125 0.37890625 0.015625 0.0515625
6 0.284375 0.27890625 0.06875 0.07421875
6 0.64921875 0.75703125 0.04765625 0.0921875
6 0.69921875 0.71015625 0.075 0.05234375
6 0.5375 0.9890625 0.040625 0.021875
6 0.79921875 0.82421875 0.0953125 0.07421875
6 0.81796875 0.77109375 0.05703125 0.0546875
6 0.8234375 0.5953125 0.0640625 0.05390625
6 0.93125 0.5265625 0.0640625 0.0609375
6 0.96875 0.471875 0.06171875 0.0765625
6 0.903125 0.41875 0.0578125 0.03125
6 0.87109375 0.4953125 0.05 0.0875
6 0.725 0.50234375 0.07109375 0.05703125
6 0.6421875 0.58046875 0.06484375 0.05859375
6 0.559375 0.55078125 0.05859375 0.09453125
6 0.48671875 0.4171875 0.06171875 0.0625
6 0.46171875 0.32265625 0.06171875 0.06953125
6 0.390625 0.3296875 0.06171875 0.0578125
6 0.409375 0.27578125 0.05546875 0.0484375
6 0.46953125 0.25703125 0.05625 0.053125
6 0.7546875 0.3375 0.0671875 0.05859375
6 0.8171875 0.3484375 0.059375 0.0640625
6 0.75703125 0.2796875 0.07421875 0.0609375
6 0.66796875 0.2578125 0.03515625 0.0515625
6 0.709375 0.2609375 0.0625 0.0515625
6 0.6234375 0.2171875 0.06015625 0.06015625
6 0.62109375 0.13984375 0.06640625 0.0609375
6 0.51328125 0.14765625 0.0375 0.06875
6 0.7453125 0.209375 0.02734375 0.0328125
6 0.78671875 0.609375 0.05703125 0.03671875
6 0.80703125 0.6484375 0.06484375 0.04296875
6 0.19296875 0.14453125 0.0375 0.07109375
6 0.05859375 0.221875 0.04453125 0.03203125
6 0.23515625 0.153125 0.04453125 0.05
6 0.28828125 0.134375 0.04609375 0.05859375
6 0.38984375 0.19375 0.0578125 0.02578125
6 0.421875 0.0828125 0.03671875 0.0484375
6 0.3546875 0.0625 0.03203125 0.046875
6 0.503125 0.05 0.05546875 0.0375
6 0.2515625 0.059375 0.0515625 0.0625
6 0.128125 0.0515625 0.02890625 0.04609375
6 0.1578125 0.053125 0.028125 0.03359375
6 0.87109375 0.34453125 0.04765625 0.0421875
5 0.5 0.5 1 1