1 0.4125 0.90390625 0.09765625 0.0765625
1 0.31640625 0.7703125 0.1078125 0.1109375
1 0.94609375 0.8078125 0.1078125 0.09375
1 0.8578125 0.709375 0.08125 0.0703125
1 0.95625 0.64921875 0.0578125 0.07265625
1 0.7375 0.66015625 0.09375 0.07578125
1 0.65078125 0.7 0.07265625 0.07578125
1 0.56875 0.6625 0.06953125 0.090625
1 0.11953125 0.47578125 0.0875 0.07734375
1 0.1203125 0.346875 0.0890625 0.07890625
1 0.21171875 0.459375 0.06875 0.075
1 0.40859375 0.43046875 0.078125 0.059375
1 0.571875 0.47265625 0.075 0.053125
1 0.684375 0.56171875 0.0984375 0.07578125
1 0.7 0.51484375 0.090625 0.059375
1 0.81015625 0.54921875 0.10546875 0.084375
1 0.984375 0.50546875 0.03125 0.0625
1 0.94453125 0.3671875 0.0703125 0.0640625
1 0.73203125 0.325 0.06796875 0.05546875
1 0.68671875 0.28046875 0.0921875 0.0640625
1 0.67421875 0.21328125 0.0453125 0.05546875
1 0.51796875 0.23203125 0.1046875 0.05703125
1 0.3359375 0.3734375 0.0390625 0.053125
1 0.44140625 0.37421875 0.059375 0.05234375
1 0.26328125 0.27421875 0.0734375 0.05234375
1 0.34375 0.25625 0.0796875 0.06875
1 0.459375 0.8234375 0.13203125 0.040625
5 0.5 0.54375 1 0.9125