5 0.5080345073997242 0.48532500734966055 0.9393792454646304 0.9706500146993211
6 0.8125487373885883 0.3646955907979183 0.10436133068109008 0.11165455223856365
6 0.7018646813733163 0.2579276916570009 0.11860564401654479 0.12801653663473136
6 0.528526084022908 0.14115402872127364 0.10594201201463563 0.1132989393936934
6 0.5124749173694984 0.2397110374277009 0.0748192813494537 0.12259869629109836
6 0.4513828760343621 0.2296233864777612 0.07296588001272682 0.09751680913596861
6 0.2821607087046346 0.26507064280933934 0.10748633068109026 0.11181832654882307
6 0.45594474872690627 0.4201255557450666 0.09029883068109026 0.11091756784239593
6 0.33780437074313285 0.5459211731124926 0.09636701734563582 0.09562011646291495
6 0.18981176607254213 0.5247532592722541 0.10737724267981759 0.10244332654882307
6 0.6632225414146781 0.5648261448455042 0.11086586935072643 0.1338571008590826
6 0.7950816160884505 0.610291373814605 0.094859061346272 0.10022572930778502
6 0.4635867154280411 0.6737861442796774 0.09013519867918127 0.09685506784239592
6 0.30149579543281363 0.7174586584131715 0.08395792401336308 0.1027775192218769
6 0.45557586278640355 0.8586934107880208 0.07589088534372693 0.08049308344622794
6 0.6832008761139038 0.8037691361390771 0.09478633601209019 0.09397572930778537
3 0.8774015780553611 0.3620785238600336 0.09371473201781733 0.13608134215265544
3 0.6760914273551808 0.12560319256151206 0.0843033693507266 0.13246501922187687
3 0.7398475813971789 0.4318255370890166 0.1592306440165448 0.13014560266810485
3 0.5456430480585428 0.4029170443251059 0.11380905601527207 0.1183958751693421
3 0.5525390327418602 0.5252866892821517 0.17770792401336308 0.10769074852966191
3 0.37564817405313394 0.3719580506566839 0.1658806333545444 0.16484815128862396
3 0.21370215738381587 0.3609021212126132 0.14182496801399935 0.1104948439616777
3 0.24916803739654253 0.4528506037997587 0.11482611600890866 0.07160276232447202
3 0.6882418174331317 0.6995353375185579 0.14364200668363553 0.13245173111680747
3 0.39090428811263117 0.8097070341483406 0.09991018801718106 0.13172139077317446
3 0.38900488609958633 0.7136542277259055 0.07147610534690844 0.10368492198083885
3 0.20376682009863184 0.716326605608781 0.11691587468172662 0.1169971494796016
3 0.5402946660964046 0.6822736736783195 0.08562951201463562 0.11223440637700648