5 0.4816662999380828 0.4834054204579906 0.9633325998761656 0.9020834350586012
6 0.5983515694826006 0.7623644431861619 0.10614730024766902 0.10021028003177221
6 0.6948349253546221 0.6350013279270422 0.1224272717116218 0.11454551542127547
6 0.7957189909037721 0.4466734391289721 0.1077825748547749 0.10180005357072233
6 0.698880378207325 0.4475831485438933 0.11733735731976366 0.0723034683433749
6 0.7040623378844535 0.38660473823546776 0.09531680810555195 0.06879663879807012
6 0.6568706224163567 0.22662181209872964 0.10629284946188075 0.10333528003177213
6 0.5180862965281247 0.4241980158316078 0.10549232878371625 0.08614778003177222
6 0.38580679756158187 0.33127195048976266 0.09164815260503385 0.09058981818121907
6 0.3958089979330854 0.18356115341186194 0.09699062406898662 0.10473413879807007
6 0.3919453658013282 0.651997507713933 0.12667812406898663 0.10525233603812652
6 0.3574889749831186 0.7884259314150391 0.09633565260503385 0.09067163879807012
6 0.27051778370784296 0.47691746144681124 0.09313787799792798 0.08905459172016936
6 0.21585817059711115 0.3264322662353497 0.0973887303552929 0.07976141233702042
6 0.08899380190480806 0.5027238051955756 0.07685790653397531 0.07471935633066593
6 0.16034645533841146 0.7138055811701578 0.09164815260503385 0.09058981818121907
3 0.6063416978948133 0.8254547784135096 0.1305651033908221 0.08814665665497756
3 0.822726638960692 0.5874933080415399 0.1270034557481871 0.07871710957707698
3 0.5269346418561761 0.7035036862863031 0.12275691149637406 0.155143241882325
3 0.5414638304408553 0.508876978899977 0.11134422249741008 0.11122960064862326
3 0.42303916212005577 0.5374849943212524 0.09699493217453839 0.17186709172016937
3 0.5595888999189468 0.33760595089679973 0.1557149607105856 0.15884098620028234
3 0.55692843445085 0.1768457288999769 0.10469611621110371 0.13609323295387146
3 0.4702246470234626 0.2283185000032953 0.0661772717116218 0.11356366801906326
3 0.2624547648917054 0.7003140511383859 0.12515416542531543 0.13957278896022593
3 0.13222157113523042 0.42937207995234183 0.12773120181924558 0.09434210957707681
3 0.22677209181339486 0.4105481676153214 0.099931533498446 0.06731595941492116
3 0.20943269623767433 0.22974818100800207 0.11297949710451585 0.11281937418757346
3 0.26851432795965596 0.5534526879078608 0.10683650496239876 0.08148755357072232