5 0.5 0.44375 1 0.8453125
0 0.21015625 0.74375 0.08125 0.09921875
0 0.58046875 0.83359375 0.0796875 0.0390625
0 0.56171875 0.7265625 0.08046875 0.07421875
0 0.59296875 0.65625 0.0640625 0.0703125
0 0.64296875 0.65 0.02734375 0.07265625
0 0.7109375 0.4453125 0.07421875 0.071875
0 0.6140625 0.43203125 0.09921875 0.06484375
0 0.53125 0.50234375 0.04765625 0.05078125
0 0.11328125 0.33359375 0.0203125 0.0265625
0 0.0234375 0.33046875 0.0296875 0.0171875
0 0.00859375 0.2328125 0.0171875 0.02734375
0 0.12890625 0.2734375 0.0578125 0.05703125
0 0.1734375 0.1984375 0.0921875 0.06875
0 0.31796875 0.23515625 0.08125 0.06328125
0 0.2359375 0.3671875 0.1015625 0.0421875
0 0.12109375 0.22734375 0.0328125 0.01953125
0 0.08203125 0.140625 0.07734375 0.0453125
0 0.546875 0.23046875 0.10703125 0.0703125
0 0.53984375 0.38125 0.08359375 0.0640625
0 0.47890625 0.3953125 0.05703125 0.0296875
0 0.8046875 0.39921875 0.059375 0.040625
0 0.83125 0.36171875 0.05234375 0.0234375
0 0.96484375 0.34453125 0.06953125 0.0578125
0 0.80703125 0.259375 0.09453125 0.0421875
0 0.64375 0.18828125 0.078125 0.040625