5 0.5109375 0.50078125 0.81875 0.86015625
6 0.2234375 0.6109375 0.09140625 0.09375
6 0.340625 0.70859375 0.103125 0.10859375
6 0.51953125 0.81328125 0.09296875 0.09609375
6 0.5265625 0.7171875 0.0609375 0.109375
6 0.58671875 0.7234375 0.0609375 0.0859375
6 0.74921875 0.68046875 0.09375 0.09453125
6 0.565625 0.53984375 0.07734375 0.0953125
6 0.66875 0.41171875 0.084375 0.0796875
6 0.81484375 0.42421875 0.09453125 0.08515625
6 0.35078125 0.41015625 0.09375 0.115625
6 0.21796875 0.371875 0.08203125 0.084375
6 0.53515625 0.29375 0.0796875 0.0828125
6 0.68828125 0.24375 0.071875 0.08828125
6 0.52578125 0.1140625 0.0671875 0.06875
6 0.309375 0.1796875 0.08359375 0.08046875
3 0.1609375 0.6171875 0.07734375 0.1203125
3 0.37734375 0.83671875 0.06796875 0.11796875
3 0.28828125 0.5421875 0.14375 0.10546875
3 0.4796875 0.56015625 0.10078125 0.09921875
3 0.46171875 0.44296875 0.1640625 0.078125
3 0.6484375 0.58203125 0.14609375 0.1375
3 0.80703125 0.58359375 0.128125 0.0875
3 0.7640625 0.496875 0.10703125 0.053125
3 0.31484375 0.28046875 0.12890625 0.109375
3 0.59375 0.15859375 0.08359375 0.115625
3 0.60390625 0.2515625 0.059375 0.09140625
3 0.784375 0.2390625 0.10390625 0.0984375
3 0.459375 0.28984375 0.07265625 0.09765625