5 0.5004773731195382 0.5 0.9990452537609237 1
0 0.8441892353520167 0.23978412200558274 0.1033643438900782 0.12086577792830414
0 0.4733502349563052 0.10664290988350955 0.08904577962517113 0.05771068068726608
0 0.4789674006331383 0.21902007915081492 0.09794941818411544 0.09562011646291486
0 0.4379763392712249 0.2892407259168831 0.08053459765100204 0.08690685775648763
0 0.3847831431112908 0.2896811391912947 0.042898205331134066 0.08025406603337348
0 0.2874548167056827 0.49430444142985835 0.09156302586424747 0.09060506784239593
0 0.38519363473151363 0.5189149378118136 0.11490959765100213 0.08870837516934209
0 0.4803637307331631 0.4552441841937691 0.059585600158284534 0.0639673247398008
0 0.8889049710997445 0.6740429353254228 0.027471782132453625 0.03264208163720568
0 0.9777090583259055 0.6873850610605918 0.027108069279472246 0.020142081637205676
0 0.8648513571514066 0.7347690733850637 0.0691424565847754 0.07070864767057934
0 0.8098659919494272 0.8080704545472998 0.10718802586424729 0.09142393939369313
0 0.6651014097378313 0.753844379241672 0.09602320533113406 0.08303822930778501
0 0.7670239594212622 0.6264419962704137 0.114227636051662 0.06527087516934209
0 0.8670647265100211 0.7839468798074989 0.038227425705962756 0.026965291723114147
0 0.8956192870140045 0.8779082417478581 0.08922763605166181 0.06396068068726635
0 0.42823189555206637 0.7341780896662645 0.12290395407749273 0.09536781094499087
0 0.4557849310497322 0.5785931529861046 0.09914820533113407 0.08320200361804453
0 0.5197337707831755 0.5713295296257848 0.06524456677218975 0.04398237336031983
0 0.18523909883813633 0.5309589936684219 0.0702503155185485 0.055165534825709094
0 0.15188704123714664 0.5679167610812764 0.0572047462390763 0.03576043758467105
0 0.03541259507721263 0.5716736041384429 0.03945495658477529 0.06915279172311414
0 0.16442179664742299 0.676019188150498 0.1064151360516619 0.06486143939369349
0 0.32277751741796323 0.7670901662150877 0.08909124373179385 0.05927318068726599