5 0.5044146152541261 0.49987273497288537 0.9911707694917478 0.9997454699457707
0 0.19757437132939393 0.24723757260149046 0.11755457694917477 0.10066359621281204
0 0.16521072759784539 0.6371904069104459 0.05774306733052796 0.08781816256778666
0 0.27128960200728225 0.5967376028521115 0.09389882213985139 0.09427724082661779
0 0.3472246194304774 0.6142609252572102 0.08554068511654282 0.07860678903121965
0 0.3619393946582209 0.6626029764868742 0.08116071996293303 0.042651108313060605
0 0.5797072480162655 0.6894553262157277 0.08899306733052796 0.08799996974937904
0 0.5769220431142748 0.5902729376520461 0.08830358656782167 0.11299087939029935
0 0.4934126278679979 0.5212416574014253 0.06295635698624161 0.058167024004105096
0 0.5967088196927806 0.0683888472929666 0.0321230192372937 0.025181807181592353
0 0.6590996922881189 0.07115023292978188 0.07276786660488846 0.0707215661585828
0 0.7424107000926672 0.10112810353948254 0.09115576805616729 0.10519656010845857
0 0.7284969891154087 0.25352185051442044 0.08139882213985139 0.09420451795398091
0 0.582051064250485 0.19735418462698412 0.06631945916315977 0.1097386143631847
0 0.7049851111625929 0.05448036251647298 0.027872028855940555 0.0376545361043535
0 0.784392358167368 0.01967967828227232 0.06246528366526398 0.03935935656454464
0 0.770476124872773 0.4829184590238727 0.09638890507947587 0.12084883118569749
0 0.615805983040141 0.5056888593932151 0.08457838584218216 0.09578519867214012
0 0.5928521218775481 0.4472405551384888 0.044424611795565026 0.06430793969514959
0 0.6407687443880684 0.7750201214934634 0.053908739200226916 0.06748748184962743
0 0.6838639799600981 0.7935155914392341 0.036339293283910834 0.05644998789975162
0 0.7223585063689679 0.9213906065645446 0.07454862141421188 0.07698065651766228
0 0.7822667636253621 0.7492019891762978 0.06453870435383653 0.1034795240041051
0 0.8283307756910796 0.5708451850197676 0.0576885036281972 0.08625566256778665