5 0.5 0.48984375 1 0.9796875
3 0.30078125 0.74140625 0.13125 0.1203125
3 0.40625 0.6484375 0.0375 0.05859375
3 0.47421875 0.72109375 0.0640625 0.0671875
3 0.51875 0.64765625 0.109375 0.12578125
3 0.5875 0.65390625 0.04296875 0.053125
3 0.60078125 0.74140625 0.05234375 0.046875
3 0.425 0.5640625 0.01796875 0.0421875
3 0.665625 0.56953125 0.0859375 0.08828125
3 0.7515625 0.58203125 0.1140625 0.10390625
3 0.60703125 0.4640625 0.07265625 0.053125
3 0.35625 0.459375 0.03359375 0.04609375
3 0.44765625 0.42109375 0.07578125 0.05234375
3 0.203125 0.5421875 0.09765625 0.04296875
3 0.1078125 0.52578125 0.08984375 0.10234375
3 0.15078125 0.45546875 0.0515625 0.04453125
3 0.196875 0.434375 0.04609375 0.03671875
3 0.31015625 0.42265625 0.04765625 0.03515625
3 0.84140625 0.5875 0.0296875 0.03984375
3 0.74765625 0.5015625 0.05234375 0.03984375
3 0.70078125 0.4390625 0.065625 0.053125
3 0.66875 0.3484375 0.11953125 0.03671875
3 0.78046875 0.428125 0.0859375 0.07109375
3 0.98046875 0.5578125 0.0390625 0.0484375
3 0.8625 0.359375 0.08828125 0.0546875
3 0.87578125 0.39140625 0.0609375 0.0484375
3 0.890625 0.32109375 0.0546875 0.0515625
3 0.66015625 0.28671875 0.11640625 0.059375
3 0.7609375 0.2703125 0.09140625 0.0578125
3 0.6765625 0.25234375 0.0890625 0.0453125
3 0.79921875 0.20625 0.078125 0.08125
3 0.88125 0.16484375 0.065625 0.04921875
3 0.75859375 0.096875 0.04921875 0.06171875
3 0.6875 0.16015625 0.05234375 0.03984375
3 0.69765625 0.19609375 0.040625 0.04609375
3 0.64140625 0.0828125 0.07109375 0.05078125
3 0.609375 0.2109375 0.04921875 0.0375
3 0.45234375 0.12890625 0.053125 0.04453125
3 0.51015625 0.2515625 0.0796875 0.05546875
3 0.440625 0.1921875 0.0609375 0.071875
3 0.390625 0.1203125 0.03828125 0.0625
3 0.35390625 0.1546875 0.0515625 0.04921875
3 0.3890625 0.209375 0.05703125 0.0453125
3 0.23984375 0.15078125 0.08515625 0.0390625
3 0.1453125 0.225 0.08125 0.0484375
3 0.2484375 0.265625 0.06875 0.084375
3 0.23828125 0.33984375 0.140625 0.0828125
3 0.3484375 0.26875 0.04609375 0.0375
3 0.378125 0.35 0.121875 0.0578125
3 0.05390625 0.22421875 0.07265625 0.0796875
3 0.08125 0.34140625 0.06796875 0.05546875
1 0.0296875 0.34453125 0.05078125 0.0453125
1 0.05234375 0.3859375 0.06328125 0.05078125
1 0.17265625 0.284375 0.05546875 0.065625
1 0.1484375 0.409375 0.05078125 0.0546875
1 0.209375 0.48828125 0.0703125 0.0546875
1 0.25 0.6265625 0.07734375 0.0625
1 0.28203125 0.56640625 0.0609375 0.0625
1 0.32734375 0.56953125 0.06484375 0.06015625
1 0.37265625 0.584375 0.04765625 0.06875
1 0.36484375 0.45859375 0.06484375 0.059375
1 0.53828125 0.50234375 0.0828125 0.07109375
1 0.80625 0.7078125 0.075 0.07734375
1 0.9625 0.61953125 0.075 0.0765625
1 0.85703125 0.5078125 0.046875 0.06796875
1 0.978125 0.496875 0.04375 0.065625
1 0.85546875 0.4265625 0.05703125 0.05546875
1 0.715625 0.39609375 0.06953125 0.05
1 0.5140625 0.365625 0.06484375 0.0890625
1 0.353125 0.165625 0.03515625 0.04140625
1 0.4890625 0.165625 0.04296875 0.028125
1 0.5140625 0.146875 0.0484375 0.0515625
1 0.540625 0.190625 0.040625 0.04921875
1 0.61171875 0.11328125 0.05703125 0.04609375
1 0.6265625 0.18046875 0.06484375 0.0390625
1 0.790625 0.13203125 0.04765625 0.05
1 0.69609375 0.4796875 0.0671875 0.06015625