0 0.5258581399188674 0.6224723910230974 0.0841942813494537 0.12260705417661058
0 0.3137495859325486 0.5117574071531479 0.07140338001272664 0.09702485731976367
0 0.24706316728995653 0.3312115744404901 0.06144657733927241 0.04658820967712849
0 0.39386653664068305 0.20985461290133484 0.05837612133990877 0.05113016046291676
0 0.6901848165977305 0.5402335874656595 0.1230567866804538 0.10723891935425697
0 0.6990529286282745 0.3155246858940829 0.07400112133990877 0.051857906533975304
0 0.5899057426400467 0.22367532609311996 0.0317590773392725 0.04520549214211718
0 0.4912869766470463 0.16749163854189802 0.04460452267663584 0.07547518899896404
6 0.48679728194622973 0.41898136393479213 0.04436816534054522 0.055162688998963996
6 0.45337570727245724 0.4697968471855692 0.05078179734245403 0.06951628742738744
6 0.40686433394336624 0.43636360897239346 0.05552384134309048 0.07442211124870504
6 0.38294557594686607 0.40945435256225265 0.052253390674726855 0.06177656203449331
6 0.33840523528009336 0.4081615262597357 0.055360209341181486 0.060359611248705036
6 0.3484529446212748 0.3507856739023708 0.04909202800763594 0.05850601282028158
6 0.4082279339592746 0.31917610897239346 0.039462489337999784 0.036194365177646404
6 0.39134042596277446 0.292594338294229 0.03968066534054513 0.054944365177646406
6 0.43053019529759257 0.28347620347187547 0.044331802673454136 0.052037688998963993
6 0.48096599996022904 0.3155288782028158 0.047420440006363404 0.04905823821317572
6 0.5148506512969562 0.2920935322555917 0.05238066000954493 0.07271406203449331
6 0.47084665996977415 0.2447069559530748 0.04909202800763594 0.05850601282028158
6 0.5387881379694559 0.2502164013621796 0.027144302673454312 0.05123716832079959
6 0.47430746729791073 0.28317014247083944 0.05517839600572696 0.044734611248705036
6 0.5539676952975926 0.28922539743323816 0.031649989337999784 0.03583049214211718
6 0.5730176873010924 0.2643174427185085 0.04262385200509069 0.03946491439185813
6 0.5355807746260474 0.3243259894515208 0.03486589600572696 0.043788541356328814
6 0.5582188432925019 0.32694372125455573 0.034793170671545325 0.037538541356328815
6 0.5932114612905929 0.3426436499144375 0.03949885200509069 0.039319365177646406
6 0.5508688726130024 0.42118387282613234 0.03811816534054522 0.05487159057054054
6 0.5893950232734119 0.46909698800377875 0.04912839067472685 0.061631012820281585
6 0.582327957948775 0.4046706149682494 0.05841248400699968 0.054255160462916764
6 0.6195825099459116 0.42751095553879004 0.048982940006363405 0.04913101282028158
6 0.6185018152848658 0.38603193093168414 0.06934998400699968 0.05476458271265772
6 0.4956177512730937 0.4670742615774273 0.04772952267663584 0.07562073821317572
6 0.3977535106222293 0.34604682402620535 0.06164657200827239 0.06377570967712849
6 0.5890239479630927 0.29945657609311993 0.05227157200827222 0.06333906203449331
5 0.47114446260345744 0.4878212551672865 0.8514610747930851 0.9704027386229512