3 0.16644490715314783 0.3186494851692771 0.13758569892376143 0.20387040944452864
3 0.24144479135632885 0.034056837432213376 0.2641395827126577 0.06811367486442675
3 0.20731192555500072 0.6927318797830828 0.21265847353086736 0.2058692466803503
3 0.35929384077542836 0.4324023920797229 0.12984166542531544 0.13821813836728972
3 0.31406692390237084 0.3506120365953328 0.10382282092583343 0.11619769262201593
3 0.5072475355653607 0.2533683561717612 0.1498288337461151 0.16488972267624522
3 0.5275108397419711 0.3360854074014252 0.1294392510334573 0.09603972872636941
3 0.7085167830841612 0.21234285949141088 0.19220042431665546 0.20262607201231528
3 0.8944351282028158 0.47930257963357337 0.20110023531769167 0.15893970452587247
3 0.7338528850272413 0.35364002518245546 0.20854886228216235 0.1511726563212708
3 0.7278683664159915 0.5271593384141721 0.17563366252983137 0.24939198770335977
3 0.8487479849034069 0.3037394982514841 0.18031685442427942 0.18224993949875792
3 0.8877441724546287 0.40275826035173257 0.0827440334984459 0.06608860831306043
3 0.9804913096557378 0.4474935225501769 0.03901738068852438 0.06593407220870695
3 0.9555481025622526 0.3820457845522293 0.06660961124870504 0.05506020472226432
3 0.5061282611631425 0.6487944856602563 0.2838100355653605 0.25783172247985353
3 0.4202185322555917 0.515664343973317 0.12206339867609248 0.10536927693097127
3 0.26668896381095764 0.4407557684449602 0.06457623035529281 0.0784795240041051
3 0.5283112446233165 0.06968928952219906 0.09099748924663302 0.13937857904439813
5 0.5 0.5 1 1