5 0.5953446940173994 0.36410378874917804 0.8093106119652012 0.7231895294398132
3 0.5012127149839737 0.6201441560709513 0.09998513103285873 0.09018974267981754
3 0.5454587667054049 0.4721611894095874 0.08236112141421188 0.07748974801081765
3 0.4446874403892023 0.4483231527291335 0.07493056733052797 0.08833634134309047
3 0.46763141098510774 0.2836793973981334 0.08564981252120454 0.08221361067790856
3 0.53215770245492 0.2711435820734966 0.07923612141421188 0.07745338534372674
3 0.608231618334169 0.2188821954169052 0.060213302902557685 0.06942270934118148
3 0.2693129620735668 0.2555800273710892 0.05966766587924912 0.053797709341181485
3 0.30313489056668763 0.22705558537554352 0.0900099303072194 0.07289315467854492
3 0.3545857739617991 0.2979953413828613 0.06237600362819702 0.08662839067472686
3 0.3721676327621393 0.19737772338477036 0.05903274881887368 0.08034202800763604
3 0.39311753902274155 0.15697999005408841 0.06646330290255768 0.0694954346753632
3 0.317346212706539 0.13343285471036165 0.09340774881887359 0.08074201734563582
3 0.4107167559904498 0.07824646272277015 0.07923612141421188 0.07745338534372681
3 0.6372073341207509 0.06056116542008692 0.07076885698624161 0.05861247867599957
3 0.702120516790223 0.14885205342931376 0.09738592068857255 0.060484061346272135
3 0.9236731129766914 0.02637925879213059 0.04327877404661713 0.03174089600572701
3 0.9167831843987525 0.38034914345953963 0.0826885036281972 0.08686474801081764
3 0.9445485750502582 0.27906845412949405 0.05267362141421188 0.07714430267345422
3 0.8973313238691318 0.19879915145603982 0.09798612141421188 0.07767156134627214
3 0.9168377812181931 0.1325928961250397 0.0504563569862416 0.05837612133990877
3 0.7190500672457099 0.24596341076540457 0.056542665879249124 0.053761346674090583
3 0.7637177265015371 0.24257532877144974 0.06997024881887377 0.08046929734245412
3 0.8643526435619127 0.2703196154519036 0.045114092558271326 0.0395715773392725
3 0.8499552937472469 0.48117529945094917 0.1406845421027846 0.1375192760184536
3 0.41763137786799787 0.5292913420591792 0.06101191106992569 0.04756589067472703
3 0.40985362731984365 0.3267748693904974 0.07394842068857255 0.060211341343090474
3 0.48691217904127504 0.17917371073358784 0.03666667549789597 0.06602498933799979
3 0.5713467211440595 0.04416345874440551 0.03880952885594056 0.03793635200509067
3 0.7745982067160891 0.06528612277208606 0.04042659255827132 0.03951703333863612