5 0.49765625 0.52265625 0.9953125 0.8234375
0 0.21015625 0.30546875 0.1171875 0.04453125
0 0.25234375 0.36640625 0.11953125 0.03828125
0 0.325 0.33046875 0.05859375 0.06328125
0 0.2640625 0.34140625 0.21484375 0.1125
0 0.36640625 0.2546875 0.04375 0.07890625
0 0.4703125 0.33828125 0.08046875 0.05546875
0 0.484375 0.2234375 0.0953125 0.05546875
0 0.5921875 0.253125 0.0953125 0.1078125
0 0.63203125 0.275 0.06875 0.06171875
0 0.659375 0.21484375 0.05859375 0.0390625
0 0.71875 0.22109375 0.05625 0.03515625
0 0.7265625 0.30234375 0.0171875 0.01953125
0 0.8078125 0.36171875 0.078125 0.0828125
0 0.7921875 0.34921875 0.11015625 0.109375
0 0.659375 0.3703125 0.0875 0.0609375
0 0.57109375 0.3640625 0.034375 0.04453125
0 0.5796875 0.38046875 0.08515625 0.078125
0 0.69609375 0.42890625 0.10234375 0.0609375
0 0.63125 0.39453125 0.0515625 0.03515625
0 0.46171875 0.359375 0.09765625 0.09375
0 0.50078125 0.46328125 0.05859375 0.0515625
0 0.5171875 0.4296875 0.0390625 0.0390625
0 0.4734375 0.42109375 0.01953125 0.034375
0 0.3359375 0.471875 0.08046875 0.0609375
0 0.17734375 0.47109375 0.15859375 0.1015625
0 0.28671875 0.5171875 0.07578125 0.065625
0 0.2390625 0.55390625 0.06328125 0.06171875
0 0.2859375 0.521875 0.225 0.1609375
0 0.47890625 0.6203125 0.0734375 0.05625
0 0.38359375 0.690625 0.0734375 0.07734375
0 0.4125 0.55859375 0.12734375 0.11328125
0 0.2296875 0.640625 0.25859375 0.140625
0 0.07109375 0.66875 0.06328125 0.08671875
0 0.4296875 0.74375 0.05390625 0.05
0 0.4109375 0.7859375 0.0890625 0.04765625
0 0.49921875 0.82734375 0.0609375 0.04609375
0 0.8546875 0.78203125 0.1171875 0.08671875
0 0.6484375 0.740625 0.19296875 0.125
0 0.6765625 0.65703125 0.1171875 0.11796875
0 0.590625 0.63203125 0.06875 0.040625
0 0.8140625 0.62421875 0.14375 0.0609375
0 0.92890625 0.62890625 0.0953125 0.140625
0 0.7171875 0.53046875 0.08203125 0.04453125
0 0.66875 0.55625 0.05859375 0.05390625
0 0.6078125 0.475 0.1125 0.07890625