5 0.5 0.5 1 1
0 0.7103986954350182 0.7873689002636811 0.12869931301126591 0.07638327488562506
0 0.6851235622863502 0.7156387174180214 0.13007995658477522 0.07016964247680554
0 0.6041319750601893 0.7317345364722228 0.07571070533113407 0.07983427678548623
0 0.6680580827403213 0.7379131077106256 0.24544419530200406 0.1712256090418057
0 0.5428474825820369 0.7959775680073615 0.06509145407749273 0.0905172036472223
0 0.4639987200456245 0.6846932694703824 0.09436977711788863 0.07714568787965277
0 0.4178020184754141 0.794630660712917 0.11008570533113407 0.08063436379145834
0 0.32019724426051926 0.7368525686729516 0.12408602084968257 0.13248780452090295
0 0.2867542584462842 0.7040212316669795 0.08347774122451135 0.07845361474138883
0 0.24382496087442443 0.7554012405006947 0.06873327962517113 0.05468880642076392
0 0.18660349426051925 0.7337431396270141 0.06390938730530316 0.049892203647222286
0 0.20151309191152134 0.6512215803564585 0.02255696159934022 0.023946646276527872
0 0.1374255113492781 0.5699884577312848 0.10139266693047429 0.10385365824437506
0 0.15022938822973994 0.5867038322563196 0.13989287727617325 0.1391014804327085
0 0.2865844253767585 0.6023859964846183 0.10553459765100204 0.08521276101791671
0 0.37172630351086156 0.631729963999549 0.046858279625171126 0.05417966014423605
0 0.36758437279033374 0.6128708612260073 0.10755173871722894 0.10087412860909736
0 0.2666416499082224 0.5354706002080906 0.11968802586424747 0.08866506933854179
0 0.3206555484962966 0.5867616496950003 0.062346887305303154 0.04985583605604162
0 0.4778255393250966 0.6662523939954171 0.12376777210332364 0.12155030452090294
0 0.4677949729486183 0.5542245194703823 0.07222199247815268 0.06726154160312507
0 0.4419538869760988 0.5825488880114934 0.05145485141192587 0.05116376291777769
0 0.4828372997499379 0.6014813791777782 0.029216138558944317 0.03815461664124999
0 0.6324879587628534 0.5901107341355214 0.09606866943775678 0.08186955547083344
0 0.788359874043975 0.6336094270491672 0.1869042695960413 0.14488000816812524
0 0.692840437055241 0.5578989526003826 0.09464256175762475 0.08652068787965277
0 0.7505763807078926 0.5350076196784729 0.08035274122451135 0.07838087955902787
0 0.6952978473217977 0.5540472539871534 0.26721154671392994 0.22169838772715308
0 0.5330970271843957 0.40564285552642404 0.08968227711788863 0.07703658510611114
0 0.6462024324363875 0.3605868882958339 0.09491534639736088 0.09589568787965286
0 0.5808692859598843 0.4833691184442019 0.15730769780928675 0.14731402393569457
0 0.783477460412206 0.45212303770649376 0.29653533386094855 0.20988937195958357
0 0.9456592116658473 0.4668427671892717 0.08576766693047447 0.1034899823325695
0 0.6152312287546061 0.2965419188810422 0.06744356426490725 0.06402743882958344
0 0.6459871352602391 0.2605141531134728 0.10204588479802065 0.07264002583555555
0 0.5705074136317689 0.1946514573500352 0.07364810015828453 0.0626104091943056
0 0.2084536945105814 0.14400849240055574 0.14242684389007837 0.11886171561506953
0 0.3987173301665319 0.2414686399113545 0.22687605172849495 0.17703919794763906
0 0.3488560709953318 0.31614067838034754 0.14954066191590928 0.1486946859797918
0 0.4256626119032741 0.3632715579393754 0.0782446719450391 0.059594511967847284
0 0.20358903510195453 0.31119599240055573 0.16063127461060622 0.10054812670923621
0 0.09206651339434214 0.27498377583555567 0.13285326708875883 0.16548214247680565
0 0.2736394591585648 0.42931151918604193 0.09565949247815268 0.06780705547083343
0 0.32795488611816886 0.4165037010817711 0.07226745658477522 0.06882404160312508
0 0.3658065756141854 0.5127617584524655 0.13434155925034225 0.10930487765916688