5 0.4755651649054776 0.5 0.9511303298109552 1
6 0.4326726411959602 0.2595908318433162 0.11468973477649361 0.11179565027015244
6 0.5468674722834617 0.42057795026230327 0.05701359016268803 0.13321429328391082
6 0.6022281797362006 0.6724603979927177 0.10998405405833438 0.10850695916315996
6 0.4953191287029283 0.5554688162342195 0.09289654800821019 0.12509425843752062
6 0.46746281517662414 0.7349281377410988 0.083621541958086 0.1419543762235353
6 0.3841832034457181 0.9202629478152324 0.1179056383672898 0.12752977767481397
6 0.22859575789683592 0.7601736412844777 0.08001475292686626 0.05903274881887377
6 0.3403685291704665 0.6391022278522994 0.08344882513557321 0.1122668762235353
6 0.21562760440423565 0.6792683816658309 0.09271474082661779 0.09384425843752062
6 0.1884833214231401 0.5783407987262065 0.06932269262201589 0.10083830290255769
6 0.16354643305585032 0.45405756134007813 0.07402837334017516 0.10412699400955035
6 0.28156518003078823 0.46677087086605773 0.08487496974937905 0.08888393992586625
6 0.323993053665551 0.37530262268015624 0.08174087939029935 0.08721231252120454
6 0.22052716520006527 0.3131076683263198 0.08038745764913058 0.1230952488188736