5 0.5 0.5 1 1
3 0.8310739953603126 0.6531588401097677 0.15233137023308566 0.15795904535327168
3 0.7159450139646341 0.5542026247612684 0.06887897477225664 0.049219297342454026
3 0.7787054195922642 0.4729349907701771 0.08397818511654283 0.07907042934436319
3 0.6930481725874891 0.4352344487587231 0.15307541469812272 0.1345397266868172
3 0.6873859604291043 0.36254183609163215 0.06435516587924912 0.05385225334181776
3 0.777110659340645 0.33781510343726795 0.05999504809323426 0.0631727093411815
3 0.6235119773041452 0.5460986760820872 0.04618551923729371 0.025527258672817865
3 0.5857391256753812 0.2918560714114964 0.10828870435383653 0.10434314934754481
3 0.5825198672378606 0.19966857141149638 0.1297470421027846 0.1373920066836356
3 0.4853150289407585 0.367999853397497 0.06857143992586626 0.08513861600890867
3 0.5273487946346732 0.6324441614019515 0.05454365626060227 0.041243165340545215
3 0.4702778498994835 0.5411919053946335 0.07029763103285873 0.08984429734245403
3 0.6427158782072699 0.7829446954169053 0.06313989546082902 0.10850339067472703
3 0.642383550709941 0.8852429920830417 0.12569445916315977 0.11079314401654443
3 0.5599058674074968 0.8491413127386785 0.05681548439090349 0.06157384667409076
3 0.5301985200399019 0.8035015487348606 0.047222229581580066 0.05521475867281787
3 0.4971999923650877 0.6859776940642698 0.045659729581580065 0.05519657733927232
3 0.5714062632468438 0.10504641474376916 0.04818452885594056 0.03804544000636332
3 0.4987177861123347 0.21509302940004238 0.05212798439090331 0.06151930267345422
3 0.44214289309857635 0.2722237293920882 0.06829862141421188 0.07732611600890867
3 0.35318208601966744 0.3188254620464524 0.06083335099579186 0.13190452800763594
3 0.41662204872620645 0.18992885005567922 0.09099207694917481 0.10101815467854491
3 0.3287921773119945 0.11237546737745252 0.07385914065150559 0.10238066000954502
3 0.3601959447351896 0.09477943471513413 0.0634474303072194 0.07258407200827235
3 0.28344247177703163 0.08841979937140734 0.06479167549789597 0.0663522533418178
3 0.2913095685964723 0.33606695870463466 0.08427085099579194 0.13217724801081765
3 0.25486858239147037 0.2317789007001803 0.0786557680561673 0.10556020401018137
3 0.2510293089778254 0.3231033346992258 0.06442957694917481 0.1007090720082724
3 0.18033980834485325 0.19967437802354437 0.10014882213985139 0.09487724267981754
3 0.12208830952597963 0.11934144068268107 0.06511905771188106 0.07572725334181776
3 0.07381947903342578 0.257785775342136 0.07400298439090336 0.061773841343090476
3 0.15348218638248717 0.3250920013526355 0.0521279843909034 0.06151930267345431
3 0.18884676750801316 0.30910392202418074 0.05799603847458741 0.050654528007635945
3 0.08058288892222511 0.3843755473424541 0.06533731252120452 0.08197725334181775
3 0.2209177122432028 0.4000652766947715 0.04889385698624169 0.05835794000636341
3 0.16377487875542407 0.575110182686181 0.05687004809323426 0.06313634667409058
3 0.2813864754900467 0.49916639536918017 0.07353175843752044 0.0930056600095451
3 0.23188003801125126 0.5798073206954077 0.08699405771188111 0.07598179201145391
3 0.16609383610448547 0.641516432686181 0.0720585384745874 0.05081816000954511
3 0.20870048755576426 0.6763732380251353 0.06306548439090331 0.06164657200827239
3 0.25946189018816945 0.6316698126989075 0.05859623920022683 0.06784202800763595
3 0.2254291744864056 0.7976124386934987 0.05645338584218216 0.09593066534054522
3 0.32067224181693355 0.88618513737268 0.06577382213985139 0.09447725334181775
3 0.34400555969561564 0.7716595607097253 0.10294643992586625 0.08553860534690845
3 0.42369305969561566 0.7725868087205431 0.11343256134007813 0.16219201201463562
3 0.3294122916394483 0.6668447913749072 0.04878472958157989 0.055232940006363404
3 0.40835325797418437 0.6240311300524976 0.08292660580511538 0.1384090666772723
3 0.33533743174279973 0.9686692786839537 0.09604167549789597 0.0626614426320927
3 0.4544222484403555 0.9369402100572701 0.07153274881887359 0.08048747867599956
1 0.4661881276591157 0.980479482694135 0.05621528366526398 0.03904103461172994
1 0.5060765176776492 0.962531103397497 0.06506449400955017 0.07416475334181775
1 0.37792918110982754 0.8485856873806341 0.07896330290255768 0.06964088534372692
1 0.5133582496214819 0.8579708727323151 0.06775298439090349 0.061701116008908485
1 0.5841494100584355 0.7830441454089512 0.07164187622353531 0.08361247867599957
1 0.7218106119652011 0.7221713747612684 0.0797271947351895 0.09151588534372693
1 0.652160310876742 0.6955901460852688 0.07600199400955017 0.07429202267663584
1 0.6481250861044854 0.6471253740849507 0.07611112141421188 0.07741702267663583
1 0.6542188294810635 0.5979975307526779 0.08019842068857255 0.060284066677272284
1 0.5239236942718535 0.6238140487348606 0.07454862141421188 0.0773988413430903
1 0.5384152362898199 0.434996996737724 0.08932044954451293 0.09787497334499946
1 0.7040922776748142 0.12533273742835926 0.0969146947351895 0.09171588001272668
1 0.5884449411069925 0.011532772079859963 0.08313988221398513 0.010338610677908571
1 0.48449654028868594 0.098568600731997 0.08019842068857255 0.06028406667727224
1 0.400639895460829 0.11243055872054297 0.06958830290255769 0.06953179734245411
1 0.39340529273575664 0.2630663580521794 0.06533731252120453 0.08197725334181775
1 0.3993998655085802 0.479454426718634 0.10596231252120454 0.08244996801399936
1 0.22036467385343342 0.674947098026726 0.04996528366526398 0.04431362133990877
1 0.19508687694132557 0.5325232406906352 0.03762897477225655 0.04885567067154532
1 0.17083092140636272 0.5088130206874536 0.06457342068857255 0.060102253341817756
1 0.21181801995508387 0.4749289166931806 0.06112103847458741 0.05069089067472703
1 0.1181746581595188 0.4098028086807721 0.05854167549789593 0.06627952800763595
1 0.18527038892222508 0.38559369668999893 0.05256449400955025 0.07401930267345432
1 0.10451391832631982 0.21987724267981754 0.06133929328391079 0.05694089067472685
1 0.485084361247411 0.27194246606458794 0.07622024881887376 0.08054202267663593