5 0.50078125 0.4625 0.99765625 0.9171875
6 0.7609375 0.44765625 0.1015625 0.10703125
6 0.6046875 0.5515625 0.12578125 0.05
6 0.36171875 0.5953125 0.0984375 0.103125
6 0.47421875 0.49609375 0.11484375 0.084375
6 0.30078125 0.4625 0.13125 0.075
6 0.121875 0.375 0.11640625 0.11015625
6 0.2765625 0.23046875 0.0515625 0.07421875
6 0.39296875 0.34296875 0.10390625 0.07734375
6 0.3546875 0.22109375 0.08515625 0.0859375
6 0.45234375 0.1984375 0.09453125 0.0625
6 0.57265625 0.1796875 0.0953125 0.06796875
6 0.5609375 0.29296875 0.08046875 0.07890625
6 0.64921875 0.3375 0.07890625 0.07578125
6 0.70859375 0.23984375 0.11328125 0.07265625