3 0.409375 0.8734375 0.18203125 0.08515625
3 0.06484375 0.8625 0.1296875 0.23359375
3 0.759375 0.76953125 0.165625 0.1640625
3 0.47734375 0.6703125 0.11640625 0.09765625
3 0.40859375 0.7265625 0.096875 0.075
3 0.27421875 0.5609375 0.1390625 0.10859375
3 0.35 0.52734375 0.07109375 0.1078125
3 0.19140625 0.3765625 0.16875 0.14375
3 0.40859375 0.15390625 0.11796875 0.165625
3 0.321875 0.328125 0.1109375 0.1765625
3 0.490625 0.303125 0.221875 0.11328125
3 0.25 0.228125 0.14921875 0.1359375
3 0.33671875 0.1734375 0.05078125 0.06875
3 0.3578125 0.06953125 0.05625 0.03984375
3 0.30234375 0.1125 0.0421875 0.05390625
3 0.65390625 0.49296875 0.2046875 0.22421875
3 0.54375 0.59765625 0.0828125 0.096875
3 0.5046875 0.75625 0.0671875 0.0453125
3 0.08828125 0.57265625 0.1390625 0.0515625
5 0.5 0.5 1 1