3 0.1023089512062229 0.39629321701890446 0.09017152380771339 0.19114315046753827
3 0.1174920270291672 0.05234375 0.2349840540583344 0.1046875
3 0.21302984523085344 0.761286437062871 0.17288402985783763 0.1744374394987581
3 0.3144413125443455 0.46615522336361626 0.10227154800821019 0.12246587334017515
3 0.2546481560266831 0.3946256570086417 0.07870678298109546 0.1004545179539809
3 0.4272675237095175 0.2529916271508042 0.11334540339440444 0.1459670058537325
3 0.46288283684303816 0.3316933440715128 0.11293633723582168 0.07565450585373253
3 0.6181738039601385 0.165940558163551 0.15102721057599683 0.17743517447164328
3 0.8522998608471433 0.390367344660688 0.1725840480082102 0.12287493949875791
3 0.6697459152000652 0.30158262149346343 0.18504768657189175 0.1166976623713949
3 0.6973310805965223 0.4772093353891099 0.12009537314378349 0.23194086729005098
3 0.7747783279642435 0.22596902225558924 0.14153403590796182 0.1570681323171656
3 0.8315510236113216 0.31548551932872304 0.07218407220870696 0.05354315651766246
3 0.9402765838179761 0.33750998937268956 0.040970433645025395 0.05961134933607006
3 0.8946277405320302 0.2799611097859985 0.056504530054229465 0.04407725292686626
3 0.49988897491574036 0.6494575609922213 0.235611288834828 0.21386355386194253
3 0.3906270835233885 0.5352455909482549 0.10050906010845857 0.08808178298109545
3 0.22476573418731843 0.49558416901069424 0.04727497579950324 0.0690227107723885
3 0.4144488402608838 0.06527904547412741 0.053897680521767556 0.13055809094825482
5 0.5 0.5 1 1