5 0.6010855444366475 0.6140399367678578 0.797828911126705 0.7719201264642843
3 0.41025466304726893 0.49460016456191747 0.11041960085908258 0.11364068874502423
3 0.545677585932619 0.5944476087441493 0.0922494549975255 0.09419035178688588
3 0.6025649937799635 0.5047749550938276 0.10285940637700666 0.08838602076024671
3 0.7606474886915808 0.5907336542189752 0.10030761646291494 0.09919618676785795
3 0.7532311363621602 0.6574754852456145 0.092085680687266 0.09106535178688588
3 0.7823221720923804 0.7514310736866275 0.08008364767057934 0.07030718281352524
3 0.8516841672311404 0.40890267547351344 0.06602114767057934 0.06973417984777566
3 0.8703423139972086 0.4525399289335546 0.08953389077317446 0.10187551779449713
3 0.7818497020568496 0.47466032665237706 0.09907930913596878 0.07575868676785795
3 0.8783429217536962 0.5308240964240405 0.09102114767057934 0.07075285178688588
3 0.912915995588986 0.5657548533441228 0.08197369629109837 0.07662084980971962
3 0.9553403544771273 0.5021990307204405 0.08931929104574543 0.1069450197716634
3 0.9709520663720579 0.6139960351690648 0.058095867255884316 0.09100168479069151
3 0.9343184413142573 0.8402601048269975 0.07119997060135788 0.07930018083635879
3 0.8235380715719822 0.8684885811010012 0.07744332654882306 0.10917868182494175
3 0.5214952939823623 0.9703137944862428 0.10244997060135788 0.05937241102751436
3 0.7107182462663545 0.9922298982502952 0.08962906603337366 0.0155402034994097
3 0.7196351435982494 0.8494428093521715 0.06265048620519006 0.06491934585538672
3 0.7102501775194474 0.8934965568807136 0.09480124491161739 0.083380185779275
3 0.6493336889394081 0.9773556440488166 0.04949538896415202 0.04528871190236679
3 0.4409236454072718 0.8864202500371811 0.16279432835784532 0.16099053262324467
3 0.5278648869279872 0.44794002326888566 0.05968926051544958 0.06791701186299796
3 0.7358278731331772 0.518780399770351 0.07448874491161739 0.08255251482874755
3 0.8603885391211221 0.6493685079830275 0.07260534034363317 0.046615014828747546
3 0.9710504794193268 0.7825086132299546 0.04439845318850324 0.043906508897248564
3 0.8859329302329808 0.9731561764620966 0.04768722749876275 0.047158842889637495