0 0.4237049123403157 0.4125719495905944 0.08644778896022576 0.12366428413027997
0 0.6592605827950109 0.44818874410304355 0.07194891233702042 0.09784523677523324
0 0.7825326672115797 0.5992646676676274 0.06326365909060953 0.047390210466874014
0 0.6865638279270423 0.7657248545981524 0.05865797970746058 0.05180469468185826
0 0.29701790706530995 0.5467432812876825 0.12364778003177204 0.1086609104104042
0 0.36436154545963817 0.7657277706937515 0.07428297970746059 0.052714747298576906
0 0.49795924959955346 0.8180854731975306 0.032013659090609534 0.04557010523343692
0 0.6086649245184755 0.8378280967762318 0.045031856330665934 0.0759856473268119
6 0.5284355024389272 0.5954138126459521 0.04467730032431163 0.0556731473268119
6 0.5427667836885154 0.5360311073701627 0.05117276217486459 0.07009966837349921
6 0.5980173453769126 0.5517617941595134 0.05753185633066593 0.07671368942018653
6 0.6289809732179341 0.5699881493929503 0.05259889448011279 0.06237817363517095
6 0.6714548453769126 0.5560390414580902 0.05569662094116268 0.06099768415851479
6 0.6805883376662749 0.6152243256589573 0.04941934740221221 0.05907116311182729
6 0.6359246741114385 0.6650199283321456 0.03966251785690744 0.036650131541796326
6 0.6606110284135095 0.6844447625188951 0.03998980032431163 0.05540013154179615
6 0.6265945385597793 0.7067068993929503 0.04462275324641087 0.0525481473268119
6 0.5697542033324318 0.692447707341928 0.04769320616851012 0.04960515785015538
6 0.5449217987060491 0.7261933757860142 0.05278980925276535 0.07331567363517096
6 0.602243375004943 0.7576855704678727 0.04941934740221221 0.05907116311182729
6 0.5370177954596381 0.7757838521084909 0.027435253246410874 0.051547089448421526
6 0.5864507796313255 0.7215737652203182 0.05542388555165907 0.04537268415851479
6 0.5102331530081201 0.7421600100292335 0.03185001785690744 0.03619510523343692
6 0.5003126822291133 0.7728639784592024 0.04284206493480802 0.039957142065139804
6 0.514848515020829 0.7017625231834131 0.03511138555165907 0.04418961575678075
6 0.49363203409555234 0.7075652021508432 0.03500229139585791 0.03793961575678075
6 0.4545831708650276 0.7045088206090468 0.0397170649348082 0.03977513154179633
6 0.4678837861241473 0.6145663600715858 0.03842730032431163 0.05530912628012441
6 0.4152769833642038 0.5817846811747429 0.04947389448011279 0.062196163111827296
6 0.4447502491925164 0.640590533777344 0.06186480032431163 0.0566742052052021
6 0.4011093433483177 0.6317923864505323 0.05084547970746058 0.05134966837349921
6 0.41606614164403444 0.6709836890672507 0.06965002678536117 0.05556673151356133
6 0.5041718879905865 0.5517702284592024 0.04815685633066593 0.07616765785015538
6 0.637224121351495 0.6353779309629815 0.06200116801906326 0.0644867052052021
6 0.4726513323912691 0.7446633837491091 0.05418866801906326 0.06403167889684287
5 0.5195065616916926 0.5159620525814249 0.8616493498312536 0.9680758948371502