0 0.56640625 0.60703125 0.06015625 0.10234375
0 0.353125 0.5484375 0.053125 0.08046875
0 0.2609375 0.39609375 0.05390625 0.03203125
0 0.37421875 0.2546875 0.0484375 0.03671875
0 0.703125 0.49765625 0.1015625 0.07890625
0 0.671875 0.2890625 0.06484375 0.034375
0 0.55625 0.2265625 0.0234375 0.03828125
0 0.45625 0.19609375 0.03046875 0.0640625
6 0.4953125 0.428125 0.03359375 0.04375
6 0.4734375 0.48125 0.03828125 0.05703125
6 0.425 0.46015625 0.0421875 0.0625
6 0.3984375 0.440625 0.040625 0.04921875
6 0.3578125 0.4484375 0.04296875 0.04765625
6 0.35703125 0.39296875 0.0390625 0.04609375
6 0.40625 0.35234375 0.03203125 0.0265625
6 0.38671875 0.33203125 0.0296875 0.0453125
6 0.4203125 0.31484375 0.03515625 0.040625
6 0.471875 0.334375 0.03828125 0.0375
6 0.49921875 0.30625 0.0375 0.06015625
6 0.45078125 0.2703125 0.03671875 0.04765625
6 0.5140625 0.26171875 0.01796875 0.04375
6 0.46015625 0.30546875 0.046875 0.0328125
6 0.534375 0.29453125 0.025 0.02734375
6 0.54765625 0.2671875 0.0359375 0.03046875
6 0.52421875 0.33125 0.02578125 0.034375
6 0.54453125 0.328125 0.028125 0.02890625
6 0.5796875 0.3359375 0.03203125 0.0296875
6 0.5546875 0.4171875 0.028125 0.0453125
6 0.59765625 0.45234375 0.03671875 0.05078125
6 0.58046875 0.39453125 0.0484375 0.0421875
6 0.61875 0.40859375 0.03984375 0.0390625
6 0.6109375 0.3703125 0.05859375 0.0390625
6 0.51171875 0.4703125 0.03359375 0.06484375
6 0.4015625 0.37890625 0.05 0.04921875
6 0.56875 0.296875 0.03984375 0.05078125
5 0.49375 0.49375 0.6640625 0.76796875