5 0.5 0.500127286569132 1 0.9997454268617361
3 0.2636390470183678 0.29301034327423636 0.13455945079743065 0.1452423776591667
3 0.362601264248958 0.4070929867009725 0.06348192496187499 0.04364220364722229
3 0.28353005366788153 0.47951154093753495 0.07507404160312507 0.07202177678548623
3 0.3621447097280551 0.5274600380877434 0.13866506933854178 0.12035148043270852
3 0.35496668294256895 0.6007702515186114 0.05890352773541672 0.04822060087368065
3 0.2616524408263537 0.6134501298433683 0.052908100873680655 0.05901263050895835
3 0.4520267869503816 0.42715287319385453 0.04578527868534721 0.021367160144236053
3 0.4444636344055898 0.684929005602674 0.09745818787965277 0.09440592306201409
3 0.43061738032152713 0.7760624986688198 0.11537303970326392 0.12605596656500015
3 0.5569285732351731 0.6218861045764935 0.059667247150208345 0.08103310087368065
3 0.5639468651226386 0.3539355383720838 0.050872822188333444 0.038663762917777865
3 0.6046426406738539 0.4525918971295491 0.0597399823325695 0.08415810087368066
3 0.47630466080982625 0.19008928428802124 0.05087412860909737 0.10581489532659724
3 0.49507480423656247 0.08890864399541709 0.11322865824437507 0.10101959897381954
3 0.5698195778879166 0.1352037221676741 0.04974673328249999 0.05737739532659725
3 0.592111498765729 0.18496798603538245 0.04335126291777787 0.050981924961875036
3 0.6033918780404164 0.3048265443560075 0.040226262917777866 0.05090918977951393
3 0.42449270725951316 0.8712840796908683 0.04447735182361114 0.032268292553055744
3 0.5167003506862493 0.7718127161837505 0.045059233282499986 0.057268292553055745
3 0.5842885473996174 0.7225770888089241 0.05948540919430556 0.07322060087368065
3 0.6812187519967703 0.6888761956665284 0.04360714247680555 0.12907055737069442
3 0.5955877636802771 0.8080424633339589 0.07874455547083344 0.09553201196784755
3 0.4549952120091659 0.9990051169255905 0.053415940729444424 0.001989766148819072
3 0.6678062961653465 0.8957074239150353 0.0631922906531944 0.09829333605604162
3 0.6338670540491311 0.9097692707046534 0.05468880642076392 0.06842399810013902
3 0.7085215619329159 0.92635866508132 0.059194468464861136 0.060720600873680655
3 0.7470801413394439 0.6802473844961117 0.06700827488562525 0.12805357123840294
3 0.7641020275479855 0.7885144793858687 0.06639002583555573 0.10149107123840277
3 0.783417031632048 0.6975082728888549 0.05221842306201392 0.09647626291777786
3 0.8319428377684716 0.8291771533978132 0.09102634992375017 0.0864479526972918
3 0.8752369364579506 0.9169505635420492 0.05636040919430556 0.07314786569131967
3 0.9486224979127076 0.7865558551451745 0.06846036569131968 0.056251306420763925
3 0.8816181422893745 0.7099556811332299 0.04662173328250034 0.057304660144236054
3 0.8438453853555202 0.7208016089448965 0.051054660144236055 0.046476262917777865
3 0.9609614565939232 0.6594303106922578 0.050219511967847554 0.07768989532659738
3 0.8272956246219441 0.6258339478507299 0.043423998100139014 0.05410692496187508
3 0.916379574469444 0.4590659815700702 0.0497831008736803 0.0589398953265972
3 0.7852191870266315 0.519328721502084 0.06293771751493046 0.0873558360560418
3 0.8486653976077079 0.44654649135371594 0.07968880642076392 0.06900587955902786
3 0.9257195132990275 0.393622819525973 0.06660692496187508 0.04371493882958344
3 0.8891287030785413 0.35368749733763966 0.05599673328249999 0.0575228656913195
3 0.8312064470946178 0.39064133025954934 0.05145470364722229 0.06366376291777787
3 0.895090375190625 0.23188523252000076 0.04429682028847211 0.09160692496187509
3 0.8161497172305902 0.13077536777861182 0.055197952697291795 0.09029899810013893
3 0.7713619344611804 0.24151219281673675 0.09393314437666689 0.07714568787965286
3 0.6926738900082637 0.23030062946211866 0.09415265634451409 0.1536718202884723
3 0.7673264382609025 0.34772582522555623 0.04335126291777787 0.05098192496187508
3 0.6813882850505205 0.37933754150621585 0.06715374525034737 0.13430357123840286
3 0.8173505009499304 0.04560093398302152 0.08717399810013901 0.05512521751493062
3 0.6918959060601736 0.062222776688576974 0.06264677678548622 0.07485583605604174
1 0.6896437282485068 0.024650041506215855 0.04883754350298623 0.018314895326597264
1 0.6447306185411111 0.040019815157569985 0.05741376291777769 0.051309233282500054
1 0.7529405492025694 0.15978941413138953 0.07173083605604162 0.06257404160312507
1 0.6191110630702777 0.13322430128986165 0.062210365691319325 0.05610583605604171
1 0.5339898742406943 0.19690363516170187 0.0627195119678472 0.07798083605604171
1 0.3868232803008679 0.23959701538631978 0.06915134992375008 0.08593880642076393
1 0.45088512709048595 0.2747000204203129 0.06875130642076392 0.06875130642076392
1 0.4466327317638886 0.32306478523795173 0.06882404160312508 0.07187630642076392
1 0.4306797702328817 0.3703755431217365 0.07620013050895835 0.05330814437666671
1 0.5660724095755553 0.3633650897588546 0.06569904160312508 0.07180357123840286
1 0.517994666225069 0.5482842972057991 0.0786354526972918 0.0908445119678472
1 0.2956234780610757 0.833109319622882 0.0863024823325695 0.08477634992375016
1 0.3890253731033325 0.9793095595548958 0.08397626291777786 0.04138088089020826
1 0.5093034651432979 0.8881098634102088 0.07463763050895836 0.053271776785486225
1 0.5206747633959367 0.9973250754646357 0.07071254350298606 0.005349849070728751
1 0.596094950325659 0.8870032647207295 0.06239220364722229 0.06391833605604162
1 0.6300186214878118 0.7392749327487506 0.0564695119678472 0.07783536569131932
1 0.663961782866319 0.5235414831855909 0.09694904160312508 0.0725309230620141
1 0.8774099530785413 0.35341474040378545 0.044622822188333446 0.03851829255305557
1 0.8771709508943399 0.4980187255861466 0.032341027735416715 0.047602351823611146
1 0.8968652018442704 0.5250540042714938 0.05908536569131968 0.05603310087368065
1 0.8500986514074302 0.5528874103316674 0.054179660144236405 0.046548998100139016
1 0.9319467570307634 0.6298330764598272 0.05301720364722229 0.06370013050895836
1 0.8604529635277771 0.6453658510611119 0.0453865416031249 0.07133079255305556
1 0.9118849109067355 0.8200944005480217 0.05592399810013902 0.05439786569131968
1 0.5406476501731591 0.7168712962558685 0.06889677678548622 0.07500130642076393