5 0.5 0.5003684921980839 1 0.9992630156038322
0 0.3006169045645426 0.8652210447753317 0.06934686068413445 0.13304487336031984
0 0.3606259159332491 0.8143446195151325 0.0632241946765233 0.1358423247398008
0 0.3150534307619967 0.7414936177061102 0.07949118182494201 0.07588747060135788
0 0.3320380009142211 0.8050172071452322 0.15986838441013074 0.25004866689245625
0 0.22967168768207893 0.704136380596409 0.09298067885919252 0.06256195499752568
0 0.30732579688333866 0.5852878833099425 0.07413251977166349 0.09743492198083885
0 0.1838246298871443 0.5803812980546921 0.07789418973360744 0.11322369629109837
0 0.20425648809982086 0.4632314196059896 0.13290002471457935 0.12390224672063965
0 0.22332216448755543 0.4180384283124169 0.07824701680591399 0.08361808344622812
0 0.1568986684418881 0.39576728064183764 0.05117518083635884 0.06972600180902226
0 0.15638401528585816 0.3315410063315781 0.04792284684397004 0.06643722749876275
0 0.24314918623638526 0.3157322998637144 0.025891337946721472 0.02318519448207601
0 0.2962516230042431 0.22299924525030163 0.10232118676785787 0.10047139077317438
0 0.2861126190499104 0.24125792231952312 0.1366616946765232 0.13969102103089917
0 0.321916173384804 0.3809279319304615 0.08226335475263546 0.10565685775648763
0 0.3243461536131405 0.4750054805509805 0.05334517589344294 0.04645227611928178
0 0.3412299060845984 0.46414654567984287 0.10101335475263547 0.10663950361804453
0 0.38007618327063575 0.33700086951513264 0.08446252471457934 0.12136374491161739
0 0.3505531679475965 0.40826503787792684 0.0477318458553869 0.06174972749876275
0 0.33050862889856114 0.5927661906368888 0.11877385771838496 0.12160276232447184
0 0.43748814076155923 0.5420026300305822 0.06692751482874755 0.07366987336031983
0 0.39977989372730877 0.5259338947299033 0.04715884288963741 0.04768722749876275
0 0.39549430034337985 0.5734673139972086 0.04170733893530461 0.028691566033373483
0 0.463265437682079 0.716378510288307 0.0803825197716634 0.09776247060135787
0 0.47910931908927906 0.8847533740376884 0.13869903855474383 0.18969102103089916
0 0.5161384282905388 0.7637758107178483 0.08338018577927464 0.09480124491161739
0 0.5611989188989985 0.8107636753717408 0.07811968281352506 0.0804930834462283
0 0.5223565947924416 0.7648846093383673 0.21382105536065782 0.2731453301668676
0 0.6062381407615592 0.5508464427845954 0.0738141847906915 0.08962242198083885
0 0.6916397884803818 0.6453577606269911 0.09425401878308044 0.09381195499752551
0 0.5475860409518397 0.6260644487774891 0.1451745316346617 0.15728795680654795
0 0.6542631693932902 0.813292211101961 0.19953306228073994 0.30513895861557006
0 0.6984230517890735 0.9691461055509805 0.10461851581733086 0.06170778889803898
0 0.7424329673395742 0.5900837624360136 0.06348417984777566 0.06569359905006031
0 0.7887349643738247 0.6066028770899061 0.06663835475263546 0.10483798620519007
0 0.8240596521302657 0.5082406201925012 0.062303681824941747 0.07498671189493056
0 0.737490729734045 0.13494920510906724 0.11654019566510634 0.14331398801421238
0 0.7158545157801497 0.3585128578680293 0.171604380455798 0.2319537641334942
0 0.6243991862363852 0.3357127657153739 0.14635502965749528 0.1479948439616777
0 0.6064848329666246 0.42950703131920615 0.05624468281352506 0.07934666327441153
0 0.5746604658938805 0.1921807717082677 0.09249520060802219 0.16544129353213632
0 0.5667126561217795 0.07980692446722967 0.16657468775644108 0.1085162641334942
0 0.4855104411793011 0.30494636533126107 0.06319501977166339 0.09686171189493056
0 0.5180072647915666 0.3528416327441156 0.06692751482874755 0.07366987336031983
0 0.43829324847994416 0.4261729121427578 0.10528436068413445 0.13492827792830403