5 0.5061890612177947 0.4986079183627942 0.9876218775644106 0.9972158367255884
6 0.5402789238419146 0.7263202448000757 0.11851918973360735 0.11535276232447185
6 0.43320520597086765 0.5799133135469827 0.06153436068413463 0.13263543758467106
6 0.38610600737719275 0.33915219470921865 0.11364068874502423 0.11041960085908267
6 0.48793115114168256 0.44217761816039547 0.09552735870696819 0.1250619549975255
6 0.5201573552097459 0.2635236736783195 0.08678902866891214 0.14019563206674715
6 0.6066081442587814 0.07423212234426702 0.12221719269935694 0.12957903663473141
6 0.7544660296203143 0.21460373756398649 0.08041701186299796 0.06034435775648763
6 0.64159200342286 0.34447270126793933 0.08726918973360753 0.11371501922187681
6 0.7645320963124974 0.2928139467453835 0.09588018577927482 0.09545634215265544
6 0.7894909925484452 0.38817403437548315 0.07126218775644091 0.10352114767057934
6 0.8095568003433797 0.5079575898934071 0.0775121877564409 0.10384869629109836
6 0.6941864683281574 0.5077672393730088 0.08787668479069169 0.09035940637700648
6 0.6498369490507855 0.6013025554063823 0.08462435079830274 0.08707063206674714
6 0.7491392706858846 0.6514486403229485 0.0845261917107738 0.12292624491161738