5 0.65703125 0.6390625 0.68515625 0.72109375
3 0.3859375 0.50703125 0.078125 0.0859375
3 0.525 0.56328125 0.06640625 0.0703125
3 0.56015625 0.46640625 0.07890625 0.0609375
3 0.7171875 0.50390625 0.071875 0.07265625
3 0.72265625 0.5671875 0.06640625 0.06796875
3 0.765625 0.64609375 0.0609375 0.04921875
3 0.76640625 0.3125 0.046875 0.05234375
3 0.790625 0.3484375 0.06171875 0.0796875
3 0.715625 0.39140625 0.078125 0.0484375
3 0.81171875 0.41796875 0.0734375 0.0453125
3 0.85 0.44140625 0.06171875 0.05546875
3 0.88046875 0.36953125 0.06875 0.08125
3 0.925 0.465625 0.0671875 0.06796875
3 0.9171875 0.6875 0.0484375 0.0609375
3 0.8234375 0.74296875 0.046875 0.0890625
3 0.95234375 0.97890625 0.09375 0.04140625
3 0.575 0.93203125 0.0765625 0.06875
3 0.6703125 0.9734375 0.0703125 0.05234375
3 0.75390625 0.92890625 0.06484375 0.08671875
3 0.8171875 0.953125 0.0515625 0.04140625
3 0.7265625 0.7515625 0.0453125 0.05
3 0.72578125 0.7953125 0.071875 0.0578125
3 0.6875 0.890625 0.034375 0.0390625
3 0.48359375 0.85859375 0.11875 0.11953125
3 0.4828125 0.434375 0.040625 0.053125
3 0.68203125 0.44375 0.05078125 0.06328125
3 0.8171875 0.53125 0.06171875 0.02578125
3 0.93984375 0.62421875 0.03203125 0.0328125
3 0.89765625 0.821875 0.03359375 0.034375