6 0.171875 0.21328125 0.0984375 0.159375
6 0.3171875 0.2 0.18984375 0.0875
6 0.384375 0.075 0.084375 0.15
6 0.49453125 0.04296875 0.1390625 0.08515625
6 0.73984375 0.0921875 0.17421875 0.09921875
6 0.52578125 0.2125 0.1625 0.13984375
6 0.871875 0.1859375 0.12734375 0.121875
6 0.6484375 0.165625 0.121875 0.090625
6 0.37109375 0.29609375 0.0984375 0.1046875
6 0.22890625 0.3328125 0.19453125 0.07890625
6 0.49140625 0.32265625 0.1875 0.10625
6 0.66640625 0.253125 0.103125 0.196875
6 0.82265625 0.28984375 0.1453125 0.13515625
6 0.871875 0.49375 0.115625 0.1859375
6 0.8078125 0.37734375 0.103125 0.1203125
6 0.67265625 0.39453125 0.17421875 0.09296875
6 0.74296875 0.52578125 0.11328125 0.18671875
6 0.8921875 0.659375 0.1515625 0.1390625
6 0.69609375 0.72734375 0.11953125 0.178125
6 0.675 0.896875 0.140625 0.14375
6 0.55078125 0.765625 0.08359375 0.18515625
6 0.40703125 0.8578125 0.15234375 0.18671875
6 0.3109375 0.69609375 0.19453125 0.10546875
6 0.4796875 0.60078125 0.1359375 0.15234375
6 0.57109375 0.4625 0.15 0.1234375
6 0.6203125 0.5703125 0.1109375 0.0953125
6 0.259375 0.57890625 0.2046875 0.16328125
5 0.50546875 0.49765625 0.9890625 0.9953125