3 0.3609270486338884 0.5266340785171792 0.16264808320625015 0.14526233887551357
3 0.4346749795796871 0.4440739796125359 0.2121025693385418 0.12327969028743926
3 0.5899410949866661 0.5824281227903337 0.13306837955902787 0.0819439849563052
3 0.6886877195117009 0.5662826340731048 0.13292421561506948 0.14283602084968267
3 0.698338089287083 0.4200070276466141 0.11668096656499997 0.11581887978345584
3 0.2646742169462497 0.3014642454476535 0.14491506933854179 0.12132473370266403
3 0.44234396884611077 0.3493836052393565 0.1521093202884723 0.09498955423577744
3 0.5090424659963192 0.26780934481451524 0.16617182028847227 0.09539873119538153
4 0.2516085596518052 0.4267597621407009 0.17627417211208343 0.12692151583511765
4 0.5957741741088537 0.5330729804704657 0.10370818787965277 0.09514266693047428
4 0.7673601930105551 0.4398588749019048 0.14157186379145834 0.1118588054894186
4 0.3725951665094095 0.32721074003737716 0.11515483415618064 0.11733591567683303
4 0.5967048137358677 0.3253741407370224 0.16184799620027784 0.11088733887551347
1 0.5764046186380203 0.6273230856433152 0.0797251740119446 0.07102320533113407
1 0.24552090739135374 0.48705240446056897 0.08455814437666671 0.07740959765100204
1 0.5160321227220829 0.5377353999082224 0.07652743882958343 0.06780727711788863
1 0.7755701236720134 0.556728126155546 0.07816267401194459 0.07097774122451135
1 0.6284249795796871 0.4384364303913234 0.07823540919430556 0.07410274122451135
1 0.5506461249062844 0.39229486777576883 0.06533536569131951 0.05655152837152997
1 0.7085326665094094 0.3174359571135007 0.08935474715020852 0.08223348997087018
1 0.4797718868741317 0.3178464487337235 0.0778717332825 0.05847774122451135
1 0.3183427711828122 0.3771940196625483 0.08619337955902787 0.08058006175762475
5 0.49912717781166666 0.4760764858807421 0.9982543556233333 0.8603470282385158
4 0.3334008074676037 0.5688132183297648 0.19542421561506948 0.1446545851145899
4 0.5090203629384371 0.4700167024946472 0.12474803970326391 0.12698370031656908