6 0.16753896296531198 0.22322256050482653 0.11644203657757748 0.175983231382639
6 0.3230886260071737 0.20967181962288223 0.21019735376405224 0.1016755220358335
6 0.3881804323192336 0.08318336122600725 0.09973469764227279 0.14905705547083342
6 0.5054660914067626 0.05000979815572959 0.15468218281352505 0.08009015634451402
6 0.7726827663116224 0.09525478865642426 0.19358285672980174 0.1153379785328474
6 0.54925187798434 0.2243019365484727 0.18436436562705047 0.1572709053945835
6 0.9212568705699663 0.19783754084062574 0.1445378616727176 0.13761171561506957
6 0.6783372001137307 0.17423181420763945 0.1368235207602467 0.10152874525034732
6 0.38819631425790635 0.31343390567892393 0.11246019072219057 0.11657186379145842
6 0.2367903231551549 0.3520573817432293 0.21450285178688588 0.09240962480937523
6 0.518966153193211 0.3430149157469102 0.2095261917107738 0.12351415444465293
6 0.7040640533834914 0.2692722104841673 0.12434737847863175 0.21675370174736122
6 0.8743102277940598 0.3099186603316674 0.16548703163466172 0.15370949430041678
6 0.9360588347524168 0.5307773274097578 0.12788233049516648 0.20454464247680554
6 0.8640995810638202 0.40412260201104233 0.11941052768032918 0.13390483415618065
6 0.7196147520143474 0.42105291603125056 0.19326452174882985 0.10752547853284736
6 0.8027203651699398 0.564259361794688 0.13327670950527093 0.20603440729444458
6 0.9428838142579063 0.7075944005480217 0.11423237148418722 0.15636171561506948
6 0.7655081611390575 0.7811552678548617 0.13914470752810465 0.19680487765916688
6 0.7520716967280517 0.9418030804986287 0.15678319368794008 0.11639383900274254
6 0.6110726705305976 0.822049758736806 0.10196304250907655 0.20374455547083342
6 0.46105010729845547 0.9078703174386806 0.1750185405319101 0.18425936512263874
6 0.34805140570184995 0.7456820548052433 0.2157125247145794 0.12209712480937522
6 0.5241589664625341 0.6428512615865977 0.15681236859279987 0.17067878875333342
6 0.6141406848278725 0.4950878684442019 0.16966519566510635 0.1413185970739585
6 0.6743207925462575 0.6120039179311118 0.12457818874502422 0.10748780452090294
6 0.2850818790101043 0.6177739539315628 0.2322580375661607 0.18336193313000032
5 0.5 0.5 1 1