3 0.37421875 0.5625 0.13203125 0.10859375
3 0.42421875 0.4734375 0.18828125 0.075
3 0.60078125 0.57421875 0.1171875 0.05234375
3 0.6890625 0.54296875 0.10234375 0.11484375
3 0.66640625 0.40546875 0.0921875 0.08984375
3 0.234375 0.36953125 0.11875 0.0890625
3 0.4109375 0.38359375 0.134375 0.059375
3 0.45546875 0.29609375 0.14765625 0.05703125
4 0.24921875 0.4875 0.15 0.0875
4 0.5953125 0.52734375 0.0828125 0.07109375
4 0.73515625 0.41171875 0.11796875 0.08046875
4 0.340625 0.37421875 0.08828125 0.09296875
4 0.55 0.3359375 0.1390625 0.075
1 0.59765625 0.61875 0.0640625 0.05390625
1 0.25625 0.54453125 0.06875 0.0578125
1 0.52109375 0.5453125 0.06171875 0.0515625
1 0.76875 0.51875 0.06171875 0.05390625
1 0.60546875 0.434375 0.0625 0.05703125
1 0.52265625 0.4046875 0.05234375 0.0421875
1 0.653125 0.30859375 0.0703125 0.06171875
1 0.43984375 0.3484375 0.065625 0.040625
1 0.30078125 0.43046875 0.0671875 0.0609375
5 0.48828125 0.4921875 0.90234375 0.6171875
4 0.35703125 0.60625 0.165625 0.1
4 0.5 0.48359375 0.09921875 0.09921875