6 0.8241253242756257 0.8390778099630694 0.1165004350298613 0.1771147717116218
6 0.6719088608447576 0.8374510357702484 0.20705139342673623 0.11109597353086756
6 0.5973472315700702 0.93886140860089 0.09873105357097227 0.12227718279822
6 0.48006946580250076 0.9651648893704674 0.15203658510611112 0.06967022125906511
6 0.22479943113322992 0.9071533362273143 0.19015483415618065 0.12279545285270288
6 0.453376413181459 0.8030802280789813 0.18176175911805573 0.1645463052100677
6 0.09029518493295205 0.7947538819268695 0.1437526128415279 0.14092471463952716
6 0.32310833814333406 0.8391546610820892 0.13514002583555565 0.10618584160399784
6 0.6179460998268409 0.7319244737357551 0.11202983415618065 0.11915672249741008
6 0.7680181817988199 0.7084784733214704 0.20999455547083343 0.10342902274507892
6 0.49294544661645895 0.6925451424708394 0.20596167211208344 0.1313356989237615
6 0.3068819664680909 0.7455309396181365 0.12522212480937522 0.2165411447471511
6 0.1440721887326742 0.6911237677826803 0.16442878875333347 0.15749578453190338
6 0.09841027735416706 0.472825377997928 0.13594141926229183 0.20767556699689216
6 0.16229355223979217 0.6022260876750565 0.11871624525034732 0.13819782092583352
6 0.3042264791015283 0.5979110769216895 0.18997299620027785 0.11498295285270288
6 0.23529202830409757 0.45266704342324343 0.13285278685347243 0.20909251778268043
6 0.08970415852871552 0.29995080417661046 0.15512652393569457 0.1601841368892682
6 0.28984832247267384 0.24840122849326604 0.13888458130638898 0.20000861621110372
6 0.3180064240119445 0.08348685793893613 0.157887848023889 0.1447046861034799
6 0.4437539192622918 0.22201216459674594 0.1014936840799308 0.20294952564056318
6 0.5971860841561807 0.14175323800377876 0.17507665444465292 0.21261993217453848
6 0.6934103867772224 0.3194844398230243 0.21217530452090294 0.1300642973521849
6 0.512725390861285 0.402376060791639 0.15545383225631965 0.1742466368892682
6 0.4136183564763546 0.5366718240262054 0.165700348023889 0.14506855913900923
6 0.36407033852458365 0.41964483581302964 0.12278549620027786 0.11185364474715112
6 0.7432493454584378 0.44901142803620003 0.22925500816812522 0.1932920434232434
5 0.5 0.5 1 1