3 0.36154164859168525 0.5480620459500478 0.14197041868236288 0.11726132001909004
3 0.41802855327023014 0.4599166086091845 0.1947317920114539 0.08662948535963508
3 0.5901660879217309 0.5696172305856401 0.12256589067472703 0.06079314401654479
3 0.6826626705920035 0.5419820319064589 0.11077496268299925 0.12158519334818116
3 0.6679109219446389 0.399985435908686 0.099546561346272 0.09645792401336299
3 0.2326552219525931 0.3464642779678651 0.12612724267981754 0.09832950668363552
3 0.41050750194941144 0.3678291059436844 0.1398442973424542 0.0688056386855446
3 0.4615074752944109 0.2813098032702302 0.15388861600890866 0.06740677068745357
4 0.2398399186028211 0.46745803063336516 0.15893974267981753 0.09871131468808994
4 0.5883768685948669 0.5219882525859582 0.08839088534372674 0.077580654678545
4 0.7380961526098208 0.41010477589914096 0.124455654678545 0.08893632535009015
4 0.33955920261777495 0.35615635662000217 0.09645792401336309 0.09954656134627218
4 0.554730216621593 0.3255314232575035 0.14473179201145392 0.08604768268618095
1 0.584951329248913 0.6149842745862764 0.06942270934118148 0.05861247867599957
1 0.24385470926163966 0.5252159866327288 0.07260225334181776 0.0633363413430903
1 0.5116507365929579 0.5369416379296851 0.06627952800763595 0.05701361600890884
1 0.765720618594867 0.5199246712285504 0.06629770934118148 0.05857611600890866
1 0.6050927486075937 0.42805643925050385 0.06789657200827222 0.06171929734245403
1 0.5226802379455935 0.3946450499284124 0.055232940006363404 0.047511346674090585
1 0.6612347552912292 0.3024200925764132 0.07576361600890884 0.06649770401018137
1 0.4421574912874112 0.3330904792727755 0.0676965773392725 0.04453179734245412
1 0.29595410594368443 0.4113438432925019 0.07263861600890867 0.06646134134309048
5 0.4818274239338212 0.4818274239338213 0.956291836091632 0.686036069462085
4 0.34150132125241284 0.5920393126193659 0.17472837468172653 0.11295562802354446
4 0.4936370806015484 0.4738785639322304 0.1059056493475449 0.1059056493475449