5 0.5015181413510447 0.6013470662650083 0.9969637172979107 0.7973058674699833
4 0.09320203743631345 0.7536794658697202 0.1706954026893626 0.17701606826055957
4 0.37886791211804 0.8480540082454435 0.2240385786919079 0.19886024715740264
4 0.3917935314289956 0.682345708259561 0.16718859468490824 0.1440215577372161
4 0.6421127994509492 0.829594621653737 0.22233062802354447 0.18626924189573088
4 0.6143770560948137 0.6631274584713225 0.16717041335136287 0.1424590577372161
4 0.2264588854232686 0.6497592633659411 0.17670904535327187 0.15706758930724707
4 0.023279341422632254 0.6569024473832815 0.032631781349453805 0.12057010523343692
4 0.015283933402269556 0.5072664684299688 0.019622704010181347 0.0760920631400623
4 0.06273055072404281 0.41928905531814153 0.1168431493475448 0.11142188936371689
4 0.16864529073836035 0.5186604527861277 0.15904883068109027 0.11544153142885669
4 0.31610209341181456 0.5601059581889739 0.15439769334818115 0.11829351564384112
4 0.8342270267743132 0.7449179718372637 0.17690904002227156 0.17425508930724726
4 0.8789117234245414 0.6211395666179442 0.14951019867918092 0.10083299985882554
4 0.23743110606299708 0.45054821864173045 0.15119996801399935 0.11186150512049746
4 0.39341802406904225 0.48602444510538145 0.12138519867918127 0.09919490514873246
4 0.23346067405313392 0.3780739791650741 0.1275079293443631 0.08862142619541977
4 0.3644930453930427 0.4189125398154747 0.11653406667727229 0.08485938936371688
4 0.36482885272117926 0.3805857871846388 0.11328179734245411 0.07373987884037314
4 0.4998311087284971 0.42666558468085974 0.12431020401018138 0.08218941567207612
4 0.5895930427275426 0.4144015321347284 0.11807838534372675 0.08338789462538862
4 0.5309731154121327 0.5499364847090946 0.14941929201145393 0.09302049985882554
4 0.6122680214035422 0.4818774584713226 0.13068747334499947 0.09349093671876343
4 0.7208163180696786 0.47164634278512907 0.13530224801081764 0.087513952503779
4 0.8006679974140418 0.5483005770707006 0.14162497334499946 0.0941279735504665
4 0.6733333380808144 0.5564987558969564 0.141643154678545 0.09569047355046649