5 0.5 0.5 1 1
4 0.48955858206888825 0.6323759241471336 0.3985518284565973 0.2871329892850447
4 0.0914192081125345 0.6137227049019907 0.182838416225069 0.16921133538669525
4 0.7367115646857982 0.3435043639881818 0.2857595813063892 0.20357146641955398
1 0.4346613682567707 0.20729656779386407 0.20280030452090295 0.12729665389834954
1 0.22691245849378414 0.6813590942875519 0.13528549620027785 0.11088791469812272
1 0.34470198337940927 0.550786162166234 0.16911628875333343 0.1557837524470706
1 0.9092392216959023 0.41007676117829134 0.16421058320625015 0.14624506134007814
1 0.7386955580362845 0.15764870954167803 0.16377417211208342 0.12749506134007813
1 0.4977217998681594 0.34872761044480266 0.11137521751493065 0.08975695916315996
1 0.17639296694624976 0.30296376497612443 0.049528527735416716 0.04856647477225655