5 0.5011398603584795 0.5003499788245652 0.8664702792830411 0.9993000423508696
4 0.6347026328597166 0.5491713574292977 0.20543328697341573 0.343278343089554
4 0.49971132067153035 0.9162595734266505 0.1308006999091429 0.167480853146699
4 0.443151377205507 0.2675026800307882 0.14254378335537102 0.24606699980360833
1 0.2301313195398765 0.5147766140685971 0.08597952283992143 0.1801329275949012
1 0.602973518771651 0.7967185231203423 0.0824583751693421 0.1129454275949012
1 0.5176645398025501 0.6649321919346448 0.12110479534115867 0.13503859621281222
1 0.5563175197877037 0.12124127926866239 0.1120573439616777 0.1412340540583344
1 0.27398197535105623 0.22978853571157004 0.09314356965141819 0.13799996974937895
1 0.37778092548734177 0.4859390626425414 0.06733134215265543 0.09255111436318479
1 0.24260590683129185 0.7688328549934107 0.03798467887824382 0.03927157825883114