5 0.5 0.69921875 1 0.6015625
4 0.178125 0.8421875 0.1734375 0.11953125
4 0.47734375 0.878125 0.1796875 0.134375
4 0.45625 0.7265625 0.134375 0.096875
4 0.7140625 0.8203125 0.18046875 0.12265625
4 0.65625 0.675 0.13671875 0.09453125
4 0.2984375 0.7234375 0.14140625 0.10625
4 0.06015625 0.76875 0.1203125 0.09921875
4 0.040625 0.6296875 0.07890625 0.0671875
4 0.0984375 0.540625 0.1015625 0.07890625
4 0.21953125 0.61328125 0.134375 0.06953125
4 0.3625 0.62734375 0.128125 0.07421875
4 0.8734375 0.71484375 0.1375 0.12421875
4 0.8890625 0.59609375 0.12734375 0.0578125
4 0.26875 0.540625 0.12578125 0.06953125
4 0.41875 0.5484375 0.09921875 0.06484375
4 0.2515625 0.4765625 0.10859375 0.05234375
4 0.37890625 0.49296875 0.09921875 0.053125
4 0.371875 0.4578125 0.096875 0.0421875
4 0.50390625 0.47890625 0.10625 0.04609375
4 0.58359375 0.453125 0.1 0.0484375
4 0.55703125 0.58515625 0.12890625 0.05078125
4 0.61796875 0.51171875 0.11015625 0.05625
4 0.71484375 0.48515625 0.115625 0.05
4 0.803125 0.54140625 0.12109375 0.05390625
4 0.68828125 0.56875 0.12109375 0.0546875