5 0.6551194732654577 0.5084343769783645 0.6897610534690847 0.9831312460432711
4 0.7906997005490508 0.9034342353564497 0.14914766669318064 0.19313152928710053
4 0.8746683572565489 0.61180935549318 0.16484539202736243 0.2100787641334943
4 0.7168558572565489 0.6035387528250752 0.12049540802036277 0.15622342378986112
4 0.8525864612905929 0.359717911011104 0.15392607336090763 0.211068054047586
4 0.6951006779519567 0.39055075192056393 0.11740677068745367 0.1591846494796016
4 0.6884297705681408 0.7623029211878694 0.12999767735518084 0.16765224672063966
4 0.6967127958705059 0.9708978346894235 0.11982269867918127 0.058204330621153134
4 0.552054276535688 0.9785598484842335 0.08050566000954511 0.04288030303153292
4 0.4715042578771874 0.9299496873575285 0.09667610001590835 0.12218261646291495
4 0.564237745226005 0.820677585932619 0.09233404535327168 0.1516244549975255
4 0.6002854279121859 0.6787291033454734 0.09540450135263541 0.1471007293077852
4 0.7694937926480009 0.17791131105653255 0.1487294960216353 0.16707239258219664
4 0.6503534413192279 0.13805319368910654 0.07816245735199914 0.14151247060135783
4 0.49775931723427724 0.7562189382620396 0.09069882001909005 0.14529256784239591
4 0.5292194972549582 0.605431044209505 0.08254087468172652 0.11519563206674696
4 0.42968147923300465 0.7620318470138954 0.0701317813494537 0.1223530348257091
4 0.46631950791695836 0.6365305580043148 0.07002269334818116 0.11297803482570909
4 0.4288013265834129 0.6361277662812007 0.05903064934754472 0.10771732473980081
4 0.470962649268003 0.5062255823145743 0.062264737348817434 0.11725609905006032
4 0.4571097819462297 0.4202914043408417 0.06533519334818116 0.11273237336031983
4 0.5870421826066391 0.473222731794176 0.07193063868554468 0.14274742198083884
4 0.522271705283275 0.3963459712787264 0.07641814401654479 0.12580558344622803
4 0.5109625826305016 0.29334712403768837 0.06864200668363551 0.12852114767057934
4 0.5814483526416374 0.21495985244096233 0.07496473201781732 0.13509869629109836
4 0.5917580492918655 0.33666775610443544 0.07496473201781732 0.13509869629109836