3 0.8596071927514052 0.6192599591220685 0.05370680267345414 0.05030907220870695
3 0.7689667481301303 0.9541849258463854 0.060102253341817756 0.0628454336450254
3 0.634083218133312 0.9784087419067724 0.06135567067154533 0.03629202400410492
3 0.16371453210531334 0.7748813044511179 0.03958975867281787 0.045539758976990544
3 0.3230327987348605 0.5004984071068377 0.06642497867599957 0.06913179508134384
3 0.3771294053946336 0.44939899453905097 0.03319430800445433 0.03300339754067192
3 0.4146208620703149 0.5155916211006799 0.06353633601209037 0.08942611436318479
3 0.743954920751087 0.6175888956939601 0.09311474801081765 0.0802238311856975
3 0.7647652180537703 0.39167129030776604 0.07129429201145392 0.08478406615858276
3 0.5516065254614487 0.9406047357584523 0.030069308004454242 0.032985216822512695
5 0.5340210113383179 0.5336143923743106 0.9319579773233642 0.9319894443705318