3 0.14280004737544405 0.3915229496194391 0.05325397477225655 0.05053851087441501
3 0.22137400299522486 0.04579129695770079 0.05832342068857255 0.0616670118629981
3 0.35436011778601484 0.023827408136126868 0.05690476442797028 0.021042011862998096
3 0.8464235882971021 0.20426159642404054 0.037465283665263985 0.04521434091247105
3 0.6947866441100666 0.49146848326844816 0.06479167549789597 0.06817167984777565
3 0.6428223508261558 0.5456811393902277 0.0323958377489479 0.03408583992388792
3 0.6021179944728864 0.4790865469948818 0.060922631032858734 0.09141817885919253
3 0.2610416158870983 0.3885173078321157 0.09480655771188111 0.07875635277546911
3 0.24981390609096624 0.6204212238397269 0.06857143992586626 0.08704901384016442
3 0.4434126941022175 0.050144510417304375 0.02921627404661713 0.03239600593149905
5 0.46171875 0.46412609737544275 0.9234375 0.9282521947508855