5 0.38248195194145723 0.44703941505620903 0.7475360961170855 0.8925508222037527
0 0.6198001386060028 0.4723417984777566 0.0696954293443632 0.08405134783255334
0 0.5552189232575035 0.5814820351318837 0.07763519867918127 0.09530718281352524
0 0.43734053258277666 0.6360820104173044 0.07761701734563572 0.09374468281352524
0 0.45768194661045714 0.4329079308735399 0.06211928668045399 0.10404551285158128
0 0.3531757126034575 0.48023657562661287 0.11075678134945388 0.12320668973360753
0 0.5019506619589564 0.32294002326888566 0.09304202267663583 0.07719385277546902
0 0.5728273306413193 0.21014820459953606 0.06486247867599956 0.07136034684397004
0 0.4181580119748648 0.2022826719762913 0.07587270401018138 0.07805601581733076
0 0.2855267779678651 0.24846531079786524 0.06838746801399935 0.10586268083635879
0 0.47082957332113684 0.10907118285070623 0.11404541335136287 0.1373965237259962