5 0.4288392734136449 0.577615116480231 0.8576785468272898 0.819769767039538
0 0.4754314981010834 0.35944576907801873 0.08855655771188112 0.0765000446422687
0 0.5613293033658938 0.4485161773578493 0.09814981252120454 0.0829136858759707
0 0.5811283934770944 0.574655937504119 0.09507937622353531 0.08442163879807012
0 0.39535707378431384 0.5060673989476351 0.10401786660488846 0.07208528003177221
0 0.4117409872164922 0.6182128429412806 0.1306002139724832 0.11783415665497757
0 0.30333575409153324 0.43584244805413064 0.08457838584218216 0.09673072402541774
0 0.21687495363604628 0.34053567654377515 0.07589286660488855 0.07159435633066594
0 0.16877721561694584 0.4881606988649095 0.08241568511654278 0.07951595048646745
0 0.17642104610949966 0.6270050105533068 0.10892362141421197 0.07841710064862309
0 0.09407980517999234 0.41372948904295137 0.14331846878180676 0.12430234496658024