5 0.496875 0.503125 0.98359375 0.60703125
4 0.6375 0.24765625 0.12890625 0.08359375
4 0.34921875 0.27734375 0.14375 0.09140625
4 0.15546875 0.43828125 0.07421875 0.04921875
4 0.26953125 0.6828125 0.0953125 0.08203125
4 0.53046875 0.65625 0.19609375 0.11171875
4 0.72890625 0.65078125 0.1484375 0.09296875
4 0.87734375 0.48984375 0.12109375 0.10390625
4 0.82109375 0.37109375 0.06640625 0.0515625
4 0.71796875 0.3 0.05703125 0.028125
4 0.22109375 0.328125 0.11171875 0.0453125
4 0.22421875 0.59296875 0.18828125 0.103125
3 0.61953125 0.434375 0.11171875 0.08046875
3 0.384375 0.27109375 0.06015625 0.03125
3 0.21171875 0.42578125 0.05625 0.05