5 0.5009727013446813 0.514548514119258 0.9980545973106374 0.6947220282385158
4 0.37999351277049526 0.7756414753228869 0.13542951734563582 0.09453491316955062
4 0.66853784476445 0.7395210850480828 0.15116360534690845 0.10436455423577744
4 0.8540197167409056 0.5715392778428046 0.07874316534054522 0.055398205331134064
4 0.7223226320416799 0.3279447390464333 0.102580654678545 0.09045516693047428
4 0.46185784671386143 0.36097723324044556 0.20612382535009016 0.1293932979675713
4 0.26125841004931594 0.37076009553943107 0.1558692866804539 0.10606344655564541
4 0.12261517540576941 0.5369808259433897 0.12785337468172658 0.11462009263643722
4 0.18647877542167773 0.655986890208297 0.07096702800763599 0.058295884798020656
4 0.29584523209735913 0.7255528956185733 0.05973862667090888 0.03297763605166182
4 0.7952088854232686 0.6854139097378313 0.11466248400699967 0.05488137978345584
4 0.7741311273869975 0.41770357251167045 0.19663973734881743 0.11974551332783516
3 0.3856060714114964 0.5868062958560001 0.118205654678545 0.09090980799670093
3 0.6334725014321773 0.7463106426490724 0.06289998933799978 0.03619356426490725
3 0.7987418707431327 0.5863315520576993 0.05999316534054522 0.05485263605166182