5 0.5170378742738744 0.4987177529952249 0.8872007485477488 0.9974355059904498
4 0.2718216118678775 0.2917782391154088 0.12275691149637406 0.15716271397248338
4 0.25330932216417856 0.5999553268643567 0.13449493217453848 0.17473215988879928
4 0.38940744974782177 0.8338714806778883 0.07289815260503385 0.09146330290255769
4 0.6660384162493758 0.7584795779606651 0.11170809553293921 0.12089783175849825
4 0.6835896734880861 0.48007183576521334 0.170072867244561 0.23525299763774718
4 0.712155513439454 0.2701412750581075 0.13783825599585597 0.179528787293461
4 0.5681207613725394 0.08423603530972648 0.14292386228216217 0.15474704210278448
4 0.43367514081820957 0.12101432741251092 0.07409677956950453 0.08370536660488855
4 0.3410938426374552 0.216584776957024 0.04524403349844599 0.06709821996293312
4 0.28429611062502325 0.7444220894782285 0.07784251778268025 0.13063493030721923
4 0.5642233591772812 0.7902057823145016 0.15862594499481997 0.22393355172143128
3 0.46521204693790014 0.34449646743104434 0.11563361621110371 0.13819445916315995
3 0.25230759429008504 0.5616467950131913 0.04851458271265772 0.07033234736759475
3 0.38578799007069337 0.7729612625290537 0.06726458271265763 0.07098711179556502