3 0.31078691004732695 0.6631256721339522 0.1388105397032639 0.1242283612399266
3 0.5382702515186114 0.36566836827200955 0.07692748233256949 0.08324883723582169
3 0.4229907436348267 0.3811848048439013 0.14516964247680555 0.12895222267624523
3 0.4853842537028129 0.5105268711988759 0.09527743882958326 0.06617042154477701
3 0.5920167666205908 0.5599132719610017 0.060175087005972294 0.034720433645025396
3 0.5802967101998269 0.49278485929501914 0.06835126291777768 0.05039088544042354
3 0.6534426162600004 0.4462593172387373 0.10592530452090294 0.12091246369925486
3 0.7282283299752089 0.6380377510801545 0.1002195119678472 0.07713519262201593
3 0.672957642095556 0.5461593232888615 0.08110583605604163 0.0614011083130606
3 0.8607998681598614 0.3919207543016084 0.10469011284152785 0.13496587334017515
3 0.9557136310776393 0.4413753327568313 0.06381053970326392 0.12379202400410509
3 0.8058097757386464 0.714940618664793 0.04673083605604163 0.06120112041330898
3 0.6274847539871533 0.7073831695998695 0.1419719072944446 0.125809041958086
3 0.4888411344961117 0.7597592567374953 0.06718880642076393 0.06756929508134384
3 0.33591615624760485 0.7692438619272977 0.1411354526972918 0.089871541958086
3 0.4257222322356603 0.6999620759211401 0.09854921561506949 0.13961701190385672
3 0.469202088143334 0.8223819765850701 0.0908081443766667 0.0755181504675381
3 0.6257618658787507 0.868352485856648 0.11918902393569457 0.15379768657189175
3 0.4729628677786118 0.8161092506873711 0.09687630642076392 0.06774201190385654
3 0.42438185704503545 0.9109359373574586 0.10915940729444458 0.1256181444174139
3 0.7370623885801744 0.8497337751824554 0.06791615824437507 0.09881929508134384
3 0.78079289836382 0.7815014047691464 0.08833776101791671 0.10362496974937904
3 0.9755156783803475 0.7592168177297166 0.04896864323930501 0.09881929508134384
0 0.7305648946610072 0.26844286856659716 0.22246080072118063 0.2278260599120669
0 0.785128374143785 0.43064743189650956 0.14513327488562525 0.1273897226762452
0 0.9531179207809032 0.56484464901361 0.08052526101791671 0.1035795179539809
0 0.9477537010817711 0.7562508990136099 0.10449259783645778 0.16476245764913067
0 0.8894074450009383 0.9160440555312725 0.1985492156150695 0.14019879488495235
0 0.6784861691653826 0.8172576184684013 0.06231946846486114 0.05972952400410492
0 0.7270470364722227 0.6208547962596944 0.08717399810013901 0.053624969749379046
0 0.5326794406325353 0.6290177959651067 0.03982752583555556 0.10021816861791084
0 0.3928363438429172 0.6634296782822723 0.08350479065319458 0.09734769867214013
0 0.47578135609510497 0.9372030006873711 0.08561280452090295 0.12079428903121965
0 0.7007274579187162 0.9671485341594458 0.07768989532659738 0.04888292759490156
0 0.33424847273635494 0.9661552233636164 0.09992857123840278 0.06463519262201593
0 0.350629353626563 0.5956972776183423 0.19600479065319448 0.09800220452587265
0 0.2411478636945492 0.7260392834720749 0.1519274823325695 0.08368517447164336
5 0.511264808320625 0.511089952580965 0.97747038335875 0.9775655647838406