3 0.3365241171805364 0.6950879700429526 0.1395291644231918 0.12501927601845358
3 0.5637779728156043 0.3993958514083147 0.07745506175762476 0.08524770401018138
3 0.4470223818285198 0.4128760013924063 0.1459610208496825 0.1313420013526354
3 0.5109748847315136 0.544044732733906 0.0972674565847754 0.068296561346272
3 0.6187024681967508 0.5960623134149963 0.06037521034569906 0.03506589067472685
3 0.6057872795586642 0.5279662940801781 0.06864235141192587 0.05078179734245403
3 0.6802273384132951 0.48275433875713214 0.10823370031656906 0.1230931493475449
3 0.7561773876345075 0.6773224987666773 0.10222774122451135 0.07772610534690845
3 0.701128523290458 0.5837446740929048 0.08146060015828453 0.06186474801081765
3 0.8880338267348126 0.4312843874522218 0.10551787727617316 0.1371192866804538
3 0.975498413994227 0.48315651746494853 0.04900317201154607 0.12414657200827221
3 0.8342091109123302 0.7555480434436312 0.04864810015828454 0.06148294000636341
3 0.6550528083259055 0.7448725307526779 0.14430759263643722 0.12819882001908986
3 0.515928123844454 0.7947987107335879 0.06914245658477522 0.06796929734245402
3 0.36227192643087874 0.8016015993793616 0.14326191818411543 0.09226132001909022
3 0.4524590057394807 0.7339242980585428 0.09940426959604132 0.14173406134627217
3 0.49747965221598384 0.8586248533974971 0.09280727711788864 0.07605451734563573
3 0.654289593361353 0.9065276460852688 0.1200804824490227 0.15447041868236297
3 0.5004000637361818 0.851629966064588 0.09887542069139794 0.06987724267981754
3 0.4523239280802313 0.9412260786919079 0.10979620031656907 0.11754784261618419
3 0.7662667561351921 0.8898679521005409 0.06848923871722885 0.09920111600890849
3 0.8096015674971057 0.8224264607733588 0.09054609514371989 0.10570565467854465
3 0.9897267073761981 0.8035781054662212 0.020546585247603843 0.09736589600572713
0 0.7562944302583094 0.3055747681014953 0.22382525956691132 0.23065220536281678
0 0.8126079294003796 0.469456002108495 0.14591555674305995 0.1297795013526354
0 0.9704107545523465 0.606512201463994 0.05917849089530698 0.10399770401018138
0 0.9618828522033486 0.8016974321291759 0.0762342955933029 0.16362724267981754
0 0.9104430299876292 0.9440802743873157 0.17911394002474168 0.11183945122536869
0 0.7074995098961159 0.8563827427593594 0.06427310015828454 0.06166475334181776
0 0.7548733004083467 0.6593446580999045 0.0874832796251713 0.05412497334499946
0 0.5590068709414602 0.6648754007399511 0.04045516693047428 0.10199885200509069
0 0.4185553671805364 0.6960424900540885 0.08406877461060631 0.09782042934436319
0 0.5011706050398355 0.9556431146960442 0.08397784639736088 0.08871377060791161
0 0.730204887172289 0.9913589880450207 0.07710806927947225 0.01728202390995861
0 0.36219067306566644 0.9844670013526354 0.09943771034569907 0.031065997294729187
0 0.3759526785424498 0.6276010253819069 0.19661423871722886 0.10069198535963508
0 0.266490413498755 0.7575328786998621 0.15397209765100203 0.08457608935390812
5 0.5218439077592743 0.5260266980028635 0.9563121844814516 0.947946603994273