3 0.13157638038143588 0.5725893065307547 0.14262785178688592 0.09235616950744614
3 0.2566652692030098 0.7091766256753812 0.0785016847906915 0.08855655771188112
3 0.17468173463977973 0.47473464908902613 0.08293451680591395 0.08247024881887359
3 0.31312078802327115 0.2260838726801563 0.08605951680591399 0.0825793762235354
3 0.9637004722824901 0.5609649143196046 0.03325285178688588 0.08853671034428637
3 0.6769989683281573 0.5697297567930579 0.08395318874502422 0.1074702488188736
3 0.37755997281396275 0.14227435707105968 0.1301570266917457 0.1309275961864685
3 0.37389653156029945 0.6545933077966991 0.07282468775644109 0.10240080290255768
3 0.3284076180241462 0.6381399285779389 0.07575868676785787 0.0978224303072194
3 0.6041079549822845 0.6305556401881696 0.0664818458553869 0.06161211179556503
3 0.83297971289095 0.600994658877309 0.06262201680591381 0.08176092068857255
3 0.4055961536131405 0.4718452951828274 0.08516817885919252 0.060704376223535306
6 0.18362960619832916 0.293539212791357 0.12795785672980178 0.11524803248413758
6 0.41055420353659083 0.23496285407583478 0.11000635277546902 0.09589783175849816
6 0.4680112178710468 0.16890383365741474 0.09533635771838504 0.11878969473518963
6 0.5522031926621759 0.29154521469027356 0.10369268577927464 0.09411707694917482
6 0.7844002218253795 0.16117570152824762 0.08577035672980174 0.1137748125212045
6 0.7843299431564674 0.2973041744864056 0.10251218775644108 0.10343751324684387
6 0.5585593275294171 0.4427629743089204 0.09658052273741298 0.11103175843752044
6 0.8488540636892526 0.5186186684959558 0.08357118676785795 0.09809524881887377
6 0.7679011995450771 0.6620933607840748 0.10876218775644109 0.1036557680561673
6 0.7056465972638996 0.7498909719466677 0.10206651878308026 0.09250001324684387
6 0.611421753385679 0.7966717135091471 0.09167284684397004 0.06717263103285873
6 0.48493750783430334 0.7711310217691825 0.0730501808363588 0.06964286660488846
6 0.3176690947924416 0.7480779237686155 0.09269151878308035 0.09217263103285873
6 0.43079247178819846 0.5447024418247828 0.09948534684397004 0.06744544954451293
6 0.2679449619023667 0.5859573804847046 0.08255251482874763 0.0730952488188736
6 0.2597769762368228 0.5176066845683887 0.08386034684397004 0.06689981252120454
3 0.6128408982131142 0.10902538056952263 0.03857702174882984 0.10432540145127885
3 0.5397191442216004 0.5211235872856118 0.09868685079830275 0.08614088584218216
5 0.5 0.45889391659703926 1 0.917678705789417