5 0.5003864449062928 0.51328125 0.9992271101874144 0.9734375
0 0.3145103763517364 0.7688873971478886 0.11066001834240007 0.1521806444174139
0 0.5483324807331631 0.4827964028052293 0.11915447994174037 0.17566359621281205
0 0.7877600082467632 0.7114946163080923 0.09720527210332364 0.11929542154477701
0 0.7512722419494272 0.8534457669720222 0.07784751834239997 0.15198974687674216
0 0.7740779414745735 0.6707968934354553 0.1776489415410806 0.19943743949875792
0 0.9397544172596787 0.7272201311388151 0.11416545157021041 0.11158291549465282
0 0.6425337394421448 0.8746844418364489 0.08277905925034226 0.1067136083130606
0 0.6281650140527509 0.9696186501729507 0.06748902837152997 0.06076269965409864
0 0.5292501409332129 0.9544805052645572 0.03426735141192587 0.050190897540672096
0 0.4410514589590438 0.983649854797019 0.04305131802583091 0.029932939695149586
0 0.24716375197855706 0.763027761707465 0.05544366943775678 0.07999657220870696
0 0.2558029660851797 0.7646402586824028 0.023466243731793845 0.05481476502711473
0 0.2446883066765529 0.5974163972460844 0.10865490063313832 0.24434087334017515
0 0.17185621192854464 0.6446408551898025 0.041897994985435096 0.04398634933607006
0 0.34352061177026005 0.5847123850476401 0.09262542069139794 0.06927724082661779
6 0.6436185855103013 0.34821739060678497 0.14944973370266404 0.14303290339440444
6 0.08290370902555075 0.5136766806199634 0.09004598997087014 0.08800906010845858
6 0.29946438638086625 0.6813146742752516 0.12936455423577745 0.1507272287263694
6 0.10066317352788483 0.6676601986721401 0.11958037727617325 0.13661018657189175