5 0.5 0.4690992767345423 1 0.9381985534690847
0 0.5836904976377474 0.16610209341181456 0.10658236061443879 0.1449317866804539
0 0.4916518528947084 0.5047367847310424 0.11359625244707079 0.16687951201463563
0 0.20103179817805222 0.3896817600254534 0.09455358656782167 0.11355451734563582
0 0.17901541052177153 0.2512005153564535 0.0768948606144387 0.14458634134309048
0 0.2270685085223385 0.41966016136218054 0.17066470798203354 0.19097154002227157
0 0.06654023628981993 0.42950623400699967 0.10688989546082905 0.10901246801399936
0 0.2636334579820335 0.19205332936822567 0.08016370435383653 0.10401588534372683
0 0.2327430673305279 0.09017265603118038 0.06717263103285882 0.08980793467536323
0 0.3307986214142119 0.0803805800445434 0.03450397477225655 0.04881930800445433
0 0.286493060707106 0.04159934337204367 0.03486607332097771 0.014462489337999785
0 0.39445932813030116 0.02489419605345209 0.0399355192372937 0.02545453333863612
0 0.6439186695074461 0.1464986654200869 0.054181557711881115 0.07559998400699967
0 0.6353794832097771 0.14796116808558696 0.023675602176918175 0.05181703866963625
0 0.7075868438242158 0.2924929654280411 0.10802086424263582 0.23085110534690845
0 0.7528422909216581 0.22429749610117716 0.04053571996293304 0.04264203333863605
0 0.6288095685964723 0.3399941267504507 0.0882291754978958 0.06662497334499946
6 0.46033490942546323 0.6589970233927246 0.1453720421027846 0.13757382001909005
6 0.8783904171451933 0.3085372307844946 0.08893850362819719 0.08693747334499946
6 0.6299231460938012 0.237704920751087 0.12527779691210802 0.14358746268299924
6 0.8043303798517325 0.1780406614417223 0.11546628729346083 0.13097837468172657