3 0.84453125 0.40859375 0.12734375 0.07734375
3 0.72578125 0.284375 0.06796875 0.078125
3 0.80703125 0.49921875 0.071875 0.07265625
3 0.684375 0.73203125 0.075 0.071875
3 0.059375 0.4328125 0.05703125 0.08046875
3 0.340625 0.4203125 0.07265625 0.0953125
3 0.6265625 0.8109375 0.11328125 0.11484375
3 0.61875 0.3359375 0.0625 0.09140625
3 0.66171875 0.35 0.06484375 0.0859375
3 0.40625 0.36171875 0.0578125 0.05390625
3 0.1953125 0.39375 0.053125 0.07109375
3 0.59375 0.50625 0.0765625 0.0515625
6 0.803125 0.6671875 0.11171875 0.10234375
6 0.59453125 0.725 0.09609375 0.08515625
6 0.5421875 0.7875 0.08203125 0.10546875
6 0.46171875 0.67578125 0.09140625 0.0828125
6 0.25 0.79921875 0.0734375 0.10234375
6 0.246875 0.6734375 0.0890625 0.09140625
6 0.45234375 0.53515625 0.08359375 0.09921875
6 0.1828125 0.46953125 0.0734375 0.0859375
6 0.25390625 0.33515625 0.0953125 0.09140625
6 0.309375 0.253125 0.0890625 0.08125
6 0.39609375 0.20859375 0.08046875 0.0578125
6 0.5140625 0.23046875 0.0640625 0.06015625
6 0.66875 0.2484375 0.08203125 0.08125
6 0.56875 0.4390625 0.08828125 0.05703125
6 0.71875 0.3984375 0.07265625 0.06328125
6 0.72734375 0.4609375 0.0734375 0.05703125
3 0.41015625 0.84453125 0.0296875 0.09453125
3 0.46875 0.4625 0.08671875 0.07421875
5 0.48984375 0.559375 0.97578125 0.88125