3 0.4842641314944694 0.15478706921296517 0.11040348620028233 0.15157452335696503
3 0.3271044220795483 0.2471383906040084 0.09683981818121908 0.0902733105039836
3 0.5699328502448813 0.21746657713052397 0.09217959172016954 0.09169941818411553
3 0.7801049168045425 0.40179742768452 0.09226141233702059 0.09638691818411545
3 0.3231932544708174 0.9637946931904331 0.09327844155801354 0.06518238229073817
3 0.3758541988682048 0.6784625984424248 0.11731595941492098 0.10023934389007838
3 0.8490673766265008 0.4811870624825406 0.14625916558343127 0.14793269780928675
3 0.35543219927194664 0.3706811906831507 0.10928527110331832 0.08751202335696498
3 0.3803736980541307 0.32997963433580224 0.1046250446422686 0.088938131037097
3 0.33195992289362247 0.5958941393503672 0.07003185633066593 0.07543792069139794
3 0.3139563965152984 0.821266212390763 0.08560230925276535 0.07276756175762458
3 0.5254213709444578 0.4389407603583343 0.07189436525911966 0.09267088479802066
6 0.7426612382321724 0.2631380929656416 0.13367734496658024 0.1428814849563052
6 0.7519469147759477 0.49243078787193434 0.11144778896022593 0.12193248746358769
6 0.8038718790621326 0.5627265674971055 0.13003414772652383 0.11310305674305994
6 0.6692553713514949 0.6174331363808663 0.10821369480442442 0.11559155925034226
6 0.7469774021973412 0.8666950019785571 0.12359323295387128 0.10198370031656907
6 0.6153688920510716 0.8386345349689405 0.11602619480442442 0.11581887978345584
6 0.5219673141273246 0.5920430283050229 0.12375687418757338 0.11135870031656907
6 0.38921944927524194 0.853158721561963 0.1063511858759707 0.09835859514371954
6 0.26758200284596434 0.7464420571387713 0.11769778896022576 0.1221143438900782
6 0.19702976948505585 0.668569458234128 0.10659664772652384 0.11242109514371953
6 0.17063663920840244 0.5685323543149197 0.0797886858759707 0.09758570533113406
6 0.2211332913991531 0.45197299162022275 0.07798072402541774 0.08347774122451135
6 0.2769856452941871 0.29726877124539397 0.10336255357072241 0.10608016693047428
6 0.4494492061718055 0.4476732511871342 0.0815148271096728 0.10700616943775679
6 0.44450042776159115 0.28338343065402083 0.08283186525911965 0.0929891335443794
6 0.5100436071447402 0.2899804231321734 0.07811709172016937 0.09129024122451135
3 0.8317223693229001 0.7136131175762477 0.10558752678536117 0.05460859514371954
3 0.4506650584452817 0.5571391794003796 0.09716710064862326 0.10902331050398359
5 0.5 0.5001363923198681 1 0.9997272153602639