5 0.58359375 0.5 0.8328125 1
0 0.80078125 0.65078125 0.12890625 0.075
0 0.496875 0.48203125 0.15 0.07734375
0 0.66171875 0.23046875 0.09765625 0.0703125
0 0.79765625 0.2421875 0.134375 0.04296875
0 0.628125 0.2484375 0.16171875 0.1296875
0 0.64921875 0.090625 0.08828125 0.08671875
0 0.83828125 0.3375 0.08984375 0.0578125
0 0.94140625 0.33359375 0.078125 0.04609375
0 0.93125 0.42890625 0.0421875 0.0234375
0 0.9859375 0.39453125 0.028125 0.03203125
0 0.98203125 0.503125 0.0359375 0.0359375
0 0.8078125 0.71328125 0.06875 0.0359375
0 0.8078125 0.7046875 0.0484375 0.0109375
0 0.65625 0.73984375 0.21875 0.05390625
0 0.71328125 0.79921875 0.03515625 0.03203125
0 0.6265625 0.653125 0.05078125 0.075
6 0.35625 0.415625 0.11171875 0.11640625
6 0.609375 0.9 0.0703125 0.06953125
6 0.7234375 0.67734375 0.1234375 0.09375
6 0.746875 0.86015625 0.11171875 0.08671875