3 0.68515625 0.3421875 0.12578125 0.11328125
3 0.45 0.6203125 0.06953125 0.0765625
3 0.5625 0.609375 0.13203125 0.11875
3 0.509375 0.4828125 0.0890625 0.0609375
3 0.409375 0.43125 0.05546875 0.03125
3 0.4171875 0.49609375 0.06328125 0.046875
3 0.34375 0.53828125 0.09453125 0.11328125
3 0.28359375 0.35078125 0.09140625 0.0703125
3 0.33046875 0.44140625 0.075 0.05546875
3 0.14140625 0.58203125 0.09375 0.1265625
3 0.053125 0.53046875 0.05390625 0.11640625
3 0.2125 0.2734375 0.04296875 0.05625
3 0.38359375 0.28828125 0.13046875 0.115625
3 0.5203125 0.24296875 0.06171875 0.06328125
3 0.66796875 0.23984375 0.13125 0.08203125
3 0.57734375 0.303125 0.0875 0.13046875
3 0.5421875 0.1828125 0.08359375 0.06796875
3 0.39453125 0.13359375 0.10625 0.14375
3 0.53828125 0.1890625 0.090625 0.06171875
3 0.58984375 0.1 0.09765625 0.11796875
3 0.2859375 0.146875 0.06015625 0.09296875
3 0.240625 0.21015625 0.0796875 0.096875
3 0.03671875 0.2234375 0.07265625 0.090625
0 0.26015625 0.70546875 0.20078125 0.2109375
0 0.21640625 0.54765625 0.13125 0.1171875
0 0.0625 0.41171875 0.071875 0.096875
0 0.0625 0.2265625 0.125 0.15234375
0 0.14375 0.07265625 0.18359375 0.1375
0 0.340625 0.18046875 0.0578125 0.05546875
0 0.2828125 0.3671875 0.08046875 0.0484375
0 0.47109375 0.36640625 0.03359375 0.0953125
0 0.60703125 0.33984375 0.07578125 0.08984375
0 0.54375 0.06484375 0.075 0.1296875
0 0.32734375 0.028125 0.0734375 0.05625
0 0.6796875 0.03984375 0.0921875 0.07890625
0 0.64375 0.40546875 0.1828125 0.08828125
0 0.75625 0.284375 0.14140625 0.07578125
5 0.46484375 0.46640625 0.92890625 0.9328125