5 0.45794628246410884 0.5 0.9158925649282177 1
4 0.4496974058409034 0.467295225246529 0.12877165665497756 0.12877165665497756
4 0.38068080438150137 0.22936457711296807 0.20527170129724626 0.21601828652459387
4 0.49534905072805346 0.35161963230854354 0.15313645697928918 0.18230575973923263
4 0.5619207163114848 0.4942514172115796 0.09330571509696384 0.06567163879807011
4 0.6470417844927037 0.5802922828777365 0.09478639448011279 0.06101141233702041
4 0.6447784862002823 0.13722807549141028 0.12778190097293454 0.16155688311602717
4 0.6844779602257 0.21780987378712693 0.11163870373287814 0.13159664772652385
4 0.712485957790068 0.30015872362497115 0.11876145697928919 0.1817057418823252
4 0.6401666728870319 0.36550307995563713 0.13819329545304768 0.22109552434972918
4 0.6656536424482228 0.43773659010190685 0.09670345048646745 0.0813511858759707
4 0.7413297524323367 0.38561893669334024 0.10407166558343128 0.14552278003177205
4 0.7671167309219813 0.47503994683960993 0.08167846834337489 0.11545345048646727
4 0.7039173015388323 0.4808320251670987 0.09595915665497756 0.1281989123370204
4 0.7333377946389734 0.5545598514659925 0.12145008035608366 0.15676028896022592
4 0.5775984890396562 0.3626877715136507 0.1007557508107789 0.13453073295387136
4 0.5432217146899269 0.22887187906213274 0.17525691882984215 0.19675008928453738
4 0.49472393912238155 0.1367213352306429 0.11092168344033873 0.18000687418757347