5 0.43828125 0.5 0.8765625 1
1 0.5727718202637994 0.6750556215957305 0.02676248789975162 0.0354573389353046
1 0.5672985250842595 0.6756140371090501 0.02989657825883114 0.03714717292769336
1 0.4348819765850701 0.4678267589344296 0.03462043969514959 0.043588173916276673
1 0.4894109161820239 0.36299202030313615 0.034647710772388506 0.04827567391627659
1 0.5852501361277946 0.41065754056909115 0.03460225897699054 0.04046317391627667
1 0.5643387141902341 0.2441412026223697 0.023601126463433174 0.02908000494291585
1 0.3889801658874363 0.16432241555050067 0.026726126463433086 0.029207338935304694
1 0.24169609972885348 0.22865021790822787 0.04248748184962743 0.053281508897248565
1 0.20772912412574204 0.42575071098814565 0.039389752926866264 0.05784167490485981
1 0.17492519360397457 0.5572580375661607 0.04876475292686622 0.05822367688202625
1 0.26816963691336154 0.9166104743340184 0.05500566256778665 0.05691584486680377
1 0.4309605284039092 0.8732318419382352 0.028370439695149584 0.043333505931499164
1 0.4500554411680876 0.9490276793906652 0.03615566861791084 0.03896434091247088
1 0.518278721222317 0.9080471937251211 0.040870439695149585 0.04384284190105418
1 0.5414303957921561 0.8238141151699399 0.026726126463433177 0.029207338935304604
1 0.5984343747149172 0.8308254605310351 0.023646578258831142 0.03689250494291585
1 0.6315514017440844 0.7798187174511174 0.03462043969514959 0.043588173916276673
1 0.625501389643836 0.7451890494663398 0.020485216822512697 0.030515170950527092
1 0.567312160622879 0.6732702871090501 0.03777271077238851 0.04840300790866543
1 0.43410527176460983 0.46701367543633243 0.044040891490547907 0.051782675893442945
1 0.24013814490839333 0.22780530091203346 0.04875566256778665 0.05666117688202608
1 0.20772003376666248 0.4273132109881456 0.03934430113146821 0.05002917490485981
1 0.17491155806535513 0.5596017875661606 0.04562157220870704 0.05497134288963732
1 0.670116015518094 0.3297205583635884 0.02678066861791084 0.038582338935304605
1 0.724961555040293 0.5734188202265864 0.02836134933607006 0.04177100593149916
1 0.6673530672387373 0.6703137248654911 0.02512726502711473 0.022893671939110228