5 0.4985678806413856 0.54921875 0.9971357612827711 0.9015625
1 0.6309207617449895 0.43651546350914716 0.036755853919208194 0.02937996515360979
1 0.6315428873718101 0.4420114953603126 0.03840928213245363 0.03255952885594056
1 0.4336329216158347 0.5782143462712865 0.043233174452321776 0.037410719962933214
1 0.3256673089211379 0.5259573871081266 0.04796613855894431 0.039136911069925694
1 0.36754858353174413 0.43044647966639804 0.04006271034569906 0.035739092558271325
1 0.2026222655059132 0.4544047909216581 0.02880696159934022 0.024419646641955416
1 0.13489389324430484 0.6319097428284239 0.030460389812585566 0.027599210344286362
1 0.20734189159495223 0.7759896142426358 0.05439799498543509 0.04560516587924912
1 0.4059014120489234 0.8056027362898199 0.057477530878812286 0.044151793283910834
1 0.5387904683962719 0.834486682839108 0.05931281551854859 0.05358135698624196
1 0.8905013840731048 0.7341543884588889 0.05784124373179367 0.05665179328391083
1 0.837303490895307 0.5735417814726473 0.044613818025830906 0.031215283665263983
1 0.9114229524946472 0.5526687754821975 0.041716138558944495 0.03891865626060209
1 0.8656989270261111 0.4845983325611064 0.04497753087881264 0.04371528366526398
1 0.7810427821989606 0.46443711078407474 0.030460389812585476 0.027599210344286362
1 0.7834834720906885 0.4074331426352401 0.03666492570596276 0.02625496515360979
1 0.7312222901165194 0.3758904767559911 0.043233174452321596 0.037410719962933124
1 0.6974012195834061 0.3825298571558777 0.031886497492717505 0.02296627404661713
1 0.6291764053184987 0.4427108998068164 0.04961956677218975 0.04231647477225664
1 0.4320476895625235 0.5789410325689557 0.05131845909205772 0.04705853847458741
1 0.20807767748832956 0.7775793960938012 0.056142351411925785 0.051909729581580064
1 0.4074866441022347 0.8048760499921508 0.05118206677218975 0.04237103847458741
1 0.5419382004495831 0.8338145602437699 0.056051423198680436 0.048784729581579714
1 0.2808047529695009 0.3476488486335392 0.038318353919208195 0.029434528855940556
1 0.5203051736608988 0.2871925313878293 0.04305131802583091 0.031160719962933126
1 0.619563376089039 0.3430556401881695 0.024164925705962757 0.02581845553496285