5 0.5015625 0.60078125 0.99609375 0.7921875
1 0.65859375 0.4484375 0.03203125 0.02109375
1 0.65859375 0.4671875 0.03203125 0.00078125
1 0.6578125 0.45390625 0.0328125 0.025
1 0.4375 0.55 0.03671875 0.028125
1 0.34140625 0.478125 0.0421875 0.028125
1 0.4015625 0.3921875 0.034375 0.028125
1 0.23515625 0.384375 0.02421875 0.01875
1 0.13359375 0.5453125 0.02578125 0.021875
1 0.1765625 0.7 0.04609375 0.03359375
1 0.365625 0.7671875 0.05078125 0.03203125
1 0.48984375 0.82109375 0.05 0.03984375
1 0.8546875 0.78984375 0.046875 0.0453125
1 0.834375 0.621875 0.0390625 0.021875
1 0.9109375 0.615625 0.03359375 0.03125
1 0.8796875 0.540625 0.0375 0.03515625
1 0.8 0.5046875 0.025 0.021875
1 0.8140625 0.44921875 0.0328125 0.01796875
1 0.76875 0.4078125 0.03671875 0.028125
1 0.734375 0.4078125 0.02734375 0.01640625
1 0.65546875 0.45390625 0.0421875 0.03046875
1 0.4359375 0.55 0.04375 0.0359375
1 0.1765625 0.7015625 0.04765625 0.040625
1 0.3671875 0.7671875 0.04296875 0.03125
1 0.49296875 0.82109375 0.04609375 0.03671875
1 0.3328125 0.29453125 0.03515625 0.0203125
1 0.5796875 0.28125 0.03828125 0.02109375
1 0.665625 0.3546875 0.01953125 0.02109375