5 0.5 0.559375 1 0.6421875
4 0.515625 0.56484375 0.09765625 0.0984375
4 0.31328125 0.67734375 0.16640625 0.15390625
4 0.40078125 0.54765625 0.14609375 0.10703125
4 0.51640625 0.45625 0.0421875 0.0796875
4 0.57734375 0.36015625 0.03671875 0.0828125
4 0.1734375 0.45546875 0.13046875 0.08671875
4 0.23828125 0.40234375 0.10546875 0.07890625
4 0.3078125 0.359375 0.15625 0.07265625
4 0.3828125 0.41171875 0.190625 0.08203125
4 0.44375 0.3734375 0.05703125 0.07734375
4 0.3796875 0.315625 0.121875 0.06796875
4 0.45625 0.2734375 0.096875 0.05234375
4 0.47421875 0.3296875 0.10703125 0.06328125
4 0.53515625 0.2875 0.128125 0.08125
4 0.39375 0.46953125 0.1109375 0.06640625
4 0.27890625 0.52890625 0.15390625 0.12734375
4 0.20546875 0.59296875 0.15546875 0.065625