1 0.3141766802677052 0.7277811289975158 0.08025518577927473 0.09107042759490121
1 0.22514069657932753 0.6499010478118186 0.08063718775644109 0.1004454275949012
1 0.07180213235860224 0.5583624667243169 0.07518568380210836 0.08166815651766246
1 0.12892751874589928 0.30707267749670536 0.09087435079830275 0.08332156010845856
1 0.09511754593193657 0.17793916851971497 0.08513368676785789 0.09578519867214012
1 0.15261566403044485 0.013390855189802537 0.08851867193911027 0.025509060108458593
1 0.47618049802283363 0.012147559519283407 0.05701400395433272 0.019077252926866236
1 0.5245158858558243 0.14917992690753024 0.0811173488211363 0.0738920179539809
1 0.6733234589737982 0.19849464655871332 0.10343801779449713 0.08495678298109555
1 0.8114137079852151 0.20398664333725952 0.09438135277546919 0.09271474082661779
1 0.707451766768733 0.3198156555357038 0.10133168973360754 0.10993860226293632
1 0.360525028631731 0.2615339602814092 0.08997769566510652 0.13799087939029936
1 0.5162988902672676 0.5234395835233885 0.09269151878308027 0.08958065046753827
1 0.4043427183281573 0.5477941680287357 0.08682352076024671 0.09891928903121965
1 0.3305152405712788 0.44187090007475477 0.0537271778706093 0.05342498184962743
5 0.5 0.4599401649054776 1 0.9198803298109552