5 0.4995454820460191 0.578125 0.9990909640920382 0.84375
4 0.4904047478587007 0.5951187707974277 0.11629768657189174 0.12033635771838505
4 0.26495477508425963 0.6632944733454353 0.1979567527304745 0.1939595415204934
4 0.37656496165615133 0.5521898300752371 0.16796927088084718 0.14118736859279987
4 0.5105768681738138 0.4857583582498576 0.05832156010845857 0.08985567885919252
4 0.5899830879231927 0.40303604155767436 0.05208065046753827 0.09116351087441502
4 0.16484218735745865 0.4099373685927999 0.14908291549465283 0.11698586463846716
4 0.2400830818730685 0.37158713441013064 0.12244769262201594 0.10340352570316255
4 0.3176086390546608 0.34348865072175305 0.17090337334017516 0.10850220258518864
4 0.3844143439733169 0.4118513315581119 0.20849427693097136 0.12565521049385406
4 0.45254672043675 0.3864958458925679 0.0723931504675381 0.09199118182494193
4 0.39826374141579307 0.3147362510257642 0.1364647408266178 0.09616402866891205
4 0.4835881630587659 0.2892998523183586 0.10822156615858276 0.07470552273741297
4 0.4918319342342007 0.34980627079742777 0.11924087939029934 0.0892136917107738
4 0.5607682865953328 0.3205763686299809 0.14436814441741408 0.11210736364988402
4 0.38484561514875165 0.47203941505620906 0.12550906010845858 0.09259335969555131
4 0.2572655158126816 0.5074755548663662 0.18059653590796182 0.1635717045623551
4 0.17102803396305416 0.5555363700756747 0.16929542154477706 0.10062603558899426