1 0.64609375 0.2796875 0.06328125 0.07734375
1 0.73828125 0.34140625 0.0609375 0.08671875
1 0.890625 0.40859375 0.059375 0.06875
1 0.871875 0.64375 0.0734375 0.06953125
1 0.9203125 0.75859375 0.065625 0.0796875
1 0.8921875 0.93828125 0.0734375 0.065625
1 0.92421875 0.975 0.0515625 0.05
1 0.59375 0.97109375 0.05 0.05703125
1 0.53125 0.828125 0.06640625 0.06015625
1 0.38828125 0.79765625 0.084375 0.06953125
1 0.26171875 0.80703125 0.07578125 0.0765625
1 0.34140625 0.690625 0.08125 0.09296875
1 0.66640625 0.709375 0.0640625 0.121875
1 0.4890625 0.4859375 0.07421875 0.075
1 0.5875 0.45234375 0.0671875 0.08359375
1 0.66953125 0.540625 0.0421875 0.04453125
5 0.54140625 0.58203125 0.9171875 0.8359375