5 0.5 0.5 1 1
0 0.80703125 0.41106671765351005 0.153125 0.14641851564384112
0 0.67109375 0.40939925988805914 0.0703125 0.06659523677523324
0 0.30859375 0.3000047891801902 0.3359375 0.2664411312594476
0 0.39140625 0.15717181804879818 0.15 0.1227990051204975
0 0.25859375 0.689280120806691 0.121875 0.1805359104104042
0 0.39140625 0.6290468180487983 0.109375 0.10637036831702958
0 0.54453125 0.5981215836926393 0.1734375 0.15072658404557515
0 0.68203125 0.6506612967197621 0.190625 0.13297764192396552
0 0.83984375 0.6153215781486189 0.1125 0.08467737884037305
6 0.45078125 0.5168800179923284 0.1125 0.12217737884037305
6 0.36640625 0.47915323386204867 0.0921875 0.08818181043863901
6 0.31484375 0.8277125602268776 0.1234375 0.12437691567207594
6 0.590625 0.47814998891195887 0.096875 0.10564232622365459
6 0.51640625 0.3589834889825462 0.1046875 0.14984735253201392
6 0.27734375 0.4739659339467532 0.10625 0.13431335779368575