1 0.22393564779513922 0.3793655161696591 0.09727634992375007 0.08937011646291486
1 0.25885354882131967 0.26646272444654506 0.10672408510611123 0.0929864393936933
1 0.28216049620027783 0.09159219923177442 0.08779224715020835 0.08419129353213636
1 0.5256552698516319 0.04172719668758309 0.09124455547083343 0.08345439337516618
1 0.9333262187492016 0.20843122343049228 0.06086607123840295 0.06717421189493056
1 0.8130156783803475 0.31564061510817776 0.08008884992375016 0.08846935775648763
1 0.8244103861116324 0.4691374293325291 0.09618662860909737 0.10960072930778501
1 0.8718874109972574 0.5933661454113311 0.10072865824437507 0.10359639077317447
1 0.7308980818750699 0.5514762957954439 0.11809799620027786 0.1123096494796016
1 0.6527665497712503 0.21922371777628272 0.14291615824437506 0.10580734396167771
1 0.47946090881305603 0.46922479703863934 0.0990934230620141 0.10038950361804452
1 0.4164140885245837 0.38179339608869967 0.10527068787965277 0.09759205223856356
1 0.48111040852871556 0.2712409984181203 0.0575228656913195 0.057635437584671045
5 0.50703125 0.4972877578019161 0.9859375 0.9945755156038322