5 0.5015625 0.4953125 0.93984375 0.990625
0 0.76953125 0.3359375 0.12890625 0.1140625
0 0.6453125 0.3546875 0.059375 0.0515625
0 0.30546875 0.30859375 0.290625 0.19921875
0 0.3671875 0.165625 0.12890625 0.09140625
0 0.29765625 0.67265625 0.096875 0.14921875
0 0.41328125 0.59765625 0.09296875 0.08203125
0 0.54921875 0.54609375 0.1484375 0.11484375
0 0.67890625 0.5734375 0.16796875 0.0953125
0 0.81875 0.51796875 0.096875 0.06171875
6 0.45625 0.4859375 0.09375 0.0984375
6 0.37578125 0.4640625 0.07890625 0.06875
6 0.36171875 0.79140625 0.10390625 0.096875
6 0.57890625 0.42890625 0.08046875 0.08203125
6 0.50078125 0.33125 0.08203125 0.12421875
6 0.29375 0.471875 0.0859375 0.109375