5 0.5001091274046617 0.4984375 0.9997817451906765 0.996875
0 0.7046975230351268 0.7451539654276382 0.12505954210278442 0.13873780452090295
0 0.6746057405509892 0.6223165306821176 0.05687004809323426 0.0637728656913195
0 0.6915898215916971 0.2802374802452772 0.22610123084752445 0.30501872758291687
0 0.8395660193221117 0.33074336046989516 0.10151291469812271 0.1350672906531945
0 0.3279092675080132 0.29964862899034694 0.1583432680561673 0.10828789152687515
0 0.41227932222466934 0.40949444804454826 0.08937501324684387 0.10043771751493065
0 0.4755109869227921 0.5409431633752775 0.1288393065307547 0.15756053970326392
0 0.459781837918584 0.6726659420606247 0.11074407095872499 0.17587412860909737
0 0.5270561618725338 0.8079299884134024 0.07067957694917482 0.10156380642076393
6 0.5276240692294445 0.4435583638883676 0.10656251324684404 0.10083776101791671
6 0.54275550670824 0.3618901365897912 0.07627481252120454 0.08295927678548623
6 0.2147396341129017 0.37265233073770815 0.105327395460829 0.11017639342673621
6 0.595079442457755 0.561616726445555 0.08893850362819719 0.08793771751493065
6 0.6859375662342195 0.47662217097472165 0.13274306733052796 0.09051851006798621
6 0.5273909123358701 0.28014982731923566 0.11728175843752062 0.09484233415618064