5 0.49635602159672604 0.5666223350945223 0.9927120431934521 0.8667553298109553
0 0.1398980659218319 0.6091563105012421 0.07670634215265534 0.09260565651766228
0 0.3776171511770823 0.4843734373574586 0.09858134215265543 0.09273292154477701
0 0.36916392130347025 0.3774240005891752 0.09849945499752559 0.09117042154477702
0 0.2974582604039079 0.5832472745932803 0.04867651741285446 0.034647710772388506
0 0.2380832604039079 0.5835927082383058 0.04809666327441153 0.05338862041330898
0 0.2241236589789984 0.49229554254726116 0.08436171189493055 0.059847698672140126
0 0.2769310764372815 0.5427540847999348 0.0467798247398008 0.058067030054229286
0 0.308420093850136 0.508206367977422 0.06067855042954129 0.055023843285945874
0 0.43102875622003645 0.47859561514875165 0.05262038896415202 0.05029089149054773
0 0.5749934401866629 0.5183706665748073 0.06404921189493056 0.0597295240041051
0 0.5029170443251059 0.53753427791293 0.0707905348257091 0.06914088544042354
0 0.6072094759168831 0.425242835290914 0.05377345318850324 0.04248748184962743
0 0.5856111148810352 0.37538373585664814 0.0598530348257091 0.06907725292686617
0 0.6676799864323326 0.359286037184508 0.049004066033373664 0.040897710772388504
0 0.6661407406162041 0.4631695612868089 0.054674211894930734 0.059674981849627426
0 0.7135480071245476 0.45274060051442044 0.05566350180902226 0.04874657220870695
0 0.7558550158309748 0.4353122059988106 0.05064845318850324 0.04246930113146803
0 0.170750838988896 0.8549955304470128 0.12201884215265535 0.09286927693097127
0 0.17475890830162988 0.9424455334720749 0.06273237336031982 0.0644079336450254
0 0.2880811018791947 0.9410052324388026 0.09660276232447185 0.11458974082661796
0 0.21349493894346744 0.7696165666495622 0.05640048620519007 0.06280907220870695
0 0.3021070595902538 0.777692166182024 0.1053226650834338 0.10214428298109546
0 0.37049413218234806 0.9928535578689633 0.03642882293077854 0.009584078258831142
0 0.41999284317276747 0.957420051917035 0.0885512449116174 0.08017837939029918
0 0.5362386408887753 0.9747070249860638 0.05977779172311415 0.03783634328594587
0 0.7037780229555224 0.8925070824622438 0.10745173111680746 0.1427692829810958
0 0.6539827408433468 0.8888917239527914 0.06536605042954129 0.05505111436318444
0 0.48330174864526293 0.8969138230924697 0.13320200361804452 0.09762040944452863
0 0.382797137609415 0.8475137867917246 0.0618316146538926 0.04722043364502539
0 0.44519531829668113 0.7596774435057787 0.06577548620519007 0.0628636143631848
0 0.5630445595902538 0.7761740762157278 0.0747410504295413 0.055105656517662284
0 0.4897199242441464 0.7297399586310892 0.06273237336031982 0.0644079336450254
0 0.34398470036342815 0.679041042743653 0.08575379353213641 0.08641019867214013
0 0.38412169945891705 0.703018898228043 0.034368355947465366 0.029878397540671918
0 0.39990050769037444 0.6552853801758662 0.049167840343633085 0.04402271077238851
0 0.44402564394099303 0.6776780097625574 0.07227114767057934 0.06758747579950324
0 0.5545570301916116 0.6996842990883646 0.09553158525525038 0.12395565046753809
0 0.6255080173013129 0.612579208827481 0.14134205223856355 0.10391586123992677
0 0.6652012810961228 0.6748292239527915 0.09562011646291495 0.09583974082661798
0 0.606879768771651 0.7891962509819587 0.05360967887824373 0.03936248184962743
0 0.7213561058359236 0.6167076517440845 0.056891809135968606 0.07218407220870696
0 0.5276061058359236 0.617834856269957 0.14675989258219674 0.147684041958086
0 0.43591325079296955 0.6238353922761146 0.03642217887824373 0.03926248789975162
0 0.2828458045018712 0.6981410215682182 0.05796298620519007 0.06281816256778665
0 0.19025551277875713 0.736168262394836 0.05994156603337357 0.040961343285945875
0 0.2331700310961228 0.6773427082383058 0.058624727498762755 0.04563975292686617
0 0.14086302238969553 0.6950619942444634 0.049659163274411534 0.05339771077238851
0 0.4926048275689352 0.9429393953993728 0.05138543758467122 0.05653180113146803
0 0.17090572648271 0.6285012081401099 0.06873006784239584 0.08943520472226432