5 0.5 0.5 1 1
4 0.579238947120016 0.8590010434232976 0.2982385538619427 0.24647172927693434
4 0.8016002813307755 0.766366579963694 0.30304422852997775 0.2669752302655176
4 0.9376751784786641 0.4687037182909763 0.11975902985783762 0.1782761917107738
4 0.9799586481298471 0.31623529289182495 0.036682909444528636 0.12958934091247104
4 0.948763711165172 0.17379046631380995 0.10059996369925486 0.10719968775644104
4 0.1692938589022357 0.7664659639167141 0.3385877178044714 0.3233180721665718
4 0.8210386869646753 0.11026116000175008 0.17255677693097127 0.12419086958138306
4 0.6027002147794093 0.5854534554765761 0.32648172852997775 0.2679302352084335
4 0.5183353469001831 0.31864264026726763 0.26832379488495217 0.20619955634924098
4 0.7657870638208918 0.3437076713704566 0.2886908370394298 0.21640222729976805
4 0.8157148618291019 0.21982716099033323 0.2117283612399266 0.1445325444862428
4 0.5917875242004967 0.04727561212982821 0.15054542154477701 0.09455122425965642
4 0.5584614189124985 0.13423846536240785 0.2007908612399268 0.14408687551288207
4 0.3815494609687803 0.06724591943047128 0.1521170119038567 0.10148819863085598
4 0.21143694886853184 0.0461773216350991 0.2021261022629363 0.0923546432701982
4 0.20294267193756052 0.15731645699663194 0.22115790339440444 0.15428954646340917
4 0.05996937675802071 0.4240794871484187 0.11993875351604141 0.19246602570316257
4 0.06105463290634078 0.5982345701522244 0.12210926581268156 0.2129058596955513
1 0.2501281640407246 0.9075591961222169 0.20066359621281205 0.12221187551288218
1 0.6961063437769252 0.23797893619920424 0.12880677693097126 0.12240819368794006
1 0.6907926507621258 0.07729610418398176 0.09734769867214013 0.08519735376405228