5 0.5006999813414996 0.56015625 0.9986000373170008 0.8796875
0 0.1689912834181779 0.6306473431912436 0.07607269867918123 0.09480655771188111
0 0.3845970073997242 0.5022941978152324 0.09798406134627209 0.09869544954451293
0 0.36231238005249755 0.39921383783376596 0.09482269867918128 0.0954613221398514
0 0.31858220341340543 0.6007292086150058 0.04731135200509069 0.039136911069925694
0 0.2616054974140417 0.6034251334799295 0.045912484006999675 0.05314484736759475
0 0.23557825206872413 0.5142708642426358 0.08037839067472685 0.06215774881887359
0 0.29392710140831474 0.5623834712288774 0.04596702800763604 0.05783234736759475
0 0.3200623400699968 0.5265923041685021 0.05690452800763594 0.05821429328391083
0 0.4344879193984516 0.4946652362898199 0.05218066534054522 0.05492560217691818
0 0.5809271147358149 0.529454442457755 0.06477157200827222 0.06317461179556502
0 0.511659494072224 0.5496826077040319 0.06954997867599957 0.07115080290255768
0 0.5993856660566338 0.4379489887368907 0.05205339600572696 0.043988102176918176
0 0.5722777260502705 0.3901464057972661 0.060174978675999566 0.07082342068857254
0 0.6501572780474069 0.37178084091380886 0.04736589600572714 0.0438244110699257
0 0.6614862240610881 0.47291675497895946 0.05381589067472685 0.06123016587924912
0 0.7066441827259518 0.4612178523465543 0.053688621339908774 0.050292665879248945
0 0.7462606660566338 0.4430779767559911 0.048946577339272504 0.04544147477225646
0 0.2303122334499946 0.8670684820286507 0.11829656134627217 0.09940477767481433
0 0.2461468661282214 0.9527430872007938 0.06326361600890866 0.06780754809323426
0 0.35543095946049413 0.9446503176470141 0.09509541868236297 0.1106993647059717
0 0.2621429414385406 0.7838393197775987 0.05385225334181776 0.06435516587924912
0 0.34888896343885883 0.7892113552569612 0.10432496801399935 0.10672620435383635
0 0.44585651213394845 0.9939757224100039 0.03780908267027243 0.012048555179992348
0 0.5427315121339484 0.9955580697775985 0.05030908267027243 0.00888386044480285
0 0.4868536821291759 0.9591059318472407 0.08862724267981754 0.08178813630551858
0 0.6049678827975394 0.9762413573451368 0.06166475334181776 0.04751728530972628
0 0.7553485961170855 0.8885268860118181 0.10636018268618094 0.14740576805616712
0 0.7053485961170856 0.8867808475372309 0.06471702800763594 0.058487111795565025
0 0.5399326814528582 0.8989658450901601 0.1293067866804538 0.10603672359113006
0 0.4355446261139038 0.8539311088851583 0.06150112133990895 0.05056548439090349
0 0.485307721435359 0.768204429210911 0.0648079346753633 0.0662996117955652
0 0.6025861281030862 0.7801092068857252 0.07409202800763595 0.05881449400955017
0 0.5255600040976773 0.7375918354715132 0.06326361600890866 0.06780754809323426
0 0.3766588800922685 0.692564533750082 0.08381247334499946 0.0888293762235353
0 0.4182833060948138 0.7127604718618497 0.03317612667090906 0.0323958377489479
0 0.4271310474219959 0.6677753540758348 0.048982940006363405 0.04856647477225664
0 0.4734429734245412 0.6881349832945951 0.07267497867599956 0.0712599303072194
0 0.5837628554264502 0.7060442243089204 0.09518632535009015 0.1267113221398514
0 0.6413293600811326 0.6198091131463275 0.13875451201463562 0.11261410580511537
0 0.6880867287555413 0.6784499923650877 0.09331474267981754 0.10009425843752062
0 0.6456639661043588 0.7909847086998237 0.0520352146721816 0.042425602176918174
0 0.7358333380808144 0.6207664671373443 0.05554202267663584 0.07534722958157988
0 0.5477066294159507 0.6274727910064761 0.1439147266868172 0.15340279691210804
0 0.45878958008431425 0.6368626599736172 0.036392033338636054 0.04031746515360979
0 0.31910091876190466 0.7124206767638404 0.05541475334181776 0.06440972958158006
0 0.23443556476763172 0.7516344549868087 0.059865896005727046 0.04426092068857237
0 0.2681105834261321 0.6926786064380875 0.05835794000636332 0.0488938569862416
0 0.18089239409608648 0.7138417891075596 0.04749316534054513 0.054761911069925694
0 0.5552945994589032 0.9440154502623033 0.052217028007635946 0.058050602176918174
0 0.2012134374204051 0.6481721490890261 0.06509883601209036 0.09129961179556503