5 0.5 0.5 1 1
0 0.3001847857302202 0.11016874445597949 0.24840427973732648 0.16245231029746474
0 0.14453448778706976 0.5434986419945528 0.17603131275401318 0.17848756299888785
0 0.7500696783124169 0.28279823350911276 0.13706398801421232 0.11858194198043534
0 0.48110158808032555 0.8723109706372819 0.20365834577069997 0.2003471524473092
0 0.8746900565339768 0.6989608307794548 0.1884361374938141 0.23684609456891897
0 0.5192678149017198 0.4710816705808121 0.2778947851643935 0.3090388839608707
6 0.20475053425988218 0.2806338919239656 0.21484815128862395 0.17607519454068407
6 0.30940365049565444 0.8062324023767221 0.2078478787873868 0.22084166297065302
6 0.7030208536841578 0.8712167204255203 0.1945223631835546 0.2340851156156063
6 0.5600100808442363 0.6837482705525773 0.20571216870147851 0.2098131577089813
6 0.3601108208946136 0.4065123944136272 0.18343437697836434 0.17113008930724707
6 0.41065197421940247 0.1968258522496652 0.20004202283992142 0.19079014192396557
6 0.5827449802122963 0.15154969155691228 0.21689533016686777 0.21513769454068407
6 0.597548865897088 0.32999320997276377 0.1884494255988834 0.17765310509226265
6 0.8401668130926975 0.4414822597468849 0.193546361374532 0.18573862087727805
6 0.7980213359326189 0.6181665861117138 0.16772748982323477 0.1686575366905286
6 0.6331466084338562 0.5633895388978415 0.15925989258219672 0.15570251038216937