5 0.38984375 0.4640625 0.77890625 0.84765625
0 0.453125 0.15625 0.07890625 0.0546875
0 0.53046875 0.39375 0.07578125 0.07734375
0 0.6328125 0.3984375 0.0734375 0.0765625
0 0.45078125 0.30625 0.0265625 0.03984375
0 0.46015625 0.2515625 0.04375 0.03515625
0 0.54921875 0.2484375 0.04375 0.07109375
0 0.4921875 0.2921875 0.05 0.03359375
0 0.5203125 0.32578125 0.0453125 0.046875
0 0.52734375 0.44375 0.0421875 0.04140625
0 0.46484375 0.57421875 0.0484375 0.05078125
0 0.459375 0.50390625 0.05625 0.0546875
0 0.54765625 0.61484375 0.03203125 0.04453125
0 0.5984375 0.60078125 0.0578125 0.0453125
0 0.6 0.6796875 0.03203125 0.03984375
0 0.5015625 0.665625 0.05 0.04140625
0 0.503125 0.71171875 0.03828125 0.04453125
0 0.5125 0.75390625 0.034375 0.03984375
0 0.215625 0.15625 0.0703125 0.10078125
0 0.13203125 0.15 0.05390625 0.0484375
0 0.01328125 0.1359375 0.0265625 0.05234375
0 0.059375 0.096875 0.0328125 0.03359375
0 0.11328125 0.25546875 0.09921875 0.06953125
0 0.2890625 0.20703125 0.053125 0.04140625
0 0.265625 0.28828125 0.08359375 0.08203125
0 0.0390625 0.328125 0.02890625 0.0296875
0 0.01015625 0.31015625 0.0203125 0.0359375
0 0.01640625 0.42109375 0.0296875 0.04453125
0 0.06875 0.37578125 0.08125 0.0671875
0 0.028125 0.48515625 0.05078125 0.04921875
0 0.0890625 0.65234375 0.1265625 0.0734375
0 0.10078125 0.60546875 0.04375 0.05390625
0 0.12265625 0.44453125 0.075 0.11015625
0 0.18671875 0.35625 0.03515625 0.05078125
0 0.2578125 0.42421875 0.0515625 0.05078125
0 0.22265625 0.53359375 0.04140625 0.06328125
0 0.27890625 0.46953125 0.05390625 0.0484375
0 0.35234375 0.3390625 0.071875 0.065625
0 0.3234375 0.37421875 0.025 0.028125
0 0.365625 0.39453125 0.0359375 0.0390625
0 0.33671875 0.4328125 0.0546875 0.0578125
0 0.296875 0.534375 0.10703125 0.0671875
0 0.3671875 0.61015625 0.07890625 0.11796875
0 0.3015625 0.640625 0.07890625 0.0734375
0 0.20390625 0.57265625 0.0296875 0.04453125
0 0.346875 0.7 0.06328125 0.03984375
0 0.37890625 0.51875 0.12109375 0.1140625
0 0.38828125 0.43125 0.03203125 0.0265625
0 0.34453125 0.2796875 0.053125 0.04296875
0 0.32421875 0.1890625 0.02890625 0.05078125
0 0.3734375 0.2359375 0.03515625 0.0484375
0 0.37109375 0.146875 0.04375 0.0375
0 0.0765625 0.44765625 0.04765625 0.0390625
0 0.4296875 0.1828125 0.078125 0.046875