5 0.5 0.5 1 1
4 0.32813161167271765 0.15128469753429377 0.2667258794672149 0.23226138059640905
4 0.14696647779405964 0.29692698891872354 0.2786528765014653 0.21885397783744712
4 0.09351646151961829 0.6114155348257091 0.14217686562705037 0.16024918249628844
4 0.08507124463715462 0.7676688568519765 0.09839769072219058 0.11897572930778502
4 0.16376127182319195 0.9004238031430749 0.1653650148287476 0.07882876413349393
4 0.7550442801517867 0.18223364088471602 0.3117492193911026 0.2658042209400421
4 0.339588942773719 0.929907664517607 0.15968801779449712 0.09256371551297526
4 0.3965910874896109 0.4347423286965297 0.2970845415204934 0.2120241236990042
4 0.5607649699225752 0.6756616570543752 0.2465460306460784 0.15792312188998175
4 0.3183838103407547 0.6964810108541338 0.26724053262324476 0.16836265490666857
4 0.3111045040286948 0.8239509136130959 0.19913251977166357 0.103985894391219
4 0.5774709447508853 0.9517295120973293 0.14167284684397002 0.07135045680654777
4 0.580714008477319 0.8591292542954132 0.1868871877564411 0.10958079715018129
4 0.7699184299221378 0.8916529064885482 0.14323534684397005 0.0714323439616777
4 0.9219585020143473 0.8943286063976912 0.1560829959713054 0.08490834577069997
4 0.90318927942894 0.7726649683380502 0.19362144114212007 0.11525094301173802
4 0.9580392875661605 0.48967208389645406 0.08392142486767895 0.17234639077317446
4 0.9278477687830804 0.3170634215265536 0.14430446243383913 0.18894739258219673
1 0.6279313404181794 0.06643049920703051 0.19023768083635878 0.07701395861557021
1 0.41785191113905745 0.7843295708946136 0.11332235376405216 0.10260710085908258
1 0.4732145262718162 0.9376902662812008 0.08692167984777566 0.06692190637700648