5 0.49921875 0.5 0.9984375 1
4 0.66328125 0.86015625 0.24375 0.20625
4 0.85859375 0.71328125 0.2734375 0.18984375
4 0.93203125 0.40546875 0.1359375 0.14453125
4 0.9515625 0.25234375 0.096875 0.11015625
4 0.8796875 0.12265625 0.15703125 0.06328125
4 0.2453125 0.83671875 0.28671875 0.234375
4 0.709375 0.096875 0.15 0.078125
4 0.61640625 0.5828125 0.2765625 0.1828125
4 0.4734375 0.35 0.23125 0.134375
4 0.71328125 0.325 0.25 0.1421875
4 0.7296875 0.2 0.18828125 0.08671875
4 0.47734375 0.08046875 0.134375 0.059375
4 0.46796875 0.1703125 0.17578125 0.09140625
4 0.28359375 0.1421875 0.1359375 0.059375
4 0.11640625 0.1421875 0.18359375 0.06640625
4 0.1375 0.26015625 0.19453125 0.09609375
4 0.0546875 0.53984375 0.1 0.16171875
4 0.075 0.7078125 0.15 0.171875
1 0.3609375 0.959375 0.18203125 0.08125
1 0.621875 0.240625 0.1046875 0.09140625
1 0.57890625 0.09140625 0.08046875 0.059375