6 0.33984375 0.693908293759279 0.140625 0.1354948439616777
6 0.47109375 0.6003110227283799 0.13125 0.12875352103089915
6 0.34296875 0.5289007694490195 0.13125 0.13031602103089918
6 0.21484375 0.44577176616965913 0.1375 0.1368935696514182
6 0.2703125 0.29755227216255287 0.1140625 0.11535276232447185
6 0.41484375 0.3774777103130509 0.1328125 0.11789790818602892
6 0.56015625 0.40189345488598394 0.115625 0.10762214947960161
6 0.69140625 0.29345243385508485 0.1140625 0.11691526232447184
6 0.6390625 0.4876019035519315 0.125 0.12061347241038015
6 0.77265625 0.3977880517883377 0.1296875 0.12398413387576941
5 0.5 0.4859375 1 0.971875