6 0.6923744575438536 0.6303143529810467 0.1330696859797918 0.1513527923897861
6 0.6138526800927774 0.48335376985410416 0.12816398043270852 0.14175946856846872
6 0.5146858686380202 0.6198606581911144 0.12816398043270852 0.14175946856846872
6 0.4022923585700341 0.7546423806885244 0.13612195079743064 0.14837334160399784
6 0.25085845155993 0.6891180421848985 0.11526393692972237 0.1239897717116218
6 0.3621258727220829 0.5356590942945942 0.11417421561506957 0.14422949710451577
6 0.41492683045336776 0.37946044417075975 0.10592530452090294 0.12511562406898663
6 0.3207982367978818 0.23244635711487582 0.11682643692972228 0.12406254631872757
6 0.5214327100123957 0.2964595454946673 0.11867987765916688 0.13663532092583344
6 0.44765298394809017 0.1469368885464072 0.12187761284152784 0.13990587014004516
5 0.4900157898001732 0.4954023912324944 0.9668434203996537 0.9908047824649888