5 0.5 0.5 1 1
0 0.4192551141441891 0.0758991439185815 0.23143839867609248 0.11523981803034933
0 0.09679349338497142 0.42651545822938636 0.1473202638537389 0.15029971463952715
0 0.7791030332935582 0.3682558877133285 0.12140842721213971 0.0960830955329393
0 0.28633956700140123 0.8283819809744652 0.1746832845319033 0.16872438296032682
0 0.7314744385891885 0.785695944785423 0.1485959735308672 0.2111644400324213
0 0.48305632506417184 0.47112606079163905 0.2277783593866781 0.27098039578060823
6 0.25979872332597953 0.2047047324222075 0.192050566996892 0.139910178245597
6 0.14824671567749367 0.7170356044242794 0.17250435442427942 0.1888913337461151
6 0.4978913430562491 0.8922583521479679 0.15611737510244375 0.2052783130679508
6 0.436585777711987 0.6787908575246513 0.17504715756743253 0.17653688296032682
6 0.35802639991894675 0.3650857684018528 0.15774834160399784 0.1398716368892682
6 0.48919727895033205 0.18798607505966264 0.17253858767505648 0.1561516083532209
6 0.6727182543432262 0.1980995913946009 0.18300520678164425 0.18002575599585602
6 0.6148222094722406 0.36530205396721344 0.1611644400324213 0.14626718610347994
6 0.8016393511190198 0.5399874925518928 0.16628858767505647 0.15586050992479733
6 0.69052841501554 0.6898354811793531 0.1406336162111037 0.14063361621110387
6 0.5550147541383383 0.590353403843379 0.1370719685684687 0.13111306699689215