5 0.50234375 0.5 0.984375 1
0 0.4078125 0.0765625 0.21796875 0.09140625
0 0.128125 0.44921875 0.1328125 0.1359375
0 0.78671875 0.3265625 0.1109375 0.08203125
0 0.35078125 0.821875 0.15625 0.15
0 0.78125 0.7375 0.1265625 0.19453125
0 0.50859375 0.45546875 0.19921875 0.24375
6 0.265625 0.2171875 0.17578125 0.11875
6 0.20703125 0.7265625 0.1515625 0.16953125
6 0.5640625 0.8640625 0.134375 0.18828125
6 0.48359375 0.66171875 0.15625 0.15703125
6 0.3765625 0.3640625 0.1421875 0.1234375
6 0.4875 0.17890625 0.1546875 0.1390625
6 0.66640625 0.17109375 0.16328125 0.16015625
6 0.6265625 0.33984375 0.1453125 0.1296875
6 0.82578125 0.49140625 0.1484375 0.1375
6 0.73125 0.6484375 0.1265625 0.1265625
6 0.590625 0.5640625 0.121875 0.115625