3 0.8403992444728864 0.4439428792170963 0.06043155771188111 0.07567270934118149
3 0.7329686903892024 0.4342598912317319 0.05040179328391083 0.05681362133990877
3 0.5049850780454831 0.29868765993000324 0.08436013103285873 0.09000792934436319
3 0.5648957913849942 0.3050189285885036 0.1012946598887993 0.12768974267981753
3 0.6756968821291671 0.307634303906777 0.0838690577118811 0.07594542934436319
3 0.6893551327621393 0.18486896590550433 0.059831356986241604 0.05848520934118144
3 0.5301438238691318 0.18203596192713972 0.04862103847458741 0.05054544000636332
3 0.5663541423807861 0.17380529125559446 0.04684028366526398 0.044277258672817864
3 0.5242781927514552 0.5959984645926397 0.17051588584218216 0.09725790268936266
3 0.36799102033360204 0.3752512546149115 0.1309077488188736 0.08117836935072642
3 0.3084821002780017 0.3126881672899565 0.08617560217691826 0.05254429201145401
3 0.17132435145912805 0.3939392619748648 0.06624504809323425 0.0632454346753633
3 0.33070678594269864 0.43659783461968404 0.09933036660488845 0.07143974267981754
3 0.4512647894860777 0.6741603746021848 0.2307093413771451 0.12138629336408932
5 0.5 0.5 1 1