3 0.8047211259548203 0.30928482482276254 0.04769316000954511 0.07167642319868044
3 0.6943194279519568 0.33358379433966157 0.044349984006999674 0.05283549498543501
3 0.42241770329409273 0.2766735309453194 0.07438292934436319 0.083386813011266
3 0.4842728132956836 0.2631589487337235 0.08108746268299924 0.12263116943775679
3 0.594774508633047 0.2302662292168245 0.07576361600890866 0.06780727711788863
3 0.5681040153166826 0.10608458313603272 0.05374316534054522 0.054670779625171174
3 0.40899209731063746 0.15523043995823488 0.03958975867281787 0.04644910266556703
3 0.4420318639799555 0.13474444371915856 0.03951703333863606 0.04019910266556703
3 0.538630859922049 0.5583517767886843 0.16800566000954512 0.07517715940862679
3 0.30936262527850256 0.3947679645688411 0.12572725334181775 0.0661371285298145
3 0.22940295261777494 0.35335936605990914 0.0832852146721816 0.04303459765100204
3 0.11942742126832118 0.4752691214701855 0.05846702800763599 0.0579321719450391
3 0.2921200339354121 0.4671203376883793 0.09440452800763603 0.05897784639736088
3 0.4913916859086861 0.6581304679340534 0.2290704293443632 0.08788775956691133
5 0.4999818186664545 0.46796875 0.999963637332909 0.9359375