3 0.82421875 0.36953125 0.0421875 0.06484375
3 0.71875 0.384375 0.0375 0.04765625
3 0.4640625 0.30859375 0.06484375 0.075
3 0.5234375 0.30078125 0.0703125 0.11171875
3 0.6296875 0.278125 0.06796875 0.06015625
3 0.60859375 0.15859375 0.04765625 0.04609375
3 0.45625 0.1921875 0.0359375 0.04140625
3 0.4890625 0.17578125 0.0359375 0.03515625
3 0.56328125 0.58515625 0.15546875 0.05859375
3 0.353125 0.41171875 0.11640625 0.053125
3 0.27890625 0.365625 0.07578125 0.034375
3 0.1703125 0.4734375 0.05234375 0.05078125
3 0.334375 0.478125 0.0859375 0.0484375
3 0.51484375 0.67578125 0.2125 0.0671875
5 0.5 0.4828125 1 0.8359375