3 0.5929337137774182 0.6472048713783902 0.12879024122451135 0.08245724317557439
3 0.26761311652212755 0.5624273411897132 0.10111988229073816 0.09677230024766903
3 0.7652920985754389 0.5848248035529287 0.12947220282385158 0.10589474317557439
3 0.6944029370552409 0.5744823089296122 0.06339256175762475 0.08721320967712849
3 0.6281939491959418 0.8334720111631425 0.12786423871722902 0.10425946856846871
3 0.33100906063699753 0.8571812231165825 0.17583037727617334 0.14394270678164425
0 0.4601847129194884 0.47751945595307477 0.05093802586424747 0.08819351282028158
0 0.5211078410535915 0.5077378029337561 0.15859741316955062 0.14157968610347993
0 0.5236130639357028 0.5829561267550737 0.18214256175762494 0.09274407981717356
0 0.6602361887045937 0.4312930810555187 0.0940348079967011 0.12140842721213971
6 0.19616035068701 0.7327719203877142 0.10805184389007838 0.12050089867609248
6 0.3022345059390018 0.6899915690638065 0.10331887978345566 0.1187200748547749
6 0.19737717286947604 0.5834076211735024 0.07589256175762475 0.08779540653397522
6 0.23875467913768217 0.6400964228689136 0.11063127461060622 0.1018964478903042
6 0.3996299946562306 0.5959569327937111 0.13504024122451136 0.08274834160399784
6 0.3522070768678266 0.5319457826698765 0.10379024122451135 0.08129284946188058
6 0.39001696542677095 0.49615598593686416 0.09937552586424747 0.09044952564056316
6 0.47947192201154626 0.4330438639347921 0.07833560015828453 0.06450345574818712
6 0.5570346323572452 0.40223481968297914 0.07874477711788863 0.07856595574818695
6 0.6279488744396864 0.49237397621695445 0.09446070533113407 0.08241870181924557
6 0.6309542024946472 0.5504048000382721 0.10517088479802066 0.07511562406898661
6 0.7343436269469689 0.5192340368037056 0.10829588479802066 0.07526117328319834
6 0.862152726709542 0.6167169664970448 0.10856866943775678 0.08463617328319835
6 0.8359131724737645 0.7656981219975629 0.08710284639736088 0.09767982878371625
6 0.8670806044479337 0.7968775014432328 0.0637108105039836 0.0981507096771285
6 0.7274437914366676 0.8639108360179174 0.12390416442319178 0.12904114474715095
6 0.7142200289002554 0.753771702643306 0.095188131037097 0.10741870181924576
6 0.3939757250601894 0.7365091581866051 0.09981344655564542 0.1591267510334573
6 0.487785561032709 0.7119329973094037 0.10130173871722885 0.10302230024766904
6 0.48898199967079564 0.6439278600058508 0.08494931301126592 0.07729455417661057
6 0.4275086052393565 0.47130368920385185 0.035466138558944316 0.03910104135632899
5 0.4966129240566103 0.61640625 0.9932258481132206 0.7671875