5 0.48359375 0.5 0.9671875 1
6 0.4318249241081432 0.15620394034819482 0.12216710064862309 0.10905030452090285
6 0.25131921793963297 0.19889666736243075 0.11764324188232518 0.11831620174736121
6 0.4415100211066136 0.4073124986688198 0.11098413879807012 0.094733231382639
6 0.464509370133679 0.567287563923299 0.12378414772652384 0.11221167211208342
6 0.4877132707028718 0.7155438791777782 0.14716710064862326 0.10963218597979178
6 0.5140751733006595 0.7724303120234379 0.12189436525911965 0.09342530452090295
6 0.028787878655095616 0.8008182708015624 0.05757575731019123 0.1422615416031249
6 0.19426287419086874 0.37811073546670154 0.22183190990138843 0.181653962765278
6 0.059116104100200184 0.40694163744281253 0.11823220820040037 0.12783667211208344
6 0.1991804249222174 0.4993681396270141 0.12504663879807004 0.09506053970326392
6 0.11837866396516876 0.606125326272396 0.12720915665497756 0.12947190729444458
6 0.05669687013367897 0.5577956226251737 0.11106595941492108 0.099420731382639
0 0.3834771530048248 0.2394879126127781 0.10374438311602718 0.1273638934267362
0 0.36199229627041707 0.6196111704965628 0.10829551542127547 0.11966049620027785
0 0.1485786327155807 0.6670089280960071 0.17994441882984216 0.19785953780340293
0 0.09888001055330682 0.4672258272223265 0.19776002110661364 0.14070165444465293