1 0.7333698118241317 0.4009229071975353 0.13971102084968265 0.1328514804327085
1 0.7216343414493029 0.3474887826725006 0.09242684389007838 0.1176979526972917
1 0.7215925405122309 0.21458536369454922 0.10580738229073816 0.0945877610179168
1 0.6528916677884041 0.07695677070465332 0.11411998746358769 0.11195709897381953
1 0.5710229245188286 0.44561454530593797 0.1210519490629279 0.1355400693385418
1 0.5756038097790677 0.6911998022397923 0.11158602084968265 0.13219686379145834
1 0.6074268081297151 0.833442506836945 0.10037573620994636 0.12256729065319441
1 0.45991296212806565 0.7713756518792019 0.10105769780928675 0.14600479065319458
1 0.4846117145688411 0.325554658813056 0.10698944906292791 0.1352127610179167
1 0.4859421970178639 0.17235692363069485 0.10259145407749273 0.09139002583555564
1 0.43387489482715047 0.02729769034819481 0.06350021034569905 0.03582970364722228
1 0.4563884600164946 0.5969568801277088 0.09826766693047428 0.10378092306201392
1 0.39911082059962044 0.469757294071667 0.10818823620994644 0.12274912860909737
1 0.3409395855768082 0.1314565538553128 0.08089831050398359 0.09713087955902786
1 0.23355899458972368 0.11410344006385435 0.10331887978345575 0.11639002583555565
1 0.132019226643035 0.11095829663711818 0.09022784639736088 0.09578658510611118
1 0.34976507231548004 0.7953924204965628 0.08925637978345566 0.11606271751493065
1 0.26893627263204917 0.6715535705728127 0.07625627461060622 0.09858427678548623
1 0.29874109606815646 0.5338723858272919 0.09996655925034234 0.10850479065319459
1 0.28460570289035864 0.37484222473312523 0.08470527210332382 0.12064111474138892
1 0.24131870414399983 0.38477961597565996 0.07000627461060623 0.09843880642076393
1 0.1983295705996204 0.4650840586049655 0.08232441818411548 0.09247974715020835
1 0.13490591660126988 0.5222412887533334 0.09201766693047428 0.1036354526972918
1 0.10824779137016068 0.36370143692972234 0.06398359514371962 0.10610583605604171
1 0.14554686605990916 0.23713959014010427 0.07942673871722894 0.10021951196784729
1 0.20439066864633393 0.22990962480937518 0.09486988229073816 0.09433318787965286
5 0.5 0.5 1 1