1 0.47610917359439187 0.212903446093427 0.1368588054894186 0.1429269490629279
1 0.4196091210079671 0.2026729882550105 0.12294941818411545 0.09412573620994644
1 0.29000653754273 0.14816368151195064 0.09679609514371963 0.10741534639736088
1 0.13106344655564545 0.15837009263643717 0.11742684389007838 0.11894387978345575
1 0.4616244394295094 0.3857726447606435 0.14256323620994654 0.1243588054894186
1 0.7032556614536909 0.48100990307391367 0.13599498746358768 0.11323944906292774
1 0.8539148909997198 0.5080307073096911 0.12473923871722903 0.10198370031656907
1 0.7401826631030436 0.6233708993129901 0.15134720282385156 0.10431909012915472
1 0.31430081004176513 0.41973480463148877 0.1421085951437197 0.1087338054894186
1 0.16411294193679188 0.35525946450233414 0.09514266693047428 0.10424488229073817
1 0.5703953488381364 0.5559835078510519 0.1074608105039836 0.09835859514371954
1 0.42450618731793843 0.5587638638818311 0.12648359514371954 0.10827916442319178
1 0.07319608841329506 0.4767276360516619 0.10231866943775673 0.08259720282385156
1 0.04722227329045799 0.5766678000791423 0.06380173871722891 0.10021060015828454
1 0.725578256993122 0.7384730620868292 0.11968802586424747 0.0893473079967011
1 0.5764648070722643 0.7645772578510518 0.10218227711788863 0.07790970282385157
1 0.45144442352788483 0.6797583254811713 0.11384720282385156 0.1032279515702104
1 0.2915322144358271 0.6298312186589692 0.12428459765100212 0.08635870031656907
1 0.2858194235278848 0.6749391301791672 0.10351745658477522 0.0701426669304741
1 0.3488255403792168 0.7478059803374517 0.09459709765100213 0.08549488229073816
1 0.38172662008353025 0.832286280416594 0.10732441818411553 0.09367109514371955
1 0.2190076597378313 0.7932057453811465 0.11114810015828454 0.06411998746358769
1 0.1079588479802065 0.7056709899708702 0.10383570533113406 0.08108016693047411
1 0.12107496192854461 0.6467278989837857 0.09652331050398355 0.09804034639736088
5 0.5 0.5 1 1