3 0.5878785239497295 0.3772032254137236 0.09843859468490841 0.13550224267981753
3 0.5965513532384135 0.7062549260820872 0.10754087468172653 0.11217383068109026
3 0.4825472286362286 0.2298640540658606 0.12351132001908986 0.1420431440165447
3 0.49267565929345636 0.2995225734006787 0.09304202267663583 0.07451019867918127
3 0.7552483846276381 0.29632703743631345 0.12036813868554468 0.1404442813494538
3 0.8583166512571854 0.5710008681174037 0.16786130402608954 0.19411472135581712
0 0.46402175859327616 0.5460975813971789 0.0898079346753633 0.06509883601209036
0 0.47572287460218476 0.48059985073199696 0.15984880935708984 0.17683631468808994
0 0.546289913271821 0.459543010741542 0.12094994135899881 0.19044428134945388
0 0.36607624928391136 0.36837147605027043 0.13254087468172654 0.11246473201781733
6 0.7767655645687773 0.730229870106586 0.1342670066836355 0.12654541335136288
6 0.7074803099140949 0.641130460097041 0.1295067813494537 0.12024086935072642
6 0.6349138718969138 0.7668657094207233 0.09634883601209036 0.09017156134627217
6 0.6769473779042317 0.7134412647596775 0.11706132535009015 0.12478291868236298
6 0.591855857256549 0.5725884507479053 0.10323518268618095 0.1449317866804538
6 0.5442626945815039 0.633761760741542 0.09505905601527206 0.11359088001272663
6 0.5000405272517765 0.6066810927354969 0.10441587468172671 0.11213746801399935
6 0.41565698392745787 0.5392839600572701 0.07598179201145391 0.08524770401018138
6 0.36642059993636655 0.47307715738381584 0.08853633601209036 0.09008065467854501
6 0.4323097766152296 0.38398793272595183 0.0949681493475449 0.10577838001272673
6 0.48643420261777504 0.3658651887332697 0.09037155601527189 0.11353633601209037
6 0.42887678862986534 0.2761208887253155 0.09040791868236298 0.11666133601209036
6 0.4876079933163645 0.13069075739972422 0.1013817813494537 0.11991360534690845
6 0.6346557159850461 0.11755605275299603 0.10741360534690844 0.10123633068109025
6 0.6554045679901368 0.0802924100890868 0.10401588534372692 0.07776246801399936
6 0.7572023306413194 0.19555487810308617 0.14384200135263542 0.1438420013526355
6 0.656720525302365 0.2357975227561777 0.11846019334818117 0.11073860001590834
6 0.7273757339274578 0.5429111360995863 0.1686056440165448 0.12382040268936265
6 0.6783302539385938 0.4602980834261321 0.1153715560152719 0.11382723734881743
6 0.6140768499363666 0.4759588987507689 0.08857269867918127 0.093205654678545
6 0.4659927912555945 0.578156103397497 0.0442227146721816 0.041134077339272504
5 0.5668382232654576 0.5008454320098632 0.8663235534690846 0.9983091359802737