5 0.5015625 0.5453125 0.996875 0.909375
6 0.16875 0.59140625 0.09140625 0.1046875
6 0.234375 0.75703125 0.0984375 0.1
6 0.40625 0.54765625 0.07890625 0.0953125
6 0.55546875 0.50390625 0.09296875 0.10625
6 0.69375 0.4625 0.08828125 0.13125
6 0.74453125 0.4296875 0.07578125 0.10625
6 0.84375 0.92109375 0.125 0.1046875
6 0.41328125 0.78671875 0.1484375 0.19453125
6 0.46015625 0.91640625 0.1078125 0.1078125
6 0.52890625 0.76640625 0.07578125 0.109375
6 0.64140625 0.82890625 0.109375 0.1078125
6 0.603125 0.89375 0.08359375 0.0953125
0 0.2546875 0.625 0.1109375 0.08359375
0 0.6203125 0.59375 0.1015625 0.08984375
0 0.69453125 0.79140625 0.16953125 0.1515625
0 0.51328125 0.8890625 0.109375 0.221875