5 0.532704774753471 0.4383518893492484 0.914045872559425 0.8099235468298598
4 0.7179855300284769 0.5786945673369331 0.17866256249917623 0.12133971057599666
4 0.5173191026739227 0.6759655188377437 0.15105575973923263 0.15086358411256368
4 0.3915105791349724 0.6751347927436528 0.15536143019392784 0.1290158551898024
4 0.2608003214243346 0.6172955425472612 0.14135347727182862 0.132059041958086
4 0.19545991923358397 0.49969495208998566 0.10616027110331831 0.08498405405833438
4 0.3019047881461517 0.4654785124930319 0.11125687418757346 0.1084488251355733
4 0.4182116266199102 0.5038683259211402 0.12564665665497757 0.1272806383672897
4 0.5719951456946337 0.4959416755517978 0.11114778003177221 0.1021988251355733
4 0.8079911469124497 0.45315823615123574 0.1347489212654743 0.11171018052176755
4 0.20073598011120236 0.3543370002945876 0.10796823295387137 0.09905564441741407
4 0.3108376830333016 0.35057112997947454 0.1251011858759707 0.0960306383672898
4 0.4619734890396561 0.3700064103282914 0.11112050649282175 0.1006363251355733
4 0.6737331493480816 0.3711184166730032 0.12838982710967278 0.10542381908544902
4 0.5422416416374439 0.31328371165615126 0.11715231818121907 0.08817268657189174
4 0.2906421854689336 0.2678677142884299 0.11246481818121908 0.08814541549465282
4 0.4502802382288772 0.23724845248276916 0.09969208279171564 0.07244769262201593
4 0.4179392966708636 0.17493025966436151 0.08732845048646727 0.08018746974937896
4 0.49844895697928904 0.1768058561717612 0.1044341298696164 0.07559996369925477
4 0.6857307686676863 0.16321501308220707 0.10476141233702041 0.09434996369925477
4 0.7288143413131323 0.25906786856659714 0.08546594155801354 0.06299087939029935
4 0.7875132313290184 0.30951277528065135 0.1280625446422686 0.08667381908544902
0 0.36560304951023737 0.3994762625912277 0.1308602621748646 0.06794199980360834
0 0.42733148213979727 0.4444342385871226 0.09190685633066593 0.07396474082661779
0 0.5053394797041653 0.5268013109922214 0.06046594155801373 0.0628454336450254
0 0.5680695304355139 0.4053303110904173 0.12068642126547413 0.11162836729005096
0 0.5998531387947748 0.5700058894474443 0.03829093262955983 0.045530668617910844
0 0.3637423149315129 0.5166864884889268 0.04133411201270887 0.040861349336070066
0 0.7129341968330193 0.19977922697785355 0.16254663879807013 0.09312380698520065
0 0.7980434025944925 0.42040027830571347 0.15985801542127548 0.11810562626704132