1 0.3734375 0.65390625 0.0578125 0.04140625
1 0.2546875 0.4578125 0.0640625 0.06171875
1 0.21484375 0.33046875 0.0546875 0.04453125
1 0.2359375 0.27421875 0.05078125 0.03515625
1 0.328125 0.1953125 0.0421875 0.03203125
1 0.3421875 0.328125 0.05390625 0.03828125
1 0.36796875 0.2953125 0.04296875 0.04296875
1 0.44375 0.21875 0.06015625 0.04921875
1 0.57890625 0.1671875 0.05234375 0.04140625
1 0.5859375 0.1359375 0.04453125 0.03984375
1 0.4625 0.13359375 0.05234375 0.03125
1 0.6109375 0.23984375 0.04375 0.03046875
1 0.65078125 0.26640625 0.0453125 0.0328125
1 0.803125 0.246875 0.028125 0.02265625
1 0.51640625 0.3171875 0.040625 0.04453125
1 0.6328125 0.390625 0.04609375 0.03125
1 0.75078125 0.3546875 0.07109375 0.05
1 0.82265625 0.39296875 0.05 0.04140625
1 0.8125 0.51484375 0.0671875 0.0453125
1 0.6765625 0.49375 0.059375 0.059375
1 0.471875 0.4765625 0.05625 0.05
1 0.4359375 0.5265625 0.04765625 0.0390625
5 0.50625 0.4234375 0.884375 0.659375