3 0.59453125 0.61171875 0.1203125 0.07109375
3 0.27734375 0.55078125 0.09296875 0.0859375
3 0.75703125 0.5421875 0.11953125 0.09453125
3 0.68828125 0.53671875 0.05625 0.0796875
3 0.63671875 0.78984375 0.11875 0.0921875
3 0.35234375 0.8296875 0.1640625 0.12734375
0 0.45859375 0.4578125 0.04609375 0.08046875
0 0.51875 0.4828125 0.14765625 0.12578125
0 0.52421875 0.5546875 0.1703125 0.07890625
0 0.64921875 0.40078125 0.0859375 0.11171875
6 0.21640625 0.71953125 0.09921875 0.109375
6 0.31640625 0.67109375 0.0953125 0.1078125
6 0.21171875 0.57578125 0.0703125 0.0796875
6 0.253125 0.62734375 0.10234375 0.0921875
6 0.40625 0.575 0.1265625 0.07265625
6 0.3578125 0.51640625 0.09609375 0.071875
6 0.39296875 0.4796875 0.0921875 0.08203125
6 0.47578125 0.41328125 0.071875 0.0578125
6 0.5484375 0.3796875 0.0734375 0.0703125
6 0.6203125 0.46171875 0.08828125 0.07421875
6 0.62578125 0.5171875 0.0984375 0.06640625
6 0.72421875 0.48046875 0.10078125 0.065625
6 0.8515625 0.5671875 0.10078125 0.07578125
6 0.8328125 0.7109375 0.0796875 0.0890625
6 0.8640625 0.7390625 0.05625 0.08984375
6 0.7328125 0.8125 0.115625 0.1171875
6 0.71484375 0.7078125 0.0875 0.09765625
6 0.40625 0.7109375 0.0890625 0.146875
6 0.49609375 0.68125 0.0921875 0.09296875
6 0.49453125 0.61640625 0.07734375 0.06953125
6 0.42734375 0.45390625 0.03203125 0.0359375
5 0.5 0.6265625 1 0.746875