5 0.53046875 0.44375 0.84609375 0.74296875
4 0.70234375 0.596875 0.16796875 0.109375
4 0.49453125 0.67890625 0.13828125 0.13984375
4 0.3703125 0.66875 0.14453125 0.11796875
4 0.2453125 0.6015625 0.1296875 0.12109375
4 0.19140625 0.4796875 0.09921875 0.078125
4 0.3 0.45390625 0.1015625 0.10078125
4 0.41171875 0.50078125 0.115625 0.11875
4 0.56484375 0.5046875 0.1015625 0.09453125
4 0.803125 0.4796875 0.12578125 0.1015625
4 0.209375 0.33671875 0.1 0.09140625
4 0.31875 0.340625 0.11640625 0.08671875
4 0.46640625 0.37109375 0.1015625 0.09296875
4 0.6765625 0.38828125 0.11953125 0.096875
4 0.55078125 0.32109375 0.11015625 0.0796875
4 0.30546875 0.25703125 0.10546875 0.0796875
4 0.46640625 0.2390625 0.09375 0.06484375
4 0.43984375 0.17421875 0.08125 0.0734375
4 0.51953125 0.1828125 0.0984375 0.06953125
4 0.70625 0.18359375 0.0953125 0.08671875
4 0.740625 0.28203125 0.08125 0.05625
4 0.79453125 0.33671875 0.121875 0.0765625
0 0.36875 0.39375 0.12578125 0.05703125
0 0.42578125 0.44296875 0.08515625 0.06640625
0 0.49609375 0.53046875 0.0546875 0.05859375
0 0.56875 0.41484375 0.11328125 0.1015625
0 0.5859375 0.58046875 0.03359375 0.04453125
0 0.35625 0.509375 0.03671875 0.03828125
0 0.73046875 0.221875 0.15625 0.08046875
0 0.7953125 0.44609375 0.1484375 0.10546875