5 0.5 0.4980788896415206 1 0.9961577792830412
6 0.8448468694251214 0.4636651045886689 0.09854045157021041 0.11593261646291494
6 0.7811433852602392 0.2866245697629598 0.10621655925034226 0.11165455223856365
6 0.5943096603330638 0.4959166033454735 0.08572220282385175 0.1043400192218769
6 0.4367184691876946 0.5338216378324983 0.10014841567683312 0.11757700361804453
6 0.29013297420225953 0.5699561324054313 0.09618834138279597 0.14233134215265544
6 0.23600776385656058 0.6015469691310198 0.08139841567683304 0.11659435775648763
6 0.14788591904204534 0.08051741689245617 0.13447795157021036 0.11781602103089917
6 0.5937941494460041 0.24472591756982473 0.16216033386094858 0.21131371551297518
6 0.5493120267221773 0.10624991576080241 0.11577341567683312 0.11839587516934214
6 0.47284515195328647 0.2602956066248338 0.08148934389007856 0.11971935775648763
6 0.3567858944314391 0.18848812641253757 0.11889841567683304 0.11855964947960165
6 0.3986073330695257 0.12260749886834624 0.09040970282385156 0.10458568068726608
0 0.7560260618241318 0.4238003431687082 0.1181709899708702 0.0935596494796016
0 0.37150029763836684 0.4357282965843541 0.10897784639736088 0.09931832654882307
0 0.29939929176587204 0.2246026888278665 0.18276233887551346 0.16871013568479168
0 0.49284306637647823 0.13771792175369624 0.12212636724704354 0.22949714947960165