1 0.6778844780792236 0.5874980592246958 0.055469297342454024 0.06750566256778665
1 0.5047935181014953 0.7505424390077786 0.07903406667727211 0.07857951795398091
1 0.38371849677749487 0.8185833909995684 0.05857611600890866 0.06596134328594587
1 0.3211184994429949 0.8096260266363838 0.04912839067472685 0.059656801131468026
1 0.21865602343249546 0.7316914032962085 0.042769302673454225 0.05024543969514959
1 0.351740696093223 0.6887186289975158 0.0523079346753633 0.06436248184962742
1 0.31245092942390496 0.6689601200205255 0.05218066534054513 0.05342498184962743
1 0.2156481074156326 0.607463562937129 0.06489884134309047 0.07224770472226431
1 0.13213507873167885 0.479642569085449 0.05543293467536321 0.06438066256778666
1 0.09932257873167882 0.479451671544777 0.05063634667409058 0.05497839149054791
1 0.12423276674885986 0.6061505269309714 0.04445907200827235 0.06119203005422928
1 0.1995311167249973 0.4308192497054124 0.04122498400699968 0.05179884933607006
1 0.216954426718634 0.38404878883482796 0.04436816534054513 0.05337953005422928
1 0.16285617803149854 0.23296301180566079 0.030069308004454332 0.032985216822512695
1 0.2996862054025877 0.5118652375069681 0.05530566534054513 0.05344316256778665
1 0.34811352005090673 0.37699987899751586 0.04282384667409058 0.054932939695149674
1 0.285076623368862 0.263359559813871 0.06816929201145401 0.08476588544042354
1 0.3075596033577262 0.18146466520006527 0.05383407200827239 0.061246572208706995
1 0.43393119935549895 0.1657947342855143 0.061846566677272286 0.0784795240041051
1 0.44419763204167995 0.30959473126045217 0.07429202267663584 0.07386474687674198
1 0.4740322247374058 0.5238163125443455 0.06486247867599956 0.06912270472226431
1 0.5321538074076784 0.5507151558302914 0.05067270934118149 0.05810339149054773
5 0.4253492767345423 0.5 0.8506985534690846 1