1 0.3879368868430847 0.37723963411290173 0.05512542069139794 0.07060516587924912
1 0.6132203801791671 0.2875496846532066 0.07883570533113407 0.08079862141421197
1 0.7554844365265156 0.2683235134164799 0.058159492478152684 0.06758929328391083
1 0.8142062186589692 0.3015923704027216 0.04708560015828454 0.06251984736759483
1 0.8877694022824908 0.41576648700761015 0.042079851411925516 0.05141865626060227
1 0.7422977779093115 0.4052233126908405 0.051864028371529966 0.06580853847458741
1 0.7752837741483878 0.4391543685886231 0.054670779625171306 0.05498016587924912
1 0.8491053705457487 0.5353870170446771 0.0645913489046432 0.07405754809323425
1 0.8879358529947714 0.6897124184959559 0.05342652837152997 0.06586310217691818
1 0.9218705837944416 0.7026042880960692 0.05159124373179367 0.05643353847458741
1 0.939122616784825 0.5713096480775357 0.043960600158284534 0.062410719962933216
1 0.8057825825408003 0.7094767922724206 0.04056281551854859 0.052926592558271326
1 0.7725669172596786 0.7481201408211418 0.04377874373179384 0.05616071996293322
1 0.7750423625616829 0.9136632952676453 0.03068771034569906 0.03541171034428636
1 0.7337591668639674 0.5945759893698629 0.056142351411925875 0.051909729581580064
1 0.6409615645941116 0.7045015716765152 0.04221624373179385 0.05610615626060209
1 0.6658970316037282 0.8372694316579817 0.06651756175762494 0.08661211179556502
1 0.6148633805083715 0.9072892657787326 0.05172763605166182 0.06112103847458741
1 0.484334794535852 0.8738542284852716 0.06169366943775678 0.08176092068857273
1 0.5239248287798766 0.7324132621505356 0.07396634890464338 0.07438493030721922
1 0.5668013359060126 0.5161632687739576 0.0644549565847754 0.06937004809323426
1 0.5177811627073321 0.46762407585286636 0.05172763605166182 0.06112103847458741
5 0.5923920884798021 0.5102505084375205 0.8152158230403959 0.979498983124959