1 0.56640625 0.7546875 0.10625 0.11484375
1 0.6203125 0.753125 0.10234375 0.06875
1 0.74921875 0.7765625 0.07421875 0.08828125
1 0.89609375 0.734375 0.09140625 0.09375
1 0.55234375 0.5890625 0.115625 0.09375
1 0.3125 0.55 0.1125 0.08515625
1 0.16796875 0.55625 0.1046875 0.07578125
1 0.25625 0.4234375 0.1296875 0.07109375
1 0.684375 0.5265625 0.11796875 0.07890625
1 0.83359375 0.55546875 0.07265625 0.08515625
1 0.98671875 0.53125 0.0265625 0.05703125
1 0.425 0.45078125 0.0859375 0.0765625
1 0.56015625 0.41796875 0.10390625 0.08203125
1 0.9 0.421875 0.08359375 0.0609375
1 0.9359375 0.3203125 0.09921875 0.0796875
1 0.959375 0.2234375 0.08125 0.07109375
1 0.25234375 0.31171875 0.10234375 0.0640625
1 0.3875 0.25546875 0.08671875 0.05625
1 0.51640625 0.309375 0.09140625 0.07890625
1 0.6734375 0.32421875 0.10703125 0.06015625
1 0.671875 0.2796875 0.08828125 0.0484375
1 0.6015625 0.22421875 0.078125 0.065625
1 0.5578125 0.1515625 0.0875 0.071875
1 0.715625 0.15390625 0.09765625 0.040625
1 0.8328125 0.21328125 0.0875 0.0578125
1 0.82890625 0.271875 0.0765625 0.0765625
5 0.5 0.5328125 1 0.934375