5 0.5570083567393148 0.5255423275200052 0.8561303934595397 0.944442484572134
4 0.38617933076063204 0.6855873035740178 0.13179653469127164 0.18351370373287815
4 0.32662087539781526 0.46939528774570516 0.15804995202099903 0.15741485389503396
4 0.3509748907144978 0.3462890243530245 0.13779199602163547 0.16174779788867957
4 0.43242379069858944 0.22765602678865654 0.1391908640197263 0.14771257142762995
4 0.5600942573599533 0.18635709659472863 0.09033519334818116 0.11092959172016936
4 0.5738942227084526 0.29785765828312594 0.11538973734881744 0.1160534683433748
4 0.5149743033895429 0.4051576895327139 0.13275905068427196 0.1319784772718286
4 0.49409073341022375 0.557896905847494 0.10913973734881743 0.11594437418757338
4 0.4921940681094495 0.797822476464345 0.11878745735199914 0.13954551542127547
4 0.7011283373647258 0.21905872808919807 0.10441587468172671 0.1127375535707225
4 0.6852135307129069 0.3287337370176518 0.10303518801718106 0.12833528003177203
4 0.6384487133990879 0.47332921672511236 0.10757723734881744 0.11591710064862326
4 0.5978889900938593 0.6811104890462467 0.11246473201781733 0.13318642126547414
4 0.6785566400779509 0.5624911282513538 0.09358746268299925 0.12192163879807012
4 0.769552168045816 0.32413596591433336 0.09353291868236298 0.11723413879807013
4 0.7698805267345424 0.48666323945328377 0.07774428668045381 0.1028989034085667
4 0.8376401913987698 0.46750809050894393 0.08384883601209019 0.09050799756436803
4 0.820580508076042 0.5459467362068728 0.08092383068109044 0.10764095048646745
4 0.7993156774347226 0.7330745892911279 0.09967383068109026 0.10796823295387128
4 0.6972264661043589 0.7567360060923752 0.06664315467854501 0.0886454886359143
4 0.6360531561107221 0.8046883108809137 0.09373291335136287 0.13442163879807012
0 0.6263385173854067 0.3727388814977647 0.07498291335136287 0.13409435633066602
0 0.5714697513924063 0.42526959213050175 0.07765338001272681 0.0950864034085667
0 0.4760578014003606 0.48554066477594765 0.06633407200827221 0.062082988635914306
0 0.5833259560789055 0.5711860641273245 0.11707950668363551 0.1270182418823252
0 0.41531175274504184 0.5702117195644861 0.04732953333863606 0.03988070616851012
0 0.5111947753819068 0.3489622366106147 0.042678396005727134 0.04292388555165925
0 0.7581276034372679 0.752547338073312 0.10194540268936265 0.16893300649282175
0 0.5265417961091313 0.7948787086074375 0.12532835868872622 0.1646546095770768