6 0.60859375 0.6125 0.13515625 0.0921875
6 0.22109375 0.653125 0.1234375 0.05078125
6 0.78359375 0.6765625 0.15859375 0.12265625
6 0.90078125 0.51796875 0.13671875 0.059375
6 0.81953125 0.453125 0.103125 0.0796875
6 0.6109375 0.36953125 0.11484375 0.1109375
6 0.35546875 0.36328125 0.121875 0.11640625
6 0.19921875 0.33046875 0.084375 0.09453125
6 0.25859375 0.19921875 0.0875 0.053125
6 0.378125 0.17421875 0.075 0.0578125
6 0.446875 0.13984375 0.109375 0.075
6 0.78984375 0.19921875 0.05859375 0.05
1 0.4203125 0.6140625 0.0734375 0.06015625
1 0.5 0.5 0.05625 0.0546875
1 0.93671875 0.696875 0.05859375 0.04609375
1 0.5671875 0.73125 0.07578125 0.05703125
1 0.21953125 0.45078125 0.0546875 0.04765625
1 0.30078125 0.628125 0.05625 0.05
1 0.859375 0.340625 0.06953125 0.04296875
1 0.70234375 0.1421875 0.05390625 0.0359375
1 0.6703125 0.10234375 0.0375 0.03828125
6 0.69921875 0.10859375 0.04765625 0.04453125
1 0.51875 0.33515625 0.05234375 0.02734375
1 0.509375 0.76484375 0.0515625 0.034375
1 0.61484375 0.85078125 0.0625 0.04296875
1 0.53359375 0.821875 0.07265625 0.04765625
1 0.4296875 0.78671875 0.05234375 0.03828125
1 0.1453125 0.76484375 0.06875 0.0375
1 0.1 0.715625 0.04609375 0.03203125
1 0.0453125 0.69296875 0.0421875 0.0359375
5 0.4921875 0.51484375 0.984375 0.91328125