6 0.38125 0.6074822161520688 0.1046875 0.152972352532014
6 0.31796875 0.20804292924977869 0.059375 0.13470819994353028
6 0.325 0.7974771555722553 0.1359375 0.1797924577654509
6 0.49765625 0.898358574157516 0.0703125 0.14940773677523325
6 0.5609375 0.8102978610598062 0.090625 0.11777830517696727
6 0.63671875 0.5816653558687215 0.121875 0.1336609104104042
6 0.6296875 0.31410612954624484 0.128125 0.1418374314570916
6 0.65546875 0.14776079272865933 0.1046875 0.09828485253201387
6 0.79609375 0.1942578191781929 0.0609375 0.0972992052052021
6 0.8296875 0.31651995605224814 0.065625 0.08507222099021768
6 0.86875 0.3837760745104519 0.084375 0.12522678413027988
6 0.825 0.7496054718372637 0.05625 0.06733868942018653
1 0.36953125 0.4112897556146077 0.0671875 0.08360072625188941
1 0.49453125 0.48057183468085984 0.059375 0.06595819994353036
1 0.31171875 0.9545007002964662 0.0515625 0.057690673635170955
1 0.25546875 0.5780893897166527 0.0640625 0.08654371572854576
1 0.53046875 0.18160371366240727 0.053125 0.06246917889684287
1 0.34921875 0.28825407401634173 0.05625 0.06577618942018652
1 0.68125 0.8384467059110738 0.046875 0.07773015785015538
1 0.88046875 0.650281035047913 0.040625 0.061741136803468065
1 0.9203125 0.6128041508752808 0.0421875 0.04308214206513981
6 0.915625 0.6435459166602964 0.05 0.056037168373499216
1 0.66875 0.48214349800444867 0.03125 0.05963260523343692
1 0.2171875 0.5217252686276129 0.0390625 0.058525131541796324
1 0.1328125 0.642264552757893 0.046875 0.06991765785015538
1 0.15859375 0.5540442159403074 0.053125 0.08121917889684287
1 0.18984375 0.44128661070687036 0.04375 0.06036064732681172
1 0.196875 0.14243958702934703 0.0421875 0.07589464206513989
1 0.24609375 0.08801042128668377 0.0375 0.052184126280124365
1 0.2671875 0.028969350254113808 0.0390625 0.047587631541796224
5 0.49140625 0.5 0.9828125 1