4 0.3078125 0.6953125 0.12109375 0.07578125
4 0.43203125 0.6875 0.11875 0.08203125
4 0.578125 0.66171875 0.04453125 0.06953125
4 0.6546875 0.57734375 0.1125 0.07578125
4 0.76953125 0.59375 0.12109375 0.0734375
4 0.21015625 0.6171875 0.10078125 0.0578125
4 0.36015625 0.534375 0.08515625 0.05625
4 0.39296875 0.4765625 0.1 0.0640625
4 0.2203125 0.5046875 0.1078125 0.05
4 0.3375 0.41015625 0.07734375 0.0453125
4 0.44921875 0.40625 0.06796875 0.04609375
4 0.61171875 0.41953125 0.07734375 0.05078125
4 0.5703125 0.4921875 0.0734375 0.0546875
4 0.45 0.5296875 0.0890625 0.04921875
4 0.48125 0.56328125 0.09140625 0.046875
4 0.77734375 0.48671875 0.09296875 0.059375
5 0.5 0.6109375 1 0.65625