4 0.713623078095132 0.6761457383976186 0.08114200668363551 0.12778274881887358
4 0.7058912994111782 0.549020243206942 0.08737382535009015 0.12643850362819703
4 0.6814987320575883 0.4005926668907394 0.0708579400063634 0.04933036660488845
4 0.5946339840467706 0.3239061705189365 0.08105110001590851 0.1199702488188736
4 0.6128016340308623 0.2060366242398008 0.07801700668363551 0.12767362141421196
4 0.632737252108495 0.7774478327699885 0.062155649347544896 0.10681548439090349
4 0.5489060500874959 0.6256249271423584 0.060411336012090366 0.09113592068857254
4 0.49069356074949616 0.5932687841286002 0.0684056493475449 0.10703373920022674
4 0.5185202107733587 0.768149733040141 0.054415874681726706 0.11279266587924912
4 0.42179865742358674 0.6503843688823232 0.04936474801081765 0.08137897477225646
4 0.4189089200747693 0.5363764325846541 0.04925566000954511 0.07200397477225647
4 0.43338794871895214 0.37017851371018 0.05405224801081765 0.08154266587924912
4 0.5081157760582246 0.4113367378494644 0.05870338534372692 0.07858135698624161
4 0.5454896014083147 0.5335192726958548 0.052635198679181275 0.09398810217691818
4 0.5795100654041786 0.501850121244576 0.051109061346272175 0.09705853847458741
4 0.5025272053628168 0.19972711525412615 0.063609061346272 0.09749504809323425
5 0.6284742767345424 0.49514383049255384 0.7006985534690846 0.9902876609851077