6 0.557810626915409 0.6339276316297946 0.1594953683170294 0.1102658551898024
6 0.13873513224766792 0.704170391294156 0.1396687157285458 0.06485336123992677
6 0.7475486901260583 0.6905190409761273 0.18953147881213822 0.1432419816532356
6 0.8728125425874851 0.5122809323684793 0.15583974729857672 0.07431926483072289
6 0.7843562583160308 0.4476821011827818 0.12273882096198285 0.09599427693097126
6 0.5566477582454437 0.3721134328594585 0.13862142619541978 0.12732609016268787
6 0.2809652187829047 0.38223227966144585 0.146888952503779 0.135184041958086
6 0.11201779770798251 0.3578039305217675 0.10315436305535756 0.10837610226293633
6 0.17365178967430037 0.2120192527304745 0.10051521046687398 0.06306360226293632
6 0.302261908061917 0.17759932181592356 0.08994173151356133 0.069249969749379
6 0.37659405012705693 0.13582997833358595 0.12862479991529546 0.0897806383672898
6 0.7485831712160966 0.17628836933315442 0.06899219468185844 0.058194295081343925
1 0.3545113216678545 0.6491566801289841 0.08690773677523325 0.07079428903121965
1 0.43858175575578195 0.5206958577238853 0.06935621572854593 0.06444429508134383
1 0.9140991532943552 0.7024292093976465 0.06881018415851443 0.05506929508134384
1 0.5150099349349736 0.7649730985505032 0.08994173151356133 0.06924996974937905
1 0.13502411625089086 0.48610619252382004 0.06577618942018656 0.056613614363184794
1 0.22502124274277674 0.6718487706844554 0.06742969468185844 0.058185204722264315
1 0.8259661766189428 0.32366333908253336 0.08112817363517096 0.05201701795398091
1 0.6525496053746114 0.12102363153159867 0.0649571420651398 0.042551114363184706
1 0.6189782421780794 0.08018955327276747 0.0462981473268119 0.04400453005422931
6 0.6492194790238998 0.08427306527482001 0.05759966837349921 0.05031816256778661
1 0.4568598608480447 0.3410538095192834 0.05972361049510884 0.033148843285945875
1 0.4524875481315055 0.8052481197259379 0.061741136803468065 0.040970433645025395
1 0.5678857640012257 0.8903230773750686 0.07487817363517095 0.05198065651766228
1 0.47949809818797523 0.8648003817279903 0.08452618942018653 0.05672269867214012
1 0.3664289507905763 0.8336634903356386 0.06192314732681172 0.0440954336450254
1 0.05870745605224814 0.8303101895969537 0.08076415258848364 0.04576701795398108
1 0.01805184246748679 0.7807869125677867 0.03610368493497358 0.03779998184962743
5 0.49990899473832817 0.5015625 0.9998179894766563 0.996875