4 0.530617352738288 0.30944301340704206 0.0936173488211363 0.07449201734563582
4 0.5406834194304713 0.3885038047421784 0.09706068380210837 0.08234088001272663
4 0.3966880217116488 0.2969419187221338 0.09530718281352524 0.07763519867918127
4 0.3372546719019292 0.3744123907144978 0.08599584980971961 0.07908861067790855
4 0.4030269105332227 0.42910952872372465 0.08605951680591399 0.08065111067790856
4 0.24111715954463953 0.43191526070177116 0.100122016805914 0.08081474267981754
4 0.23399572623682277 0.5107760573679074 0.09661501482874764 0.07140338001272681
4 0.18719236901272937 0.6235664113621805 0.10500051779449712 0.08555678668045381
4 0.40247517631337243 0.7495674793920882 0.1053188527754692 0.093369286680454
4 0.5689132598114697 0.7507225414146781 0.10544618676785796 0.09649428668045382
4 0.49192894855649383 0.6450896120703149 0.04881418479069151 0.08646475867281786
4 0.5910906432330172 0.5133679920830416 0.09416117688202608 0.04951019867918127
4 0.742302974753948 0.5237253314369498 0.10318334980971962 0.07928860534690844
4 0.7801770009514022 0.3998883894414041 0.09530718281352524 0.07763519867918127
4 0.3262177183281573 0.5493669373806341 0.10041117688202608 0.04958292401336308
5 0.5034805552862957 0.5342339280712695 0.9808148261580856 0.7673042507956304