4 0.4679521953877302 0.6814206332991242 0.09012374203690499 0.07237496974937904
4 0.45669544794797884 0.6065115368899204 0.09839126834526439 0.08023292154477701
4 0.5949774269718786 0.6861485190341353 0.09508425782192056 0.07708974082661797
4 0.6501269295321274 0.6108530823640479 0.08561825256024883 0.07547269867214013
4 0.5866328479056266 0.5612394226249315 0.0858002630835923 0.07859769867214013
4 0.7394771268448217 0.5517593626146688 0.0999537683452644 0.08024201190385653
4 0.7446721320359064 0.47597356743512903 0.09628273677523325 0.07084883118569749
4 0.7876702450912639 0.36794744399675805 0.1017892841302798 0.08493860226293623
4 0.5808048660391293 0.25903202801112585 0.10224431043863902 0.09275110226293633
4 0.42414534236160606 0.2669723139190876 0.10398882096198285 0.09588519262201593
4 0.4982360187687873 0.3626024556060271 0.04857327886860805 0.08306703005422929
4 0.40713433468085974 0.49199503981678666 0.0934461631118273 0.048964740826617795
4 0.2636118478350394 0.48892510285211144 0.10133425782192056 0.07712610226293641
4 0.22930619531714297 0.6086154341360048 0.09508425782192056 0.07708974082661797
4 0.6574752399001793 0.4444604679026673 0.09666216837349921 0.050545421544777015
5 0.48827791886760935 0.46653143150372617 0.9637220098174721 0.7506667214978948