4 0.51484375 0.3171875 0.08046875 0.06328125
4 0.5234375 0.39140625 0.084375 0.07109375
4 0.39140625 0.30078125 0.0828125 0.06640625
4 0.33515625 0.3703125 0.0734375 0.06875
4 0.3953125 0.42421875 0.0734375 0.0703125
4 0.24609375 0.41953125 0.08671875 0.0703125
4 0.23828125 0.49296875 0.084375 0.06015625
4 0.19375 0.59609375 0.0890625 0.07421875
4 0.3921875 0.72109375 0.0890625 0.08203125
4 0.54609375 0.728125 0.0890625 0.08515625
4 0.47578125 0.62734375 0.0375 0.078125
4 0.56796875 0.50859375 0.084375 0.03984375
4 0.70859375 0.52421875 0.0890625 0.06875
4 0.7453125 0.4109375 0.0828125 0.0671875
4 0.3234375 0.53203125 0.0890625 0.040625
5 0.4890625 0.52578125 0.846875 0.6578125