4 0.24830586669005744 0.32273985187414417 0.10235479534115868 0.1371483105039836
4 0.2667548942796773 0.4470124261681813 0.10696040818602892 0.13572220282385156
4 0.3060553324301753 0.5901797529695009 0.08107293758467105 0.058523205331134066
4 0.3994910719147257 0.6529859783588947 0.10030097241038013 0.12772784639736087
4 0.39326764812486453 0.7717359783588946 0.09922979534115868 0.13705738229073816
4 0.3197448547042699 0.20989285939599162 0.07925148801421233 0.113074313011266
4 0.41706251074259215 0.34747176425227194 0.07374511646291496 0.09731292069139794
4 0.4797738726829513 0.37138898588074204 0.08550148801421234 0.1132561694377567
4 0.43487520974722405 0.20108249755922455 0.07332903663473136 0.11914245658477522
4 0.5426290767759657 0.30325509982908017 0.062234406377006654 0.08605717194503919
4 0.5562235080290587 0.41596804849629665 0.06018058344622794 0.07663670783841656
4 0.5576587760077402 0.5820787818032492 0.06692190637700648 0.08619356426490725
4 0.47882776911033514 0.5531701832943172 0.0699650192218769 0.08472199247815268
4 0.4302408621675017 0.43835517702611115 0.06757700361804471 0.09869356426490725
4 0.39949215117708226 0.4743525129986308 0.06617827792830422 0.10177310015828453
4 0.5037514467453835 0.7622807588419956 0.07884205223856355 0.10526181301126591
5 0.39140625 0.5 0.7828125 1