5 0.3417778726527734 0.60234375 0.6835557453055467 0.7953125
4 0.29464340790105004 0.72890625 0.17343859468490824 0.134375
4 0.1488309212285503 0.771875 0.08971812269254427 0.190625
4 0.17321439791536752 0.6234375 0.1451317813494538 0.11875
4 0.47649448659295796 0.54296875 0.14489542401336308 0.0984375
4 0.44733533995068403 0.36328125 0.11649770401018138 0.075
4 0.2675483899586383 0.3046875 0.11471702800763595 0.05625
4 0.10616489994432074 0.41015625 0.12908861067790856 0.0828125
4 0.21550298993477573 0.48046875 0.11035679201145401 0.084375
4 0.05568254726291233 0.51875 0.0854295173456358 0.090625
4 0.06869326662954715 0.2734375 0.11017497867599957 0.06875
2 0.38372573126195786 0.52578125 0.06473520934118149 0.0578125
2 0.020673937301092394 0.50546875 0.04134787460218479 0.0609375
2 0.1723358872931382 0.29609375 0.04896475867281787 0.0453125