5 0.5 0.5 1 1
6 0.5719395329903835 0.15213797430892037 0.14348923871722885 0.10334823320977704
6 0.8087228159807669 0.2925720344678722 0.07405727711788863 0.0775099303072194
6 0.46830841613905144 0.21968508365741474 0.12005173871722903 0.10252977767481415
6 0.481926983769171 0.34294153438305414 0.08544941818411544 0.0935168762235353
6 0.48334106809233796 0.45560522549004673 0.10847774122451134 0.08027283175849824
6 0.3460911206787627 0.4422098696849314 0.1306709899708701 0.09197422359113006
6 0.3342252696625483 0.33934776451278825 0.06450042069139794 0.07093254809323427
6 0.24736777883374836 0.2604563834799295 0.13429609514371962 0.10927085099579195
6 0.10417771997911743 0.20931549101432534 0.10451766693047429 0.10510914065150559
6 0.12140936942512146 0.42341519654928816 0.11058581050398356 0.09907739546082901
6 0.20021266785491107 0.5372172909216582 0.11651756175762476 0.08835815027015244
6 0.0441301524155049 0.5528819525397379 0.08164245658477529 0.06997024881887377
6 0.2529990355641729 0.6313418023544035 0.11178459765100213 0.08663195916315995
6 0.2568310777257564 0.6877827753125615 0.09018238229073816 0.09524306733052797
6 0.31801027012476674 0.6547272278522994 0.058159492478152594 0.06758929328391083
6 0.45727604394395016 0.867614152169069 0.09919366943775679 0.08307044954451293
6 0.5681777546853606 0.6845784520764018 0.11545516693047428 0.10549108656782166
6 0.47975175217807803 0.659593321043543 0.08705738229073816 0.09513393992586608
6 0.593414750066507 0.48916674835553753 0.12487563103709683 0.10738096878180663