4 0.9667946743556879 0.08203125 0.040352762324472026 0.1140625
4 0.8577815225012373 0.0453125 0.2063119549975255 0.090625
4 0.7650850101767652 0.159375 0.19396244120271575 0.153125
4 0.8047030308689802 0.253125 0.17751856965141818 0.1375
4 0.6526115863869042 0.278125 0.18138719810012063 0.121875
4 0.6445954477614364 0.103125 0.19725121551297525 0.15625
4 0.922623113976524 0.403125 0.11765224672063965 0.128125
4 0.8812633723442669 0.6109375 0.15507035956551007 0.1265625
4 0.636288387043588 0.64921875 0.15803158525525038 0.1234375
4 0.509510123814605 0.7875 0.16024918249628825 0.1359375
4 0.734907350747541 0.54140625 0.18122342378986112 0.11875
4 0.8039616451841886 0.43125 0.1530984237898611 0.11875
4 0.7272254047951269 0.38984375 0.16617163387576941 0.1296875
4 0.5939348699694178 0.45859375 0.17126856965141818 0.1375
4 0.31246138342554347 0.74609375 0.1175703595655099 0.1265625
4 0.07137487449197359 0.72265625 0.14274974898394718 0.0953125
4 0.5242697438955645 0.5953125 0.14660276232447203 0.1140625
4 0.38903492876670215 0.61171875 0.15794969810012063 0.121875
4 0.6117253940525347 0.0296875 0.17029921189493055 0.059375
4 0.4665589789691008 0.13125 0.16666295680654794 0.1390625
4 0.2488668679332529 0.08125 0.16963082654882317 0.10625
4 0.069203701379481 0.0421875 0.138407402758962 0.059375
4 0.19766181479017814 0.20859375 0.14010045680654795 0.1390625
4 0.3502302148356066 0.29375 0.15770403663473137 0.1171875
4 0.4885247529406761 0.353125 0.12712242198083884 0.0703125
4 0.39395920341564594 0.38359375 0.09266553482570909 0.06875
4 0.44390057044438763 0.4890625 0.17686347241038014 0.125
4 0.0641333418139711 0.34609375 0.1282666836279422 0.1609375
4 0.06719804782957917 0.5125 0.13439609565915833 0.1015625
4 0.2515017085040286 0.46328125 0.16675148801421233 0.1109375
4 0.1924841553609538 0.590625 0.16157266508343388 0.1015625
3 0.4042979963819554 0.096875 0.0605900192218769 0.0828125
3 0.33471251469932106 0.03828125 0.12399742198083885 0.0703125
3 0.26847003900958055 0.03515625 0.1311548247398008 0.0578125
3 0.13548271935816242 0.17265625 0.08806656603337357 0.040625
3 0.11731921754914013 0.22109375 0.08542624491161735 0.0796875
3 0.02143126469932108 0.11640625 0.04286252939864216 0.0796875
3 0.06655565694283348 0.11640625 0.09791960085908265 0.109375
3 0.12827772896910083 0.13125 0.05524742198083885 0.0703125
3 0.033129003279360345 0.27578125 0.06625800655872069 0.0390625
3 0.18190293871632485 0.3453125 0.1311548247398008 0.0578125
3 0.17617523914586614 0.290625 0.18518722749876285 0.0453125
3 0.18113497682139426 0.4046875 0.03502345318850333 0.0421875
3 0.20890037143975587 0.63515625 0.04785100180902226 0.0484375
3 0.1991878567404348 0.596875 0.06520227611928182 0.0515625
5 0.5 0.46171875 1 0.9234375