5 0.3328125 0.60546875 0.665625 0.7859375
4 0.29375 0.71953125 0.16640625 0.12734375
4 0.14765625 0.75703125 0.0796875 0.18515625
4 0.17578125 0.6109375 0.140625 0.11328125
4 0.47890625 0.54140625 0.140625 0.09375
4 0.45390625 0.3609375 0.1109375 0.0703125
4 0.2765625 0.29765625 0.1109375 0.0515625
4 0.11328125 0.39609375 0.125 0.078125
4 0.22109375 0.4703125 0.10546875 0.08125
4 0.06171875 0.50234375 0.0796875 0.0859375
4 0.07890625 0.259375 0.1078125 0.065625
2 0.38671875 0.5203125 0.0625 0.05625
2 0.0234375 0.4890625 0.04609375 0.05859375
2 0.18125 0.2859375 0.046875 0.04375