4 0.015625 0.896875 0.03125 0.11015625
4 0.1234375 0.94765625 0.19296875 0.10234375
4 0.21171875 0.82890625 0.17578125 0.1421875
4 0.17109375 0.7359375 0.16015625 0.1265625
4 0.31796875 0.71640625 0.16640625 0.11328125
4 0.3296875 0.88671875 0.17890625 0.14609375
4 0.053125 0.58515625 0.10546875 0.121875
4 0.090625 0.384375 0.13984375 0.11875
4 0.32890625 0.35546875 0.14375 0.11640625
4 0.44921875 0.225 0.14453125 0.128125
4 0.234375 0.45625 0.16796875 0.10859375
4 0.16796875 0.56171875 0.13984375 0.11015625
4 0.24375 0.6046875 0.15078125 0.121875
4 0.37265625 0.5421875 0.15546875 0.1265625
4 0.64140625 0.271875 0.10234375 0.1203125
4 0.88046875 0.303125 0.13671875 0.0875
4 0.43828125 0.41171875 0.134375 0.10625
4 0.56953125 0.4 0.14375 0.1140625
4 0.36328125 0.9671875 0.1625 0.065625
4 0.50234375 0.865625 0.14921875 0.13125
4 0.71484375 0.921875 0.15703125 0.09765625
4 0.9046875 0.96953125 0.159375 0.0609375
4 0.7625 0.8 0.12578125 0.1296875
4 0.61328125 0.71171875 0.14453125 0.109375
4 0.4765625 0.64921875 0.11875 0.0640625
4 0.56875 0.621875 0.0859375 0.06328125
4 0.51796875 0.51796875 0.1625 0.115625
4 0.9171875 0.6703125 0.16484375 0.1515625
4 0.8984375 0.5078125 0.15078125 0.09375
4 0.70625 0.54921875 0.15390625 0.10234375
4 0.7609375 0.4265625 0.1484375 0.09375
3 0.56328125 0.90078125 0.05234375 0.08046875
3 0.63125 0.96015625 0.11640625 0.0640625
3 0.696875 0.9671875 0.12265625 0.05390625
3 0.82421875 0.83671875 0.0828125 0.0359375
3 0.840625 0.7890625 0.07578125 0.0734375
3 0.959375 0.89453125 0.08125 0.075
3 0.8921875 0.89375 0.08671875 0.10234375
3 0.83125 0.87734375 0.046875 0.0671875
3 0.934375 0.73984375 0.08515625 0.034375
3 0.9859375 0.734375 0.028125 0.07109375
3 0.77578125 0.66640625 0.1234375 0.05078125
3 0.78203125 0.7203125 0.1765625 0.03828125
3 0.77578125 0.60859375 0.03046875 0.0390625
3 0.74453125 0.38359375 0.0421875 0.04453125
3 0.7546875 0.42109375 0.059375 0.04921875
5 0.5 0.55546875 1 0.88828125