5 0.5 0.5 1 1
6 0.12521809222767963 0.573568054047586 0.10171666542531543 0.14249511646291496
6 0.1555949127392283 0.3081035063315781 0.07671235731976359 0.07416119629109837
6 0.22639529446120998 0.6376072998637144 0.09891699710451585 0.1158507293077852
6 0.3301966906561031 0.5780452713695834 0.09121150496239867 0.08427318068726616
6 0.42936409077993754 0.533903524987628 0.07816784946188075 0.10541119629109837
6 0.47283364681857487 0.6599204703742153 0.09012419396136266 0.1278594063770065
6 0.3866927855698698 0.7102270075747735 0.07002570967712848 0.06445864767057934
6 0.35116620037601276 0.8172239580497432 0.10582196856846852 0.1302407779283044
6 0.3631117746116151 0.9562510792623566 0.10302230024766904 0.08749784147528672
6 0.5462218351983663 0.8666042395960922 0.09550089867609249 0.10943695499752551
6 0.6141799307313056 0.7526922258012821 0.08641699710451575 0.11519563206674714
6 0.6910613002521782 0.884375995023159 0.06606595574818712 0.07983798620519025
6 0.6776303087292336 0.6683039376962128 0.08300089867609231 0.10878185775648763
6 0.7258152516571391 0.6426355523501053 0.09291955417661057 0.08748006784239593
6 0.6720930922276797 0.602228558342999 0.06341183664159918 0.056318599050060314
6 0.8046830760976291 0.3953754500206846 0.0824187018192454 0.09628185775648763
6 0.5975983221686877 0.3688594583884276 0.1018964478903042 0.11288950361804453
6 0.6115280814743127 0.4565199106724197 0.09284677956950453 0.08591756784239593
6 0.4149634505809005 0.4227236855485062 0.10389559553293921 0.12234639077317447