5 0.3869180347367911 0.5578125 0.7630654276219153 0.884375
4 0.3059848660017067 0.694803193547078 0.1945591368892682 0.16029545285270289
4 0.1484463478047417 0.7100728209258335 0.11422097353086733 0.20956339867609247
4 0.18677248552257936 0.5621832845319034 0.16883139081820958 0.14350605913900907
4 0.512224095737827 0.5368045647205804 0.16476032092583354 0.12304800992479734
4 0.49776768176025377 0.34358110359571 0.13063787799792798 0.09339474317557439
4 0.3132599410658786 0.24845688647498337 0.12656680810555185 0.07293669396136267
4 0.1337051817602537 0.3266246201400452 0.14513702564056316 0.10342471463952715
4 0.24332208436528754 0.4205994061196906 0.12482452564056316 0.10247864474715093
4 0.07299246773989906 0.4290368366415992 0.09833480024766902 0.10280397642635145
4 0.10647909408519725 0.17724105024766904 0.12402400496239871 0.08529114474715102
2 0.4169822162921569 0.5004068382942289 0.0749315334984459 0.06897263192686935
2 0.04172319706173464 0.41043023180303495 0.04055653349844601 0.06737159057054054
2 0.21373082195929075 0.22043458622731435 0.05708906203449331 0.05410961124870504