4 0.09030782134462742 0.9818840113687065 0.058142139784752286 0.03623197726258702
4 0.20582365943396863 0.9849917653230392 0.21417381596343468 0.030016469353921594
4 0.26589432630702614 0.9080446047526355 0.21796240363849115 0.18391079049472908
4 0.20554333126942487 0.8302445514063251 0.19833910835322088 0.1733923735357159
4 0.3473348790358945 0.777317164067626 0.19931941149637405 0.1609560405319101
4 0.3948540802359676 0.9223737015966055 0.22035965756743262 0.155252596806789
4 0.06385154166816973 0.7068495192773719 0.12770308333633945 0.15222302768032883
4 0.06830042804070925 0.5008395998097196 0.1366008560814185 0.15792919961943924
4 0.2802245775453712 0.420004729771226 0.1773716368892682 0.15850220258518863
4 0.3712413374701687 0.26403591406762594 0.18264133374611502 0.17119320357377185
4 0.20810552088756137 0.5399551324329643 0.19761136228216233 0.1577673735357159
4 0.16581951344396334 0.6579902080223962 0.17239303846084475 0.1520612015966055
4 0.2499205316409284 0.6841163093149905 0.18711050992479744 0.16669670456235508
4 0.36366200806727983 0.5948229990485979 0.19201633374611501 0.17157520555093822
4 0.5714960485950391 0.266716539580508 0.1379452638537389 0.14909802768032882
4 0.8143577907371563 0.2453030904925415 0.16029114474715095 0.12661553262324476
4 0.3993362965281245 0.4506883384781942 0.16577916542531543 0.143994033611828
4 0.5272280101341945 0.41050103167184265 0.17729886228216216 0.15693970258518863
4 0.44465071898726255 0.9785255425090764 0.17620293507002263 0.042948914981847254
4 0.5615000787882256 0.8846680435348407 0.18740160835322078 0.17294670456235509
4 0.7842291033953315 0.8921780904925415 0.18601889081820958 0.14325920456235508
4 0.9283065891273077 0.8910042041424255 0.06828342721213972 0.09323534684397003
4 0.8051495330886705 0.7623141769563881 0.1636730099247977 0.16574169961943924
4 0.6378379086053991 0.7077500578692968 0.1770077638537389 0.15068970258518882
4 0.48900230231909286 0.6766380262346352 0.13717897642635143 0.09916169467652339
4 0.5741435897464802 0.6300123770329379 0.10549232878371625 0.08851335475263547
4 0.5025104923515141 0.5378620277175099 0.19626718610347993 0.16239120653952135
4 0.9011812787454442 0.5995051122413713 0.15411822745980858 0.1949835306460784
4 0.8755734648489242 0.4434806053212892 0.17791529238978612 0.13669086958138302
4 0.6947900376367844 0.5269112347513228 0.18467471463952717 0.14788303756616053
4 0.7221060165443353 0.39417698919994715 0.1747902923897861 0.13656353558899426
3 0.6294131708065082 0.9054381413673941 0.07616870181924558 0.09511618182494175
3 0.7088438056288617 0.9478113251695024 0.13398120181924558 0.09747186068413427
3 0.7749782278786027 0.9395478390096667 0.13815927956950452 0.08672536167271758
3 0.8737711004998474 0.7846786082870387 0.09324488585581107 0.05994268577927482
3 0.8792612752307875 0.7340246922794275 0.0980437018192454 0.09600751977166358
3 0.9306546472328595 0.8237848706443284 0.07130141935425698 0.12454901384016423
3 0.8892120099293066 0.8228789452451769 0.0661387303552928 0.08067167984777583
3 0.9435827944612101 0.6638514551310086 0.057234611248705033 0.05691584486680377
3 0.7895331492997743 0.6270478390096667 0.13815927956950452 0.08672536167271758
3 0.8066628372652808 0.6794061764620967 0.18510705417661058 0.09019787155854928
3 0.7764916478520322 0.5709424190477228 0.042735463606069855 0.046967841901054186
3 0.6973264944184288 0.35481340026464253 0.057234611248705033 0.05691584486680377
3 0.7152930903656529 0.3892029877170724 0.07329625889134021 0.06692751482874763
5 0.5 0.5 1 1