5 0.49921875 0.4890625 0.99765625 0.896875
6 0.49140625 0.8546875 0.1234375 0.0703125
6 0.2359375 0.78203125 0.05703125 0.06171875
6 0.57109375 0.76484375 0.09765625 0.07421875
6 0.528125 0.6546875 0.06484375 0.075
6 0.5 0.54921875 0.09140625 0.0546875
6 0.63046875 0.52734375 0.1125 0.06171875
6 0.66640625 0.6203125 0.0484375 0.05703125
6 0.765625 0.671875 0.1109375 0.07734375
6 0.9125 0.68359375 0.08125 0.08203125
6 0.84375 0.4890625 0.0890625 0.0734375
6 0.74296875 0.403125 0.0984375 0.0609375
6 0.884375 0.34921875 0.06640625 0.05078125
6 0.6703125 0.328125 0.09375 0.06015625
6 0.653125 0.2765625 0.06796875 0.07578125
6 0.6046875 0.32265625 0.04296875 0.053125
6 0.42265625 0.15859375 0.08046875 0.0609375
6 0.36484375 0.3578125 0.09453125 0.0796875
6 0.453125 0.35859375 0.06640625 0.07578125
6 0.3890625 0.5453125 0.103125 0.078125