5 0.4921875 0.6671875 0.984375 0.665625
3 0.65703125 0.5046875 0.08984375 0.08671875
3 0.6109375 0.55703125 0.1546875 0.08046875
3 0.565625 0.590625 0.06015625 0.06328125
3 0.46953125 0.5953125 0.06640625 0.08359375
3 0.15078125 0.77109375 0.15859375 0.14375
3 0.11015625 0.5515625 0.15625 0.06328125
3 0.08984375 0.41640625 0.04921875 0.0953125
3 0.203125 0.41640625 0.125 0.0984375
3 0.121875 0.65234375 0.20078125 0.05390625
3 0.309375 0.6421875 0.13125 0.1421875
3 0.246875 0.53984375 0.1328125 0.09296875
3 0.3234375 0.465625 0.16796875 0.096875
3 0.36796875 0.5375 0.15859375 0.121875