5 0.5 0.39453125 1 0.7890625
3 0.31637178515558506 0.5215987483473702 0.11595894789030421 0.11297949710451576
3 0.3505691567433723 0.456862006205253 0.17740587014004525 0.12675520678164426
3 0.3885807330458892 0.41065694024181826 0.07863873035529281 0.08161818114108108
3 0.48218733788445345 0.37589448842257267 0.09208480024766903 0.10251287799792799
3 0.7604558488427082 0.108798917911024 0.20219185442427942 0.1902740512811263
3 0.8478337626153938 0.30819314227046085 0.17355312406898663 0.11098465756743262
3 0.8974077694398194 0.43217214371820295 0.07838617328319834 0.10967040653397522
3 0.7850875519048082 0.4670266408227188 0.15447779238978612 0.13660108767505647
3 0.8139917636488512 0.21466362014455437 0.2158133986760923 0.11451207195929074
3 0.6307575785788286 0.2824440872652809 0.1737029813887503 0.1811516083532209
3 0.715181774402218 0.36114482196379993 0.1605094685684687 0.13220468610347993
3 0.6553829352794196 0.4566970705160579 0.1971019400324213 0.1479410020669146
3 0.5956119830458892 0.4010143048002922 0.1949957845319034 0.16967045285270288