5 0.41029003246410883 0.5 0.8205800649282177 1
3 0.5677185231286179 0.6635038047421784 0.11449096834337488 0.11537155601527208
3 0.5022474817327602 0.6268117794000425 0.1218864569792892 0.18106928134945371
3 0.4569934829505762 0.5848873613939972 0.08261367694751698 0.07907042934436319
3 0.4279314999967047 0.4861316880569519 0.10467959172016936 0.09026246801399936
3 0.1672944143656153 0.1870652900222717 0.1894012394466932 0.2006010786919079
3 0.38839607264544596 0.10059363005249759 0.10458986282348767 0.17461928668045396
3 0.523378998782184 0.04748790607095128 0.11378185633066593 0.07474655601527203
3 0.550465424511885 0.1673100574076784 0.13392280681713337 0.15465223201781736
3 0.28674779788867955 0.13924650270527095 0.10203760714144483 0.207395424013363
3 0.3407882357932452 0.3265561460454979 0.18263304220663673 0.17084085335772609
3 0.43143478084255094 0.23934759472467917 0.13090690097293453 0.16086586935072641
3 0.5286331091700397 0.30374699673772404 0.14408873944669304 0.20007382001909005
3 0.4641126874975285 0.3662646307288153 0.16744441882984215 0.19565904002227166