5 0.4780006439230907 0.52265625 0.9337631095915659 0.6578125
0 0.3981569402418183 0.40859375 0.06628427956950463 0.08125
0 0.5731398236164298 0.3921875 0.04571491439185813 0.0421875
0 0.656624411705771 0.39453125 0.008613020678164319 0.0171875
0 0.658189065758547 0.3609375 0.021840766749222952 0.0328125
0 0.7219668136916324 0.5515625 0.038955492142117264 0.03125
0 0.6508644474805286 0.6859375 0.07064213978475227 0.040625
0 0.6081932580672799 0.57890625 0.025946069892376043 0.0203125
0 0.5004342619962212 0.59453125 0.009957196856846906 0.0125
0 0.4722471418561761 0.71328125 0.02565497146395277 0.0140625
0 0.4824718583577301 0.77890625 0.04364299214211709 0.03125
0 0.3204663180348585 0.71796875 0.029434942927905362 0.028125
0 0.24180412469266832 0.5953125 0.079143844499482 0.021875