4 0.3889086439954171 0.4814994204190544 0.11719011284152785 0.13902269072219048
4 0.44034255100552117 0.4066784925484452 0.07656380642076392 0.07024351581733086
4 0.43917813487736146 0.32305290905034795 0.09502417211208343 0.1256313527754691
4 0.43639666736243077 0.23714724254844516 0.07420252583555556 0.10292868182494201
4 0.5102387833380907 0.48672147821398914 0.07729115824437507 0.10149351581733086
4 0.6373338390932646 0.7732253695070209 0.0822695989738195 0.11418451680591417
4 0.6563046574818758 0.9163386995450772 0.06766158510611113 0.09017401384016424
4 0.5542810304882991 0.5646899693167405 0.06933318787965277 0.09492518083635879
6 0.563229964665139 0.14283221536240784 0.05686955547083343 0.09597834486680372
6 0.5201131314588888 0.014876947605091752 0.04647626291777769 0.029753895210183505
5 0.5417731919637154 0.17563537547570107 0.30229638392743075 0.35127075095140214
5 0.3835126291777782 0.4994906640304449 0.7170252583555563 0.9989813280608898