5 0.5046875 0.47890625 0.88515625 0.64453125
0 0.5890625 0.590625 0.06015625 0.07890625
0 0.41796875 0.60625 0.04296875 0.04140625
0 0.3359375 0.60390625 0.0078125 0.01640625
0 0.3359375 0.6375 0.01953125 0.03203125
0 0.26484375 0.45078125 0.0375 0.03046875
0 0.328125 0.31875 0.06640625 0.03984375
0 0.375 0.4234375 0.0234375 0.01953125
0 0.4796875 0.40859375 0.01015625 0.0125
0 0.50234375 0.2921875 0.0234375 0.0140625
0 0.4890625 0.228125 0.04140625 0.03046875
0 0.65 0.2875 0.02734375 0.028125
0 0.73359375 0.4078125 0.0765625 0.02265625