5 0.5 0.5 1 1
0 0.6102469397323776 0.3158859991469787 0.1381771879233554 0.2841230397032639
0 0.5970453341235966 0.5117440130146871 0.10507035956550989 0.12885365824437506
0 0.5293156015364511 0.5477373708222217 0.13015889077317447 0.10134690729444458
0 0.5233311951594446 0.46339873841340234 0.014471935775648781 0.008139808320625086
0 0.503097260288307 0.4802959508943399 0.024904824739800803 0.058321646276527875
0 0.5125132038658718 0.4808589953472565 0.0436548247398008 0.058758057370694415
0 0.4646013263216805 0.5218665082650343 0.07867827792830404 0.10170927678548622
0 0.41932088308279986 0.7474126753431246 0.05316702283992143 0.18070579255305574
0 0.4489563941640764 0.6114017869503816 0.0708591338757694 0.13117857123840276
0 0.5480633587725403 0.7412873490707288 0.22068871551297525 0.1611959924005557
0 0.5143224445936176 0.6646345833031593 0.1165191146538925 0.04952983415618064
0 0.3762415111928181 0.5074968433711456 0.09963923111680746 0.14433318787965277
0 0.1744931462002413 0.23998595431281236 0.27193695499752557 0.0968438580918752
0 0.2220531416776855 0.12227439029260416 0.378481283355371 0.24454878058520832
0 0.48911781094499085 0.10907491432520793 0.1554864393936935 0.10817878875333346
0 0.6066704811168074 0.12824052878225645 0.09619997060135788 0.07870818787965286
0 0.40514560266810495 0.14857513184013857 0.039704309135968605 0.07271145459715278
0 0.86657550486124 0.32634614798895767 0.15689180913596878 0.07543902393569457
0 0.7827217260284248 0.20392759375239516 0.1403394742194024 0.17649237765916678
0 0.776318997059324 0.33548671827742993 0.09816526232447184 0.11620818787965286
0 0.7021821342144536 0.3387766788585064 0.1118316146538925 0.049420731382639006
0 0.8128374304601234 0.49498835163617994 0.16724281094499105 0.12405836189159736
0 0.7179819538658718 0.47607665710701336 0.10730124491161738 0.0820877610179167
0 0.8313993227036359 0.4163360215640618 0.11643058344622795 0.07761846656500015
0 0.9689856953865871 0.18688164485482558 0.06202860922682589 0.22343880642076397
0 0.6989631224558087 0.02438496395428792 0.08222600180902226 0.04876992790857584
0 0.6457938568519765 0.03996483107050321 0.03550813206674697 0.07992966214100641