5 0.5047018499363666 0.4717180022394952 0.9465553987905396 0.917945125088691
1 0.620909747294729 0.2880065984523073 0.04743862133990895 0.048710210772388504
1 0.2741603746021848 0.47662717427525153 0.04907384667409058 0.05496930113146803
1 0.27403255792491255 0.5547567194547913 0.05361589600572705 0.04249657220870695
1 0.3586257339274579 0.5364975988450907 0.03166817067154524 0.0361193071815924
1 0.4602144112428679 0.6691288125443455 0.05530566534054522 0.05344316256778665
1 0.5632746818905505 0.8095816166026799 0.06462612133990878 0.048810204722264314
1 0.6631581452498675 0.618743514045156 0.04731135200509069 0.03777271077238851
1 0.6314819785964578 0.520896366504484 0.05381589067472685 0.05968407220870695
1 0.30331097792014006 0.5900856862773042 0.05841248400699968 0.05189884328594587
0 0.7635394059118676 0.6537048422057914 0.08255905601527207 0.11297269867214013
0 0.8167387732734118 0.4461877788758789 0.05837612133990895 0.048773843285945875
0 0.8756592399347756 0.48559571252090433 0.12458292401336309 0.09915563836728972
0 0.5179638239179128 0.6077418606507516 0.07102157200827239 0.06134656615858276
0 0.20652633724541314 0.6489016291939077 0.10881247334499947 0.08656473477649378
0 0.42403201058245843 0.6228214391059745 0.11446248933799978 0.035038596212812044
0 0.3848865998965957 0.7640095204880637 0.061464758672817865 0.04566702400410509
0 0.18489842727563902 0.4261044786281736 0.05850339067472694 0.05971134328594587
0 0.3968171719446389 0.4101487222834617 0.03475680800445433 0.03301248789975162
0 0.3341984459341394 0.48713340309981684 0.06190111067790856 0.0831670240041051
0 0.5516875799650016 0.2610395774732643 0.03493862133990877 0.04863748789975162
0 0.6253325232734118 0.4450742098886257 0.05049089600572696 0.04247839149054773
0 0.7340899052753208 0.43164348984465917 0.03797271467218159 0.04084316861791084
0 0.542821657304274 0.21723503531878657 0.03633748933799978 0.03458407825883123
1 0.49641028130968295 0.17711857454639807 0.055396572008272214 0.061255662567786605