5 0.5113694732654577 0.5025794453865872 0.8491360534690846 0.9948411092268257
0 0.41645586791854916 0.6221914190401627 0.0930965666772721 0.08295634215265543
0 0.36528536127468453 0.4514385057657512 0.05059998400699968 0.0541828889641522
0 0.3521955626193658 0.36710777136958345 0.01887726933481808 0.011920145861557074
0 0.3185199966184113 0.3723784475342938 0.03624658267027261 0.028445904567984303
0 0.49168587130013786 0.27044853459856644 0.03957157733927232 0.04579717887824382
0 0.6365802006285927 0.3140015400256334 0.05556020401018138 0.07786605042954128
0 0.5404586312858204 0.3785376735627185 0.025327264003817972 0.02943519448207601
0 0.5767768446053665 0.4820654652858326 0.014207950668363622 0.013236984396167805
0 0.6994694572724574 0.4853686069635181 0.019077264003817974 0.029107645861557074
0 0.7614881992759572 0.4628218995911434 0.03962612133990877 0.050484678878243726
0 0.73289848058564 0.6356485679539375 0.03319430800445424 0.034532130257724704
0 0.630063287237459 0.7397009028705037 0.04000792934436319 0.08329717887824373