4 0.6413244706807233 0.5225576684743359 0.11719247840045366 0.14027087516934209
4 0.5828696191367773 0.5904578194242756 0.07885417549789597 0.06963747060135787
4 0.5780854046161398 0.6767671336486268 0.09499009618646852 0.1297494549975255
4 0.576535317500164 0.7663652221832375 0.07224207694917481 0.10360303482570891
4 0.5148338925504221 0.4956532524863908 0.07542164065150558 0.10532930913596843
4 0.4000421839354164 0.17848900667026235 0.08054565027015244 0.11807497060135783
4 0.39166171034428626 0.05015928878243797 0.05777778366526398 0.04669793758467107
4 0.4727976707733905 0.4084498236081471 0.06895338584218216 0.09875176051544958
6 0.4388294755748648 0.8425891282215598 0.05338294954451293 0.09949538896415219
6 0.47459090470095777 0.9836291287873866 0.045659729581580065 0.03274174242522676
6 0.4228473554265971 0.9995473778828756 0.03664682813030105 0.00090524423424867
5 0.45948671595621793 0.816168311849502 0.2977431070710598 0.367663376300996
5 0.6502728847458739 0.5080249412027157 0.6880457694917478 0.9839501175945686