5 0.52578125 0.5 0.9484375 1
0 0.67734375 0.57109375 0.2703125 0.08984375
0 0.48203125 0.57109375 0.11640625 0.0828125
0 0.43984375 0.50703125 0.084375 0.115625
0 0.521875 0.4953125 0.00625 0.0140625
0 0.50390625 0.47578125 0.05625 0.01484375
0 0.5046875 0.4859375 0.05390625 0.034375
0 0.45859375 0.44140625 0.09375 0.0625
0 0.23125 0.41171875 0.17734375 0.02265625
0 0.36875 0.43203125 0.1234375 0.04765625
0 0.25 0.53828125 0.13203125 0.196875
0 0.321875 0.50078125 0.034375 0.11015625
0 0.46484375 0.35234375 0.134375 0.0765625
0 0.71015625 0.134375 0.05859375 0.2609375
0 0.84140625 0.17265625 0.2140625 0.3421875
0 0.87109375 0.43671875 0.08671875 0.13828125
0 0.86328125 0.55390625 0.0671875 0.08359375
0 0.8234375 0.35703125 0.06953125 0.028125
0 0.69296875 0.825 0.05390625 0.146875
0 0.80625 0.73359375 0.16015625 0.11171875
0 0.67421875 0.73671875 0.10390625 0.07890625
0 0.66328125 0.66328125 0.034375 0.1046875
0 0.51953125 0.78359375 0.1015625 0.1484375
0 0.5296875 0.68828125 0.06953125 0.09453125
0 0.6 0.79609375 0.0625 0.1046875
0 0.8453125 0.95234375 0.21171875 0.09453125
0 0.978125 0.63828125 0.04375 0.0734375
0 0.95703125 0.58671875 0.08203125 0.02265625