5 0.49140625 0.52890625 0.83359375 0.80859375
1 0.39765625 0.715625 0.04140625 0.04375
1 0.71171875 0.503125 0.04140625 0.05
1 0.70390625 0.42890625 0.0484375 0.0375
1 0.625 0.45390625 0.02734375 0.03359375
1 0.51484375 0.3359375 0.0484375 0.046875
1 0.40234375 0.2109375 0.05859375 0.04296875
1 0.325 0.403125 0.04140625 0.03203125
1 0.36484375 0.49296875 0.046875 0.05234375
1 0.67265625 0.39765625 0.05234375 0.0453125
0 0.22578125 0.37734375 0.06875 0.10234375
0 0.19453125 0.58203125 0.05234375 0.04296875
0 0.13359375 0.5484375 0.1109375 0.08515625
0 0.46484375 0.39921875 0.0625 0.05234375
0 0.76015625 0.3328125 0.09765625 0.0765625
0 0.55390625 0.37734375 0.1078125 0.0234375
0 0.57734375 0.2375 0.05546875 0.03828125
0 0.80234375 0.54375 0.0515625 0.05234375
0 0.60078125 0.57890625 0.02890625 0.028125
0 0.653125 0.4984375 0.05234375 0.075
0 0.465625 0.73515625 0.02890625 0.04375
0 0.37734375 0.565625 0.04609375 0.0375
0 0.27421875 0.5875 0.03359375 0.03515625
0 0.47890625 0.7765625 0.03125 0.03046875
1 0.5265625 0.81015625 0.0484375 0.0546875