5 0.5 0.5 1 1
0 0.5980156991331584 0.37313167059260194 0.17113025310037192 0.29328773531769164
0 0.5383559470662439 0.5613914958616617 0.11875861621110388 0.1396147717116218
0 0.4638268279596559 0.5814085893276862 0.13797949710451576 0.11712334160399784
0 0.4778037448327135 0.49985037427387435 0.01606164764263518 0.010102746071058632
0 0.4545652979758666 0.5112951424708394 0.032380160462916766 0.059195217535011224
0 0.46308627336876074 0.5132579028099216 0.049785984284234176 0.06468323821317572
0 0.4068705066195378 0.5435232915612167 0.08932367328319835 0.11017982878371627
0 0.30943677274958825 0.7527291635632887 0.0754838052100677 0.18125430810555193
0 0.37087304053226855 0.6271876621155466 0.08587334160399784 0.13652400496239867
0 0.43530791398208263 0.7734676567388631 0.23493157981717355 0.19023981803034928
0 0.4218319189444813 0.6929796360606986 0.11853598428423436 0.06788532092583352
0 0.32384183685099616 0.5106872127775004 0.11636136228216235 0.15509422249741006
0 0.18912235029045027 0.20924237510244387 0.2745719685684686 0.1375172324222075
0 0.2649271790741666 0.12821500702931332 0.3951456418516669 0.24915255334804093
0 0.5286985806457432 0.14676391563020325 0.16341614474715094 0.12766273531769157
0 0.6386343527716496 0.190248550038272 0.10251287799792799 0.09208480024766903
0 0.43687279962849657 0.16832423841806352 0.0487329065339754 0.07554796360606986
0 0.8463953870986651 0.436374495033092 0.1604709272121397 0.09790246071058561
0 0.793242616006216 0.30001530996306947 0.15858740363849116 0.19136136228216233
0 0.7559887109199827 0.4274660678209523 0.1103639193542568 0.1267508986760925
0 0.6829878585626179 0.4146706612869771 0.1137757096771285 0.06610449710451576
0 0.7539252890845265 0.589439528945823 0.1783519400324213 0.14706770678164424
0 0.6649013304408553 0.5508436017336831 0.11359592721213971 0.09571922249741008
0 0.7909758329220548 0.5167854329985987 0.12282537799792799 0.09303087014004525
0 0.9634266834173928 0.3275153794411609 0.057572867244561364 0.23187073821317572
0 0.7536836180731306 0.10713429714278791 0.08557793507002262 0.06323205417661044
0 0.6971425196447072 0.11076441128697705 0.04611732878371626 0.08633991439185813