4 0.4625 0.62109375 0.1140625 0.08984375
4 0.4046875 0.55625 0.053125 0.0640625
4 0.325 0.53828125 0.1078125 0.06875
4 0.24296875 0.521875 0.0875 0.053125
4 0.496875 0.5078125 0.08671875 0.05625
4 0.79921875 0.453125 0.09921875 0.0578125
4 0.9484375 0.46640625 0.09453125 0.0484375
4 0.58125 0.48359375 0.0828125 0.04921875
6 0.184375 0.38125 0.0859375 0.0359375
6 0.040625 0.38984375 0.0453125 0.03515625
6 0.01953125 0.3375 0.0390625 0.028125
5 0.1796875 0.4015625 0.359375 0.2171875
5 0.5 0.63203125 1 0.484375