5 0.5017605738352897 0.519704465426771 0.9964788523294207 0.9605910691464581
1 0.37352038217828876 0.7222791991294348 0.05278416327441153 0.054579851411925874
1 0.7229427708037566 0.5368451866595295 0.05311171189493056 0.06082985141192587
1 0.7219734130472689 0.45862925844628427 0.058624727498762755 0.046949207838416385
1 0.6368138410210016 0.4759735343105317 0.03477779172311415 0.03845474623907634
1 0.5310064970593239 0.3382127730277606 0.06076043758467105 0.05793217194503919
1 0.4241312980546922 0.19500599379830086 0.07153416327441153 0.05512542069139794
1 0.32544589382539213 0.3872282492085771 0.050566566033373485 0.04203438730530316
1 0.3595929217536962 0.4863871632360576 0.06108798620519007 0.0641821719450391
1 0.69184217774659 0.4211663623654925 0.06536605042954129 0.05650606426490725
0 0.22327588421445368 0.3487317020324288 0.09207903663473135 0.11968802586424747
0 0.17092656942427556 0.5591667483506473 0.06528416327441153 0.05494356426490725
0 0.11082122908064249 0.5170989202956866 0.1336933265488231 0.10997805674305994
0 0.47318070895425446 0.39936087318604513 0.07679487336031983 0.0661993130112661
0 0.7897983208946135 0.36432767748832956 0.11905761646291495 0.09863137978345567
0 0.5687421924459111 0.3864085806287503 0.11775406603337366 0.04398934389007838
0 0.6066439049066685 0.24368387153669255 0.06660100180902226 0.05030152837152997
0 0.8141719583884276 0.5905264646353481 0.06585737336031983 0.06588106426490725
0 0.5988745070089466 0.6030505113492781 0.03617651741285464 0.03537521034569906
0 0.6620904799851537 0.5253143047645028 0.07177318068726617 0.08945495658477523
0 0.4431268752808838 0.7515515104913483 0.04012038896415202 0.051091138558944316
0 0.36599008593261895 0.5636627170761235 0.05549972749876275 0.046858279625171306
0 0.2546807717082677 0.5747259006996452 0.04127345318850324 0.043324102665567035
0 0.4525737963572114 0.7974406720115461 0.03938340456798421 0.03702863855894432
1 0.5000563059681499 0.8375284629194883 0.06273237336031982 0.06579013605166181