5 0.4662566242738744 0.4987723166975558 0.7918882485477488 0.9975446333951116
0 0.6130438870941559 0.5279215479235982 0.06795378742738745 0.05229167549789597
0 0.5192446912707663 0.6141442793192767 0.055162688998963996 0.04560516587924912
0 0.6217531453663236 0.3452900971979588 0.04193494292790554 0.02954365626060227
0 0.4981808664159916 0.5147171981937506 0.08139985731976367 0.07304068511654283
0 0.5432428475998539 0.2893426867610053 0.08605312406898662 0.10596231252120454
0 0.49471330231458366 0.2722568796820964 0.04934933664159917 0.054761911069925694
0 0.5277227014049608 0.22493544637965215 0.07100601282028159 0.05083830290255768
0 0.40732031017246645 0.2440078833102935 0.05440070967712849 0.06273810217691826
0 0.43282542431665566 0.18677573666833808 0.03866439371369381 0.026309528855940557
0 0.3277547806029619 0.16540422287333997 0.04705909057054054 0.03908234736759484
0 0.3490390833318303 0.30316711770119686 0.04059076674922295 0.034176592558271414
0 0.30151761228216234 0.13971474211063367 0.03746576674922295 0.0340674651536097
0 0.231894432793711 0.4089855864830036 0.05850601282028158 0.05040179328391083
0 0.22071933829422896 0.3874652505481541 0.032705492142117085 0.03234127404661713
0 0.2932685804363461 0.4162326020921002 0.032487168320799585 0.02765377404661713
0 0.36799040632457836 0.6092534265942042 0.048005160462916766 0.05939484736759475
0 0.32980766376817644 0.7303124602594682 0.0688270827126578 0.07104167549789579
0 0.2766997803935649 0.715734094287552 0.06243153349844599 0.06769842068857254
0 0.29101268341288355 0.6534151435619124 0.05367296360606986 0.04711310217691818
0 0.20834142452154342 0.5921353923807862 0.04571491439185813 0.04371528366526398
0 0.4979196931327932 0.4083035070867581 0.08739730024766904 0.1013293762235353
0 0.4468623072769823 0.35374498185901465 0.05937930810555194 0.06915179328391083
0 0.3129347251834972 0.5360540287711226 0.05876287799792799 0.08940972958158007
0 0.3397305115774273 0.4897321002780017 0.07809507485477489 0.10256449400955017
0 0.34461491066780453 0.4433928136175128 0.0698073858558109 0.05859623920022692
0 0.3760083058292403 0.4117782258685649 0.05352741439185813 0.043988102176918176
0 0.3672605062007438 0.5599801128918734 0.05523546360606986 0.04716766587924912
0 0.39899850371954443 0.51896324329176 0.0465882096771284 0.06246528366526398
0 0.4229582344891221 0.44535212850097006 0.09746150496239867 0.08296132213985138
0 0.4519266046291673 0.5632836729660072 0.10502144789030403 0.11130457694917481