5 0.49829072321451384 0.5561003742738744 0.9965814464290277 0.8184507485477488
0 0.55179105081809 0.4190948339510028 0.05312630642076392 0.0695890620344933
0 0.6283697749825343 0.5227699516098486 0.046548998100139016 0.05523546360606986
0 0.3711047484813886 0.38643422952672335 0.02747168977951393 0.040299668320799495
0 0.5280606504574996 0.5313936267550737 0.07372974715020834 0.08303513192686936
0 0.3092392216959024 0.4570699071531479 0.10665134992375007 0.0892508986760923
0 0.2878356939604857 0.5029988372607717 0.055814895326597204 0.050984611248705035
0 0.24414089855763849 0.4649872609582547 0.0516001740119445 0.07107878742738745
0 0.25225991024114536 0.5865904332079956 0.062137630508958354 0.05440070967712849
0 0.19750032826916622 0.5535381846557378 0.025872822188333356 0.03866439371369381
0 0.16699325104683976 0.6545719917278324 0.040153527735416715 0.0486943651776464
0 0.30471145659392307 0.6516011571531479 0.03372168977951393 0.04059076674922295
0 0.1398670533835411 0.6775535734070328 0.03521145459715282 0.03753854135632899
0 0.39869523309506877 0.7803319327937109 0.051345600873680654 0.060141287427387446
0 0.3758207775479855 0.7886517009906762 0.03037848423243057 0.031070217535011223
0 0.41259538535552026 0.7207578796505578 0.02732621941479163 0.034049668320799496
0 0.6092716700247911 0.6712609555387901 0.057341027735416716 0.0494948858558109
0 0.7253317746981939 0.7251565510717294 0.07187630642076392 0.07046235731976366
0 0.706199261780416 0.774319643090012 0.06860583605604162 0.06406680810555195
0 0.6449169228745827 0.7526950461093306 0.046476262917777865 0.05211046360606986
0 0.5774917271111452 0.8269822626108846 0.043205792553055566 0.04571491439185813
0 0.4228101060045829 0.5171063407754284 0.10200021751493064 0.09059507485477489
0 0.36466964447357597 0.5621063176160647 0.06853310087368066 0.06094180810555194
0 0.5315817746981939 0.716132499790603 0.08880923328249998 0.06032537799792799
0 0.4885227589306245 0.6844073107916391 0.1017820119678472 0.08122007485477489
0 0.4426472144777078 0.6728854598820162 0.057813806420763926 0.0698073858558109
0 0.4153041176880897 0.6379817669541108 0.044986498100139015 0.055162688998963996
0 0.5601256552071522 0.6658435554149555 0.04811149810013902 0.05530823821317572
0 0.5218814260087148 0.6288679402373092 0.06355466014423605 0.048223484284234175
0 0.4522599102411453 0.5959055829175455 0.08350479065319441 0.10065927956950453
0 0.572227571335312 0.5827228403611435 0.11173889342673622 0.10665672249741007