5 0.5078125 0.47421875 0.921875 0.55234375
0 0.48828125 0.6140625 0.03828125 0.05625
0 0.3953125 0.53671875 0.03359375 0.04375
0 0.6609375 0.6 0.01953125 0.034375
0 0.4859375 0.5046875 0.05625 0.065625
0 0.70234375 0.5203125 0.08828125 0.06171875
0 0.7125 0.47265625 0.04453125 0.03671875
0 0.7609375 0.496875 0.0359375 0.059375
0 0.72734375 0.3875 0.0515625 0.03984375
0 0.78359375 0.4046875 0.01875 0.0328125
0 0.78984375 0.3046875 0.02890625 0.03828125
0 0.66484375 0.33984375 0.025 0.0328125
0 0.81015625 0.2765625 0.02578125 0.02890625
0 0.55 0.24453125 0.03828125 0.046875
0 0.56875 0.23046875 0.025 0.025
0 0.55078125 0.30234375 0.021875 0.02578125
0 0.38125 0.3953125 0.0484375 0.0359375
0 0.2625 0.3734375 0.05546875 0.053125
0 0.26875 0.3234375 0.0546875 0.04765625
0 0.3296875 0.32890625 0.0359375 0.0421875
0 0.37578125 0.24453125 0.03359375 0.0359375
0 0.58515625 0.4921875 0.08203125 0.065625
0 0.6296875 0.4375 0.05546875 0.04375
0 0.4421875 0.334375 0.07578125 0.03828125
0 0.4890625 0.3546875 0.084375 0.05625
0 0.5328125 0.353125 0.04296875 0.05625
0 0.56640625 0.37890625 0.03203125 0.04375
0 0.42734375 0.38828125 0.03515625 0.04375
0 0.46953125 0.41328125 0.05234375 0.03125
0 0.54140625 0.4265625 0.06171875 0.0796875
0 0.434375 0.46796875 0.08984375 0.0796875