5 0.5 0.48828125 1 0.9015625
0 0.63671875 0.27578125 0.04609375 0.0890625
0 0.34140625 0.26171875 0.16796875 0.128125
0 0.2953125 0.5984375 0.1234375 0.06015625
0 0.80703125 0.54375 0.23203125 0.09609375
6 0.44375 0.7703125 0.1390625 0.22421875
6 0.225 0.73046875 0.34140625 0.159375
6 0.1421875 0.44765625 0.284375 0.1515625
6 0.140625 0.30234375 0.12734375 0.12890625
6 0.33671875 0.48984375 0.0859375 0.1015625
6 0.6578125 0.7328125 0.26328125 0.14921875
6 0.8734375 0.69921875 0.2 0.18203125
6 0.44140625 0.18984375 0.19765625 0.18671875
6 0.49609375 0.42578125 0.1578125 0.175
6 0.7609375 0.4375 0.24453125 0.1296875
6 0.79609375 0.2359375 0.3171875 0.2484375
6 0.1765625 0.20859375 0.19609375 0.05625
6 0.7078125 0.08515625 0.0625 0.05703125