3 0.53671875 0.66015625 0.0671875 0.09921875
3 0.4546875 0.81015625 0.0546875 0.1546875
3 0.3515625 0.696875 0.0921875 0.0921875
3 0.1625 0.6578125 0.12421875 0.12421875
3 0.2515625 0.4734375 0.1421875 0.05703125
3 0.33046875 0.22265625 0.0734375 0.0859375
3 0.5 0.2046875 0.05078125 0.0640625
3 0.6015625 0.33046875 0.08984375 0.04765625
3 0.71796875 0.34609375 0.1 0.084375
3 0.775 0.659375 0.06875 0.13203125
3 0.61171875 0.43671875 0.090625 0.06328125
3 0.58359375 0.5875 0.11796875 0.146875
3 0.434375 0.38515625 0.05 0.08984375
2 0.53828125 0.81171875 0.0890625 0.09140625
2 0.75 0.7546875 0.0734375 0.08828125
2 0.78125 0.4703125 0.0765625 0.06015625
2 0.65390625 0.20390625 0.0796875 0.05390625
2 0.49609375 0.36015625 0.06640625 0.08046875
2 0.4375 0.21953125 0.0515625 0.06328125
2 0.36171875 0.35234375 0.05390625 0.0796875
2 0.51015625 0.51171875 0.06484375 0.07421875
2 0.32890625 0.52265625 0.090625 0.059375
2 0.22578125 0.5859375 0.0625 0.06953125
2 0.3078125 0.66875 0.06875 0.08203125
2 0.47578125 0.66328125 0.05546875 0.096875
2 0.64609375 0.58984375 0.059375 0.075
1 0.25234375 0.72265625 0.07734375 0.06875
1 0.278125 0.5796875 0.08203125 0.053125
1 0.21640625 0.40078125 0.0859375 0.065625
1 0.3 0.36171875 0.05859375 0.07421875
1 0.3203125 0.390625 0.06953125 0.05859375
1 0.49140625 0.284375 0.05390625 0.04765625
1 0.5609375 0.28515625 0.065625 0.05546875
1 0.64765625 0.271875 0.06484375 0.08515625
1 0.78515625 0.378125 0.05390625 0.0671875
1 0.72265625 0.47109375 0.0703125 0.07109375
1 0.63984375 0.371875 0.0609375 0.08359375
1 0.41640625 0.52890625 0.06484375 0.05625
1 0.41875 0.59375 0.0875 0.04765625
1 0.5734375 0.7390625 0.0671875 0.10234375
1 0.70078125 0.58984375 0.06796875 0.08828125
5 0.47890625 0.528125 0.9390625 0.8890625