5 0.5000681776930971 0.49275266490547764 0.9998636446138057 0.9386303298109553
0 0.6414209273003136 0.2748162520431035 0.048973831185697494 0.0924693011314682
0 0.3413754755049156 0.26525840309981685 0.17265677088084716 0.13537493949875792
0 0.3019645593228917 0.6079862585842071 0.12693520472226433 0.06479881908544911
0 0.8211140142415477 0.5453838029781799 0.23809087334017534 0.10294423458010193
6 0.45608495364210977 0.7799708637740095 0.14665787314378348 0.23209540339440443
6 0.2332150802037388 0.741956737605164 0.3509817587805987 0.17078624043383428
6 0.14560949931262895 0.454738017855785 0.28687380698520065 0.16260103571156997
6 0.13850500555914488 0.30782665641946655 0.13046018052176747 0.13356699980360834
6 0.34116289382823883 0.49728056274073723 0.08967155405833438 0.10520565046753827
6 0.6738128091265 0.7398327188656162 0.27123062626704153 0.15938513212077385
6 0.8915588453290493 0.7028195739572228 0.20734084308955403 0.18869992739850955
6 0.4409345930895541 0.1900589360809124 0.20425220452587264 0.19493174668035032
6 0.5017004180287357 0.4294668697259379 0.16355448165323558 0.18219539734428025
6 0.7720538246445939 0.43807075184671174 0.2507908612399268 0.13739195745273883
6 0.8028896924256241 0.23278835420784388 0.3280714996072163 0.2612748850476401
6 0.1723209484757484 0.21193289431921816 0.20190793364502543 0.06054765632127061
6 0.7090346324153615 0.07990372784260664 0.06597043364502539 0.059756795081343926