5 0.6296875 0.42578125 0.73984375 0.609375
0 0.60234375 0.39765625 0.07265625 0.05625
0 0.5 0.4078125 0.1015625 0.06171875
0 0.36015625 0.41875 0.08359375 0.05234375
0 0.371875 0.325 0.05625 0.028125
0 0.43515625 0.2859375 0.0859375 0.0765625
0 0.5765625 0.29609375 0.12109375 0.06171875
0 0.715625 0.58203125 0.05625 0.078125
0 0.69140625 0.58203125 0.11328125 0.078125
0 0.578125 0.48515625 0.109375 0.0875
0 0.46796875 0.52109375 0.07265625 0.05859375
0 0.89375 0.55859375 0.12734375 0.078125
0 0.86640625 0.5515625 0.18125 0.09140625
0 0.69765625 0.43203125 0.09375 0.04765625
0 0.63203125 0.38203125 0.12734375 0.08359375
0 0.73359375 0.4125 0.08359375 0.05859375
0 0.8546875 0.271875 0.06015625 0.06328125
0 0.8578125 0.35546875 0.06640625 0.05078125
0 0.8796875 0.365625 0.0453125 0.0359375
0 0.68046875 0.246875 0.0828125 0.059375
0 0.78203125 0.2171875 0.00859375 0.0046875
6 0.3578125 0.36875 0.0859375 0.06953125
6 0.45625 0.35 0.0765625 0.0515625
6 0.49375 0.30078125 0.05859375 0.046875
6 0.63203125 0.33671875 0.08359375 0.04375
6 0.75703125 0.4796875 0.0765625 0.06484375
6 0.60625 0.57421875 0.1109375 0.0625
6 0.74140625 0.1984375 0.05625 0.065625