5 0.4995908230403959 0.5072473350945224 0.9991816460807919 0.9698803298109553
0 0.34898983399396255 0.7306580848981306 0.054244882290738164 0.09248748184962743
0 0.6474727981005852 0.7273593263139236 0.1790463054894186 0.14008062021691714
0 0.6863356874509524 0.3850036546709507 0.13007995658477522 0.06793290944452864
0 0.17066757185326162 0.4700210876286051 0.2422449874635877 0.11076582493918145
6 0.5325611327529567 0.2203013261175319 0.15838211599340218 0.2352567648307229
6 0.754376296780437 0.24791219994868635 0.35835337226160835 0.18174192115199359
6 0.8407467396416658 0.5278309832243695 0.29241012351524953 0.17042262607064967
6 0.8497316315658224 0.6754099651721928 0.13837584138279588 0.1382817708808471
6 0.6471475038274307 0.49693148292978184 0.09532452335696498 0.10834883118569749
6 0.3163079954476535 0.26998875049097937 0.2797737311953815 0.1656624031980128
6 0.10421665548310097 0.31733697004396655 0.20843331096620193 0.196548788834828
6 0.5483245927694511 0.8060479285768599 0.21519440564770315 0.20121810811666876
6 0.48797944081616473 0.5712825640172834 0.17411476458147632 0.1853567587805987
6 0.21916124465623069 0.5751898557789777 0.25730769780928664 0.14522263817089823
6 0.18820544668865943 0.7800228015242516 0.34219482633910114 0.27069533684303815
6 0.8149043390085275 0.7716900675333249 0.20356292069139775 0.06992265632127062
6 0.28076135655950474 0.9278966992613153 0.06739810015828454 0.06131929508134384