3 0.6784432694703824 0.5146685072342011 0.1176979526972918 0.09444782092583352
3 0.8138924198309727 0.6341355988381989 0.16922408510611114 0.09528688296032684
3 0.6798278507767714 0.7082729580199894 0.1135195989738195 0.11610449710451594
3 0.6043408075581257 0.8850302030575907 0.1550901563445141 0.1586216368892682
3 0.43573366508132005 0.7491910947043697 0.09269925911805572 0.16039815260503404
3 0.1967049198309727 0.6053896290313853 0.10370818787965286 0.09691784946188076
3 0.2113999334143406 0.43204417431665565 0.07649107123840278 0.06755568114108108
3 0.3573105390376739 0.3639213746881591 0.06951502583555565 0.10312930810555195
3 0.3960801386770835 0.25256865177646437 0.10901393692972236 0.12369867328319835
3 0.7228608442241669 0.2771535446615886 0.1491297906531944 0.10371581306795061
3 0.46699466356270863 0.38229684718556917 0.08681162860909737 0.10861732878371626
3 0.6137073158231601 0.4492211356464139 0.17536628875333343 0.15800520678164426
3 0.3818234958190282 0.5453361945805353 0.10160017401194459 0.07340757485477489
2 0.8314961874984033 0.5522327814270221 0.11344686379145834 0.11297949710451576
2 0.8137592543684031 0.3266505845701754 0.10683318787965276 0.09706339867609248
2 0.5327073164887501 0.22147281720177983 0.0801979526972918 0.0927012303552928
2 0.2398489756830558 0.27962980376232566 0.07242182028847229 0.09389985731976358
2 0.367741505602674 0.4767852477236884 0.09571384992375007 0.08874147642635144
2 0.21450805603951428 0.4985231989237615 0.07652743882958343 0.06911818114108108
2 0.33333275085302133 0.6078511571531479 0.09229790919430556 0.07609592721213972
2 0.5228654166968407 0.5027399338271683 0.09091724715020835 0.08383565260503403
2 0.49901360866055616 0.6850237408992628 0.08212412860909737 0.10839900496239885
2 0.5439468617946882 0.8049574052911211 0.08619337955902787 0.08205482878371625
2 0.643218856760695 0.7448076174494489 0.09887521751493047 0.09044952564056316
2 0.6697235393220143 0.5759142222880131 0.11115701196784719 0.08165672249741007
2 0.6278776121759378 0.3874488817174725 0.0908445119678472 0.08071065260503385
1 0.686970163181459 0.8139600318413069 0.08804682028847229 0.09462760339082195
1 0.5481609298989589 0.7513058664159915 0.07249455547083343 0.09702485731976367
1 0.355719509971077 0.7649744524384181 0.08670252583555564 0.10392982878371626
1 0.3316988220914242 0.6717681079389362 0.08764677678548623 0.0774401033908223
1 0.3649652637707992 0.6592702619917121 0.0753649823325695 0.08623290653397539
1 0.2909062486688198 0.4615005419755014 0.06246493882958335 0.06846320967712849
1 0.304131640861285 0.39266065074300704 0.07060474715020844 0.08288958271265771
1 0.308290504368403 0.30310799917143044 0.1019274823325695 0.0874700748547749
1 0.43997430262104176 0.1937416153825342 0.08128767401194459 0.07246150496239875
1 0.5223887187492016 0.28108325764848585 0.08950021751493065 0.09001287799792798
1 0.4074008048052433 0.33659904941909946 0.09872974715020835 0.08419952564056317
1 0.5227946411456255 0.6002870219165095 0.07209451196784719 0.07983735731976367
1 0.5886742142838893 0.6142810554149556 0.06947865824437507 0.10156680810555194
1 0.7647074245806254 0.4991762479285763 0.1192604526972918 0.0945205955329392
1 0.638305312689028 0.33252594127076635 0.10512521751493047 0.09074062406898661
5 0.5 0.5 1 1