3 0.5852590643358929 0.646177646755105 0.09199714947960161 0.11612496974937905
3 0.5255575949777305 0.8184339209556019 0.08885886137453233 0.1754636083130606
3 0.39404424411864786 0.7083271470496927 0.11675148801421234 0.11158291549465282
3 0.18380942898978544 0.690702788933024 0.15786116689245616 0.15087267447164338
3 0.24462966304726894 0.48018344545068625 0.16363313206674715 0.08217721662612103
3 0.2814934187014785 0.2000146773003137 0.09602955223856355 0.1036522408266178
3 0.45975121551297515 0.15887711377400954 0.06643058344622813 0.0753636143631847
3 0.5927009136130958 0.28148843285945857 0.10640048620519008 0.06309996369925477
3 0.7201674943457904 0.2845730471244474 0.12571705223856355 0.1038249576491305
3 0.8405706840781682 0.6148605108237022 0.10013055404758582 0.1520988311856975
3 0.6228564823600029 0.3949105834251926 0.11042624491161739 0.08030564441741399
3 0.6214621579588864 0.5620389960911751 0.1559644742194024 0.17429199375348398
3 0.4235624892574078 0.362510653001621 0.06946705223856356 0.10349770472226431
2 0.615650328469387 0.8088049117822198 0.11362648801421234 0.11156473477649342
2 0.8320355670494264 0.7202474475919856 0.09775582654882306 0.1067863311856975
2 0.8118747167561707 0.4100684716942865 0.0945555834462283 0.07552724082661796
2 0.6242707389187235 0.138746941836449 0.09743492198083885 0.07085792154477706
2 0.48496033468942346 0.3269413125443455 0.08624511646291495 0.09578519867214012
2 0.3953954664174863 0.1827140686926656 0.06799308344622812 0.07537270472226432
2 0.339357907620202 0.3354663639704013 0.07522572930778511 0.09415906615858276
2 0.5285919052453527 0.4888645956236369 0.08435506784239592 0.0895261083130606
2 0.33672530981333715 0.5236748910977643 0.11026247060135788 0.07718064441741408
2 0.23789938545764908 0.6051061773985096 0.0824650192218769 0.0832670179539809
2 0.34199374321413667 0.683812960379605 0.09101450361804461 0.09737496974937905
2 0.5210294679993661 0.6575191468533009 0.07777087516934209 0.11291815651766246
2 0.6898436657608024 0.5554077218906783 0.07966756784239593 0.08949883723582168
1 0.29234894730715116 0.749910138170898 0.09660940637700666 0.08491133118569749
1 0.2926720946390462 0.5921476351458359 0.0989155348257091 0.06930451190385671
1 0.19312471675617063 0.4064686894987579 0.10590251922187681 0.08340337334017515
1 0.27623710990419414 0.3530624092481369 0.07810506784239583 0.08948974687674208
1 0.30279296585165943 0.38289535499341076 0.08666119629109836 0.07391928903121973
1 0.46589939620024123 0.24638620413308915 0.06873671189493055 0.059756795081343926
1 0.5404490168470277 0.2382287913689108 0.08164614767057934 0.0676420179539809
1 0.6305450723649516 0.21376057737506843 0.08649077792830404 0.10047269867214012
1 0.7980401888278665 0.3100184747193487 0.07136374491161739 0.08007838544042353
1 0.7490847896869491 0.4190753121515621 0.09052318068726617 0.08799996974937888
1 0.6417049796464693 0.3223861436318471 0.08172139077317446 0.09888292759490129
1 0.4317921483479479 0.5195419030016211 0.08180992198083885 0.07076701795398091
1 0.446332683173657 0.5883555355151783 0.10491987336031983 0.06465337334017515
1 0.6394353092475102 0.7261560382456528 0.09216092378986111 0.11924996974937904
1 0.7472876735627185 0.5487128151766242 0.08986143939369332 0.10517837939029935
5 0.5 0.5 1 1