5 0.38984375 0.40465442138763386 0.7796875 0.8088361281030861
0 0.35968744701262434 0.39809533871736125 0.07487600362819702 0.08677384134309048
0 0.38571917895645697 0.5031282840547248 0.08685021397248338 0.11658861067790856
0 0.41744535019318374 0.6465242953930428 0.07364088584218216 0.09613066000954511
0 0.31728165908619116 0.6500481900461341 0.04129961179556503 0.06451703333863605
0 0.2677652979235982 0.5908544560391346 0.09891370435383653 0.10423406134627218
0 0.2581050996450295 0.4422442333704528 0.09230160580511537 0.138518154678545
0 0.5360738761387174 0.2485236947405875 0.0931349303072194 0.07292951734563582
0 0.5390798250502582 0.2743503980744511 0.10458335099579194 0.13241360534690844
0 0.4554538147986392 0.40858849073040615 0.117028787293461 0.13099655601527208
0 0.5095014193378102 0.5170737000715876 0.0780010036281972 0.08681020401018139
0 0.4851264789486078 0.07364132606617876 0.10787204210278442 0.13713746801399934
0 0.4809647686043215 0.10329246339908789 0.13494546279135697 0.1968033693507265
0 0.3820932150687917 0.2936260147199067 0.0709523954608291 0.10859429734245411
0 0.33879459365457976 0.3697158000477251 0.11450398801910051 0.14814769334818106
0 0.3559498665200705 0.2589328413828613 0.0799454495445131 0.09776588534372674
0 0.19144591161807983 0.15775959802672604 0.07918155771188107 0.07589088534372683
0 0.2780381760460501 0.14000957137172548 0.06679068511654282 0.07887043467536321
0 0.28518847713450923 0.11430104670590728 0.04716766587924912 0.05365225867281791
0 0.19044886289187343 0.34297948269413514 0.07994544954451306 0.09776588534372674
0 0.14550343984104822 0.24241586135422635 0.008194445916315995 0.011028406667727175
6 0.36544634057453684 0.6584243113860431 0.09104664065150558 0.102580654678545
6 0.3314111356725462 0.5587692093809524 0.07029763103285873 0.08984429734245403
6 0.2746899097191633 0.526846500039771 0.06183036660488854 0.07100339067472702
6 0.29161949329176 0.3777641100413617 0.0642113221398514 0.09445907200827239
6 0.42282983167368016 0.22375895739177004 0.08446925843752044 0.0931329293443631
6 0.5437549121662341 0.36428505474217837 0.08879465988879928 0.12754429201145392
6 0.1322023424734534 0.2875920013526355 0.08058036660488854 0.07122156667727228