5 0.5390729278840409 0.6107058545910489 0.7113399122451136 0.7736429680935413
0 0.5695871419906636 0.6087888185869128 0.06638116943775678 0.0804329346753633
0 0.5726332371343833 0.5041013185869128 0.0766199874635877 0.11022952267663584
0 0.580653988783736 0.3626496152530491 0.06352895407749273 0.08977157200827231
0 0.6737674912910183 0.3834337352403224 0.03610263605166182 0.05977498933799978
0 0.7038210526529317 0.4510297679026408 0.0902733105039836 0.096330654678545
0 0.6747520151102018 0.5911644192393679 0.07872805674305994 0.12899770401018137
0 0.3691803135399914 0.7056200072804115 0.08467652837152988 0.06502611067790856
0 0.3722514892459543 0.6805927352800933 0.09265416442319178 0.12447383601209036
0 0.4846271202830513 0.5761950419319122 0.10350073620994635 0.12147610534690845
0 0.4629687321198183 0.4616421932686393 0.06950616943775678 0.08046929734245403
0 0.36859397717176046 0.8868154632797751 0.09458037727617326 0.13699201734563574
0 0.3795458490376573 0.8593535346117299 0.11813754922121245 0.1950590560152719
0 0.5223962417532368 0.7007132365929579 0.060676738717228854 0.09911020934118149
0 0.5812005919115213 0.6391121179185493 0.10083037727617317 0.13706474267981755
0 0.5376658890876698 0.7395848325907307 0.06982441818411544 0.09140679734245402
0 0.6610542618114965 0.8740405539067769 0.07226745658477522 0.06800566000954475
0 0.5768611182379872 0.868772345918231 0.059903848904643196 0.07254770934118149
0 0.5637246207452697 0.8907927965865945 0.04359688730530316 0.04892839600572714
0 0.7106092955933028 0.7008661359007318 0.06982441818411544 0.09140679734245402
0 0.7262904683962719 0.8061167098981865 0.006522784639735946 0.009447725334181811
6 0.6313670426238019 0.36440247191282216 0.08241534639736088 0.09467724801081764
6 0.6370056256933276 0.4658649745783222 0.06334709765100222 0.0835215720082724
6 0.6810678627612039 0.5083064659055043 0.05498902837152997 0.06468066534054522
6 0.627135217538342 0.6440445185789586 0.054153954077492725 0.08966248400699968
6 0.46689874802144293 0.7560279926002759 0.07589256175762475 0.08522952267663583
6 0.3918940510035791 0.5960177406110935 0.07689277210332372 0.11960452267663584
6 0.7500833210618388 0.7667905805617775 0.07369356426490725 0.06333634134309048