4 0.66875 0.87265625 0.08984375 0.09765625
4 0.58515625 0.828125 0.07578125 0.08515625
4 0.46875 0.86796875 0.0890625 0.10546875
4 0.315625 0.9 0.103125 0.0796875
4 0.09375 0.76875 0.078125 0.0953125
4 0.24375 0.70625 0.0921875 0.05703125
4 0.24765625 0.63515625 0.084375 0.08984375
4 0.3203125 0.6703125 0.08359375 0.07578125
4 0.4265625 0.64140625 0.09140625 0.0734375
4 0.5234375 0.66328125 0.1015625 0.07578125
4 0.1171875 0.68203125 0.05546875 0.04921875
4 0.06640625 0.675 0.046875 0.06796875
4 0.678125 0.5875 0.0609375 0.08984375
4 0.49296875 0.59453125 0.06015625 0.084375
4 0.709375 0.50078125 0.09140625 0.0671875
4 0.72265625 0.54609375 0.07578125 0.0390625
4 0.80859375 0.50703125 0.0796875 0.065625
4 0.94375 0.54375 0.0734375 0.078125
4 0.0671875 0.4109375 0.0796875 0.0578125
4 0.25078125 0.4125 0.05859375 0.0546875
4 0.2828125 0.4125 0.03984375 0.0546875
4 0.15234375 0.31171875 0.078125 0.05625
4 0.021875 0.30390625 0.04296875 0.06875
4 0.04140625 0.29453125 0.02734375 0.0359375
4 0.09921875 0.2140625 0.06015625 0.03671875
4 0.2953125 0.1203125 0.05703125 0.0359375
4 0.2765625 0.08671875 0.059375 0.03359375
4 0.35546875 0.06796875 0.05625 0.0453125
4 0.34765625 0.14453125 0.059375 0.04453125
4 0.2984375 0.16171875 0.06875 0.0453125
4 0.33125 0.25078125 0.05078125 0.0359375
4 0.3640625 0.34140625 0.0890625 0.06328125
4 0.30078125 0.33046875 0.053125 0.03828125
4 0.41171875 0.265625 0.06796875 0.0515625
4 0.3546875 0.28515625 0.0640625 0.03203125
4 0.38515625 0.309375 0.0703125 0.04140625
4 0.33515625 0.26796875 0.07734375 0.015625
4 0.48984375 0.37734375 0.075 0.05234375
4 0.578125 0.309375 0.06875 0.04921875
4 0.55390625 0.25703125 0.06484375 0.0421875
4 0.5203125 0.209375 0.06953125 0.05
4 0.61796875 0.20078125 0.06171875 0.04296875
4 0.6671875 0.18046875 0.06640625 0.05234375
4 0.6578125 0.2609375 0.06328125 0.03515625
4 0.665625 0.2765625 0.0578125 0.02734375
4 0.72734375 0.31015625 0.0765625 0.065625
4 0.79140625 0.3765625 0.0546875 0.0578125
5 0.5 0.51640625 1 0.9671875