5 0.5 0.5 1 1
1 0.48158544041380547 0.9352912689986106 0.1429864393936935 0.10788784802388918
1 0.2226608197670191 0.9327345391345832 0.12472776232447184 0.11682643692972228
1 0.06544918532542285 0.8653866510261803 0.09512879353213635 0.0880468202884721
1 0.18663586782171127 0.7267943168699997 0.1597578595655099 0.13012652393569457
1 0.5917195154922906 0.6502603459365968 0.1560530054270668 0.14876742116215294
1 0.4876461691557637 0.640978224545694 0.08977955223856356 0.10508884992375016
1 0.9395284944613914 0.7732549027386103 0.042003793532136416 0.08681032218833344
1 0.9379836838550848 0.6687310568989228 0.057376488014212156 0.11213763050895835
1 0.7654623891912946 0.3575065354317702 0.1388721494796016 0.11871624525034737
1 0.836971055517924 0.015999021182812177 0.1323078889641522 0.031998042365624355
1 0.09862785052039837 0.11318837139090268 0.15219766508343385 0.10498105357097236
3 0.30392618215760414 0.08187990074184001 0.14618668249628844 0.13917421561506957
3 0.7188729149718922 0.5318168576201036 0.16165455223856356 0.10676175911805572
3 0.7610438048405554 0.45670710163617995 0.10894563206674715 0.08368662860909737
3 0.8521756586403141 0.6980386568226729 0.12242163387576958 0.1323787017473613
3 0.9264419962704137 0.7251810786504158 0.07325379353213642 0.0875376740119446
3 0.6711359413183167 0.9066902242613535 0.09628185775648763 0.08027068787965277
3 0.720242821687583 0.22278734973631886 0.10828389077317446 0.10083776101791671
4 0.32374520070211243 0.4481582109623261 0.13763719810012062 0.1249298776591667
1 0.46580322591688306 0.41754137775607597 0.10178822930778501 0.09600479065319459