5 0.5 0.5 1 1
0 0.49159017412311723 0.6110292689947342 0.2488252595669115 0.2408175090451115
0 0.6879951273426803 0.3685938647654342 0.18230769780928674 0.15308513568479168
0 0.6649678381505977 0.6490659367917015 0.2780413981258558 0.2797914778374471
0 0.20708714199066364 0.6274167503386843 0.16075094655564542 0.16287621551297526
0 0.4506659942605193 0.753636170849185 0.11779055674305994 0.13410276232447185
0 0.3336486081423503 0.3382867305509806 0.16976223370266402 0.15086753844375372
4 0.5312714173926928 0.24223168136463463 0.2486146594086268 0.17996189620024125
4 0.6149440722489731 0.3514639184743359 0.1919554824490227 0.1629514586155702
4 0.7126648552393565 0.4888178335577697 0.16731919530200426 0.1741412641334943
4 0.5737852455141604 0.7710427561044355 0.21304087226160834 0.19057849163225704
4 0.40144151339434214 0.29411068464399504 0.22907504922121244 0.20545986318355453
4 0.2822619528903586 0.38332259158682847 0.22746708511458974 0.20381547602842467
4 0.332820579375109 0.5549795855939347 0.18861518527287444 0.2626239099950512
4 0.3027513314866801 0.7278881411118586 0.23999582884638357 0.25907618611433314
4 0.5976703410535915 0.5148713212332978 0.09717652837152997 0.06905761646291494