4 0.616455190302261 0.9293431292362729 0.11564885771838504 0.12079199710451576
4 0.5405028439525826 0.8642039727022979 0.09951452174882984 0.10756425103345749
4 0.41754284642404055 0.8701735287409351 0.11752969269935694 0.1286772717116218
4 0.2596030124316518 0.8596982934232436 0.12295202174882984 0.1086558701400449
4 0.07021822437119955 0.6707513016954111 0.0905215237259962 0.11650260339082212
4 0.22463646893399208 0.652211125102444 0.10787084980971962 0.08300089867609231
4 0.24208395410524447 0.5828446949948201 0.10908052273741298 0.11268839867609248
4 0.30746621497965937 0.6373545665826073 0.10382001977166358 0.09840757485477489
4 0.41899396399107625 0.6378704509906761 0.11007001977166339 0.09869867328319834
4 0.5106522233826164 0.6865862408992628 0.1211985207602467 0.10389559553293921
4 0.10297237456147998 0.5943001176588458 0.06810801285158127 0.0639940334984459
4 0.05373903710905009 0.5725128548385643 0.06412084980971958 0.08096320967712849
4 0.6785599649796594 0.6546385357702483 0.08545202174882985 0.10690927956950454
4 0.4927524575652855 0.6108948821317572 0.08200868676785796 0.09895123035529281
4 0.7253766151699399 0.5788423231976358 0.1081891847906915 0.09081339867609231
4 0.7304434585538688 0.6266441224118475 0.08504084486680377 0.0585445541766104
4 0.8234294545995361 0.6122605988381989 0.09712435079830258 0.08717897642635145
4 0.9511671354358949 0.6852700674066676 0.09444501977166339 0.09797092721213971
4 0.10488906574078109 0.3160124518192456 0.09524351581733077 0.07929370181924558
4 0.28635924163422405 0.3681315316364192 0.0730501808363588 0.07046235731976358
4 0.31867699311709885 0.3766546610820892 0.054172846843970036 0.06646406203449332
4 0.20795571593106152 0.24283612510244393 0.09199118182494201 0.07602315260503385
4 0.08299020802239612 0.19958693114108117 0.05311968281352517 0.07889128742738745
4 0.10076795703381296 0.1957363391227985 0.037592841901054184 0.042298815963434766
4 0.17228085969555132 0.13278688296032676 0.06922484387822055 0.05312930810555185
4 0.3851827663116224 0.09513714143738214 0.06603617688202616 0.05142125889134015
4 0.3727490919010542 0.057908969187641136 0.06753500988583169 0.049931533498446014
4 0.4547166749048598 0.060167136060698644 0.06798067885919253 0.06086903349844601
4 0.4327408572240934 0.13322149234700492 0.06947951186299814 0.05937930810555185
4 0.3814330252088709 0.13706993031251163 0.08060801285158128 0.06457623035529289
4 0.3969717949805344 0.2313657398658056 0.061348676882026165 0.051202935070022625
4 0.41188848224268393 0.32953141211554654 0.10649935079830275 0.08761562406898663
4 0.35224422680547646 0.30102111434907697 0.06291117688202616 0.05127570967712849
4 0.47412188539871386 0.2684890583104397 0.08242518083635879 0.07089900496239876
4 0.41422030338349136 0.27193723593686414 0.0721588428896375 0.04858735731976358
4 0.4397123933073792 0.3043152423470049 0.08197951186299815 0.05996150496239867
4 0.3977039654367699 0.2493344898658056 0.0810245069200823 0.03652400496239867
4 0.5308732455885568 0.3982343703449329 0.08717634783255317 0.07267982878371626
4 0.6305575692008223 0.35687096980681365 0.08073534684397003 0.0677012303552929
4 0.6172643903416297 0.2985490475570727 0.07579317885919253 0.061232906533975305
4 0.5924116289729232 0.2435875657540377 0.08229784684397004 0.06777400496239867
4 0.6913902984405755 0.26145361600170675 0.07260451186299814 0.05952485731976367
4 0.7441651299615064 0.2553342026433059 0.0808626808363588 0.0708262303552929
4 0.7191598127750316 0.33058675971540047 0.07234984387822045 0.05327485731976358
4 0.723798233231267 0.3487374462331651 0.06571784190105419 0.043608758891340124
4 0.7788332431170988 0.3980867828747643 0.09393568380210837 0.08547092721213971
4 0.8312990099230128 0.4800666829985987 0.07161501482874755 0.07351458271265762
5 0.5 0.5 1 1