5 0.4984375 0.50234375 0.99609375 0.984375
0 0.59296875 0.496875 0.18359375 0.203125
0 0.38671875 0.278125 0.11171875 0.153125
0 0.6484375 0.3390625 0.2171875 0.221875
0 0.57578125 0.7671875 0.1265625 0.12890625
0 0.72265625 0.5546875 0.10859375 0.090625
0 0.31796875 0.60859375 0.1125 0.1390625
4 0.25 0.40859375 0.12421875 0.2140625
4 0.3625 0.34453125 0.11796875 0.1609375
4 0.503125 0.271875 0.1375 0.13203125
4 0.75390625 0.44140625 0.14375 0.175
4 0.28359375 0.5390625 0.1546875 0.1890625
4 0.35390625 0.66328125 0.153125 0.1875
4 0.521875 0.6390625 0.2203125 0.1359375
4 0.68125 0.69140625 0.2046875 0.1890625
4 0.5140625 0.38359375 0.0484375 0.08359375