5 0.37578125 0.46953125 0.7515625 0.8859375
6 0.10546875 0.52421875 0.1375 0.10234375
6 0.4859375 0.34375 0.10703125 0.0890625
6 0.34921875 0.10625 0.12734375 0.0984375
6 0.0625 0.396875 0.12265625 0.11015625
6 0.015625 0.5 0.03125 0.096875
6 0.22265625 0.240625 0.09375 0.0859375
0 0.6171875 0.5765625 0.04609375 0.11015625
0 0.54765625 0.2703125 0.08203125 0.11328125
0 0.38125 0.62578125 0.12265625 0.15234375
0 0.028125 0.66953125 0.05390625 0.075
0 0.18359375 0.59140625 0.04609375 0.06796875
0 0.2796875 0.66796875 0.23125 0.11953125
0 0.040625 0.44296875 0.08125 0.0953125
0 0.04921875 0.5484375 0.0984375 0.0875
0 0.12578125 0.56484375 0.0265625 0.02578125
0 0.12109375 0.371875 0.12578125 0.078125
0 0.0328125 0.2546875 0.065625 0.0828125
0 0.04921875 0.1828125 0.0953125 0.0875
0 0.01953125 0.11953125 0.0390625 0.0296875
0 0.11796875 0.1421875 0.0453125 0.0359375
0 0.12265625 0.2125 0.08359375 0.084375
0 0.19609375 0.184375 0.06640625 0.0546875
0 0.21640625 0.11875 0.04609375 0.0484375
0 0.18125 0.28984375 0.15625 0.121875
0 0.2265625 0.25625 0.07421875 0.09296875
0 0.32578125 0.21875 0.04375 0.03828125
0 0.3515625 0.13125 0.11875 0.13359375
0 0.38359375 0.1734375 0.0796875 0.0828125
0 0.45078125 0.115625 0.0703125 0.0421875
0 0.48359375 0.1984375 0.11484375 0.11328125
0 0.3203125 0.40078125 0.10546875 0.10546875
0 0.36484375 0.33203125 0.1484375 0.1046875
0 0.52734375 0.38515625 0.22890625 0.06171875
0 0.23203125 0.478125 0.0859375 0.0390625
0 0.46796875 0.4796875 0.225 0.1171875