5 0.5 0.5 1 1
0 0.5912325689749904 0.5088945698093674 0.2253720553496283 0.23816602191409722
0 0.4204116706037545 0.25812477678865653 0.1419395072563942 0.17424779788867956
0 0.6762945936545798 0.3535973693229001 0.263745074586922 0.2638205868489054
0 0.5246526710670907 0.7833275539810549 0.153730179126093 0.15415348620028232
0 0.7135316657096131 0.5840564366933402 0.128764895460829 0.10999438311602709
0 0.2909845431142748 0.5883089289794071 0.13988593393541643 0.1601580243497292
4 0.257834770333602 0.37495554099211603 0.1661061827542901 0.24025462743398443
4 0.3837995588081894 0.322787294645564 0.15007938947037927 0.18375916558343128
4 0.5403695065386039 0.2661809642894803 0.16477680653075472 0.15746940097293471
4 0.7650619385751039 0.4722870937553548 0.17885915389834944 0.2030000892845374
4 0.2678769145284867 0.5121964423720877 0.1919047909216581 0.21884327759614025
4 0.3177900905745369 0.6479606185088259 0.19185022721932726 0.21728077759614006
4 0.4935713405745369 0.6448923453769126 0.2512599435540633 0.1745944456152035
4 0.6463664691603249 0.7187411282513538 0.2453026094333124 0.22758307792045168
4 0.5316170107149552 0.38266903490633136 0.06415675843752044 0.09325116801906326