5 0.5 0.65859375 1 0.67265625
4 0.63359375 0.71484375 0.18203125 0.109375
4 0.78359375 0.646875 0.171875 0.08671875
4 0.7671875 0.5546875 0.140625 0.07421875
4 0.61640625 0.55234375 0.11875 0.0625
4 0.56953125 0.5 0.1234375 0.0546875
4 0.60859375 0.43203125 0.115625 0.05546875
4 0.5296875 0.39296875 0.08984375 0.05546875
4 0.67421875 0.37578125 0.10546875 0.04765625
4 0.80703125 0.4421875 0.125 0.0515625
4 0.7296875 0.4828125 0.134375 0.05546875
4 0.8609375 0.5125 0.1171875 0.04765625
4 0.9390625 0.453125 0.12109375 0.0765625
4 0.92265625 0.56953125 0.1 0.0734375
0 0.25625 0.67734375 0.0234375 0.02265625
0 0.30859375 0.73203125 0.05859375 0.01875
0 0.43671875 0.6921875 0.009375 0.0203125
0 0.3234375 0.6046875 0.0296875 0.0171875
0 0.31328125 0.540625 0.03984375 0.0265625
0 0.13984375 0.546875 0.025 0.01953125
0 0.37890625 0.42421875 0.0390625 0.0359375
0 0.41953125 0.378125 0.0234375 0.03046875