5 0.500854493753484 0.646875 0.9982910124930319 0.70625
4 0.607502007896836 0.7839521918800842 0.19918290944452863 0.1385246687014785
4 0.7696474838927309 0.7315309560135784 0.18809996369925486 0.11295145861557021
4 0.7589230864502547 0.633342439505235 0.15364315046753826 0.09708744120271576
4 0.600252068398078 0.6117496432595652 0.13011474687674215 0.08023413387576941
4 0.5538174299325924 0.5507402221832376 0.1332033854404237 0.07414790818602893
4 0.6002924541330892 0.4844468368371301 0.12539088544042354 0.07373847241038015
4 0.5187651981811608 0.432532454770383 0.09881929508134384 0.07078389077317429
4 0.6734072463857628 0.4328267831282284 0.11596134328594587 0.0638721494796016
4 0.8082458546988232 0.5195565784693871 0.13474770472226433 0.07110479534115868
4 0.724089023316734 0.5526346720923805 0.14571247579950325 0.0763655054270668
4 0.8610441226528041 0.6004247981662337 0.12689884328594586 0.0644453595655099
4 0.9403851472460844 0.5484329302329809 0.11922970550783134 0.09544969810012063
4 0.9223634177341481 0.6692433972162941 0.11143746974937904 0.09175148801421251
0 0.21257987245641238 0.6960881852098219 0.026707945745273864 0.02639208163720568
0 0.2637156464605175 0.7596870177515388 0.06419885538619426 0.026794873360319826
0 0.4018105440993853 0.7349027809805218 0.011064765027114731 0.022448210085908117
0 0.28794296593874996 0.6281847122336149 0.03293067466803503 0.022032130257724703
0 0.2812929901392468 0.5591071636130959 0.0439318071815924 0.033542840343633175
0 0.09844867388246811 0.5440576164629148 0.028252265027114642 0.02334896879233561
0 0.3587362132082755 0.44601402136958346 0.04398634933607006 0.042917840343632996
0 0.4045663427949665 0.40311719244591104 0.02675339754067192 0.034204581637205675