5 0.4216015988229177 0.48671875 0.8432031976458354 0.9734375
6 0.12265284373453504 0.5626180637264337 0.15778592378986117 0.12492569863085592
6 0.48692894843880496 0.32777490114168256 0.12399077792830404 0.1048386917107738
6 0.3122687059020367 0.10236501874589927 0.1449583751693421 0.11816636266130084
6 0.07523120985876565 0.4345859056274879 0.1111565852552504 0.12770318874502423
6 0.0381173914505429 0.5480554980228336 0.02399077792830413 0.10076400395433271
6 0.2021201792169281 0.25639062695857584 0.10968261646291486 0.09957818874502422
0 0.6543122795101838 0.5487837850203406 0.0623096494796016 0.11791701186299815
0 0.5389208163720578 0.24423288927868447 0.10021908525525039 0.1272575197716635
0 0.42053814506858755 0.6295549184418882 0.1493869255988834 0.1729175296574951
0 0.07294717209238048 0.7196612425856262 0.0464456320667471 0.08296900889724856
0 0.21182488636216026 0.6208351289357422 0.056891809135968606 0.07403967787060921
0 0.32175980834299905 0.6868182731945235 0.2559711182719372 0.15387305239490826
0 0.05753909882291771 0.485413576578015 0.06938516508343387 0.10417284684397003
0 0.07885525610443547 0.593370656616071 0.09413950361804461 0.10050401878308043
0 0.1489597161903437 0.6014749752854206 0.03124335594746528 0.03089717292769336
0 0.11668504748886524 0.403928813232142 0.14076884215265534 0.09772652866891214
0 0.031060728741958227 0.2938945800380561 0.03591756784239586 0.09033583992388783
0 0.039589201718165254 0.21760399406850092 0.06132700361804462 0.09916701186299814
0 0.0801013370642727 0.16897815167315516 0.05221095318850331 0.044224843878220545
0 0.0948056462002413 0.24040748269979445 0.09874511646291487 0.09913251977166349
0 0.16640068520982187 0.20225888387865804 0.07671298620519007 0.06549234882113639
0 0.17760045680654793 0.1321227974148113 0.05434666327441158 0.05522601087441492
0 0.1666640360689045 0.3118567183653384 0.17916295680654795 0.1460658695813831
0 0.20762655076822556 0.2718246259699927 0.08977955223856356 0.10656301779449713
0 0.30438868611433306 0.2209067717116488 0.05064845318850324 0.044161176882026074
0 0.3182664003841128 0.1271740177573161 0.14050989258219673 0.15228669467652328
0 0.35711421641748636 0.1663028433467479 0.09381195499752559 0.09425401878308035
0 0.4177374559020368 0.09806749650277784 0.0776203889641522 0.05305601581733081
0 0.4627024751239136 0.17922465460172368 0.1347578595655099 0.13178319368794006
0 0.3243713947299033 0.4079929362363853 0.12497342378986112 0.1235886917107738
0 0.36106581128367515 0.33133759433533105 0.16880531094499088 0.12693386760421674
0 0.5342476837394838 0.3642098082520452 0.2449650192218769 0.09261721741393628
0 0.24532238183960448 0.4981178705327851 0.09472600180902227 0.052193852775469195
0 0.4872675424004826 0.4686864026245573 0.24807673111680745 0.15199221741393637