5 0.49921875 0.49921875 0.9984375 0.9984375
1 0.55625 0.06328125 0.11328125 0.10546875
1 0.79453125 0.140625 0.09609375 0.0890625
1 0.940625 0.24140625 0.09609375 0.06796875
1 0.79375 0.34453125 0.128125 0.09296875
1 0.4046875 0.3203125 0.1203125 0.115625
1 0.5 0.35390625 0.06328125 0.0859375
1 0.0609375 0.11171875 0.10703125 0.0609375
1 0.05390625 0.2125 0.09609375 0.0875
1 0.19453125 0.55625 0.1109375 0.0875
1 0.05859375 0.9015625 0.11640625 0.084375
1 0.7734375 0.95546875 0.128125 0.0890625
1 0.9859375 0.815625 0.028125 0.06953125
3 0.5765625 0.9359375 0.11328125 0.12734375
3 0.26640625 0.40234375 0.13671875 0.06953125
3 0.21484375 0.46328125 0.0890625 0.0609375
3 0.1703125 0.21328125 0.0890625 0.10703125
3 0.09140625 0.165625 0.08359375 0.06484375
3 0.3734375 0.059375 0.07578125 0.059375
3 0.2140625 0.69453125 0.08359375 0.07734375
4 0.61953125 0.575 0.10703125 0.09453125
1 0.4828125 0.5703125 0.07734375 0.07421875