5 0.49651979590698553 0.56640625 0.9930395918139711 0.8671875
6 0.5581789179125682 0.9058662641433518 0.1526756999091429 0.17114881303532456
6 0.2861865677308542 0.5635550025340829 0.12727290818602893 0.13351245764913067
6 0.07061575729388972 0.7678238251355733 0.14123151458777944 0.1570408612399266
6 0.43142166610354593 0.9519766322189696 0.14578389077317447 0.09604673556206081
6 0.2377336211010716 0.861801604993411 0.12036781094499087 0.12097609621281222
0 0.49892998643233266 0.3662947040348933 0.13065685775648744 0.07886131908544902
0 0.1962509644969224 0.5200499213483853 0.14512214947960164 0.116434041958086
0 0.601818211783389 0.5950878454272452 0.19946881275401332 0.16985902380771342
0 0.7215896426977977 0.9341690470262515 0.08855788896415202 0.05049996974937905
0 0.6102128086857427 0.8077014749157405 0.08633364767057934 0.06766928903121965
0 0.6688618696307336 0.6876935019449076 0.20010397783744693 0.2713942527304745
0 0.4852084073971187 0.9693641201187212 0.11585737336031983 0.06127175976255757
0 0.5929733197670192 0.9427986375817229 0.11617827792830404 0.10064541549465282
0 0.5957951045927283 0.8740440924021831 0.03617651741285464 0.03457498789975162
0 0.39445061058562203 0.9269039093463327 0.12184177973732649 0.14619218130733458
0 0.1570457858458212 0.9841300811856974 0.050157130257724794 0.031739837628605015
0 0.2302719239054621 0.9584670058537323 0.11535940637700656 0.08306598829253531
0 0.18474141791256832 0.9036936683233232 0.07934001922187686 0.08324883723582169
0 0.11220799864526292 0.9009272166261211 0.06561171189493056 0.0597386143631848
0 0.29715620873117116 0.8910623789975158 0.17734150723608924 0.19472266842151917
0 0.2530277504542852 0.853294213404667 0.12259205223856365 0.10380677693097126
0 0.1914528426069406 0.7607203731437834 0.05451043758467109 0.05654998184962743
0 0.09470067333963521 0.7578130208808471 0.17710248982323468 0.16035675878059868
0 0.13136851368326827 0.7142630087805987 0.11173643939369335 0.1053056444174139
0 0.05676798338011496 0.6614692860061576 0.06535940637700659 0.08472952400410509
0 0.13549717096478603 0.605660168421519 0.15621677973732645 0.14930108411256365
0 0.38198598937300876 0.7188470114128773 0.1447060696514182 0.1382999515990063
0 0.2998662081653443 0.6902356772021179 0.15629202283992144 0.18054199375348395
0 0.32026167458283067 0.5098305597156751 0.13982821913101978 0.25386131908544896
0 0.4815079545472997 0.7881969751121322 0.06765889077317447 0.0988011143631848
0 0.4317414071699761 0.5448646107489474 0.19656954206179833 0.2635635720123153