5 0.5 0.5 1 1
1 0.09480750165262984 0.3377311323411542 0.13594611621110372 0.1404152923897862
1 0.21594183126491567 0.11443056534426217 0.11468754631872757 0.11915672249741002
1 0.3427525802314584 0.021992662324943547 0.09175516046291676 0.043985324649887095
1 0.4181250694780914 0.15199041563471244 0.12708053846084474 0.15091614474715104
1 0.3224552743977089 0.5353915746498872 0.14739303846084476 0.15186221463952715
1 0.37466628370333377 0.44605293879407626 0.10378427956950462 0.08590757485477489
1 0.06724135131939835 0.8385338070720945 0.06185364474715103 0.12293238585581108
1 0.1530354561579626 0.8650727282883782 0.11312504631872758 0.11908394789030438
1 0.5197648837843871 0.7877052837078431 0.11697779238978612 0.13485449710451575
1 0.8369267667447138 0.9404834115008832 0.10992296360606986 0.05033394789030439
1 0.9802226550862333 0.2850937824694979 0.03955468982753345 0.1477140620344933
1 0.9207727264263514 0.05106769293241463 0.075038541356329 0.037795406533975305
3 0.9440369061196906 0.4752671722542502 0.11192618776061884 0.14681084160399785
3 0.3796599605011887 0.6877502872224996 0.10698636228216234 0.15465757485477488
3 0.4303363566960818 0.750374411705771 0.08605312406898662 0.10690927956950454
3 0.17424902253568206 0.7489918099675787 0.13023977171162177 0.1183219685684687
3 0.11253458064123392 0.8191994561624718 0.08732452564056317 0.10073205417661057
3 0.05939019416625052 0.5186750713401181 0.07438787799792801 0.09077485731976367
3 0.6609720806412339 0.7936555690683158 0.0999700748547749 0.1044392510334573
4 0.6153233629013348 0.3682938500855625 0.1230822431755744 0.13202059553293938
1 0.5863893418088857 0.5035250287454442 0.09499147642635145 0.09797092721213971