4 0.36805433312694247 0.09935160649119405 0.12293669396136275 0.1288955955329393
4 0.4439404369320494 0.16787047415003986 0.10502144789030421 0.11247007485477489
4 0.575881795699555 0.15913979114693189 0.12486306699689216 0.13678087014004517
4 0.7453766583960022 0.1678170860179174 0.13158394789030403 0.11370724317557443
4 0.9366437055432992 0.36463223572746717 0.10240587014004525 0.12326202564056317
4 0.7671830760976291 0.3888402154635875 0.11472177956950454 0.08641699710451593
4 0.743377394956548 0.4628941455712113 0.11468754631872766 0.11915672249741008
4 0.6771381189017001 0.40578581285855364 0.11083480024766904 0.10338617328319835
4 0.5580606331697238 0.4072861927185084 0.11708480024766903 0.1036772717116218
4 0.46247845947224064 0.3582065297743924 0.12816784946188076 0.10731169396136267
4 0.8919797148489241 0.4494588459427149 0.07173375889134022 0.06726458271265763
4 0.9442314195636538 0.4706831825843141 0.06791955417661058 0.08579625889134021
4 0.2799356331697237 0.39433231265366586 0.08939644789030421 0.11174232878371634
4 0.47520959181339484 0.43787691314900384 0.08754284946188058 0.10541955417661039
4 0.2236256670824545 0.47705061331561965 0.11515842721213972 0.09579199710451576
4 0.22208459181339485 0.426087426797855 0.09019266046291677 0.061887877997927984
4 0.1218833846174658 0.44255998924663303 0.10414815260503385 0.09372007485477489
4 0.020465472602108507 0.3749293794456701 0.040930945204217015 0.09131851282028158
4 0.8703036521952583 0.7467512229071855 0.10058650496239885 0.08419952564056317
4 0.6793725911942223 0.6940135589296121 0.07671235731976367 0.07373290653397521
4 0.6452886896226457 0.6861625175732833 0.05781680810555194 0.06973461124870503
4 0.7545822988044362 0.8274853384991168 0.09887845574818695 0.08100175103345712
4 0.8848669582338957 0.8711347927995619 0.05378427956950489 0.08357878742738763
4 0.865862247109025 0.8757302475142914 0.03953768899896417 0.045496590570540715
4 0.7836083651821556 0.9439301298554457 0.07434933664159918 0.056472631926869354
4 0.5529362539334507 0.9803051229308309 0.07115156203449331 0.03938975413833816
4 0.476735472916204 0.9973267260120668 0.06849744292790554 0.0053465479758664
4 0.5054277072004383 0.948981387094156 0.07464043507002263 0.06272263192686936
4 0.5604790802359675 0.9437159983428609 0.08735875889134022 0.06799232878371626
4 0.5511105423942954 0.8422797768789081 0.06482878742738744 0.05291098428423453
4 0.5418511664632819 0.7384998054149555 0.11345037799792798 0.09259422249741008
4 0.6047128854460353 0.7672648143062957 0.06646406203449332 0.05454625889134022
4 0.46986269644707124 0.8048289727022977 0.08608735731976366 0.07416955417661057
4 0.5350703194826006 0.800036618897191 0.07725601282028158 0.05193068114108144
4 0.5100360862318236 0.7659869505763913 0.08550516046291676 0.061669554176610394
4 0.5519838376795656 0.8235297768789082 0.08753854135632899 0.03837760339082195
4 0.4199440872652809 0.6662715868464869 0.09397263192686953 0.07609592721213972
4 0.3089487752307876 0.7127762516526298 0.08750430810555185 0.07111732878371627
4 0.3193554282501062 0.7751135858130297 0.0809632096771284 0.06457623035529281
4 0.3408815177871895 0.8340540922231705 0.08750430810555185 0.07111732878371627
4 0.23755746464403638 0.8167145808506309 0.07620293507002254 0.06279540653397539
4 0.18005317969784831 0.8242145576912672 0.08452485731976359 0.07409677956950453
4 0.21203523387445875 0.7427120006191725 0.0774015620344933 0.05505568114108108
4 0.20825741646328194 0.7229624267978549 0.06907963978475226 0.04375430810555194
4 0.15348217928356353 0.6718686536384911 0.09931510339082213 0.0903767510334573
4 0.10432339537083277 0.584238066996892 0.07373290653397531 0.07671235731976367
5 0.5 0.5 1 1