5 0.5 0.371875 1 0.74375
4 0.4022146840192331 0.245686911705771 0.20078491316955063 0.14354460049533807
4 0.24498485721791355 0.2999485343270155 0.1876029515702103 0.11952490363849115
4 0.2508377036152744 0.3935529851128038 0.1542903463973609 0.10080913688926821
4 0.40151966521461463 0.41000412283064147 0.12883570533113406 0.0840197431755744
4 0.4422870692129652 0.46677850765299506 0.13177884890464336 0.07791529238978612
4 0.3964493834778724 0.5314981331697237 0.12396634890464328 0.0775514193542568
4 0.47134173488979825 0.5780777266357484 0.09887542069139794 0.07326202564056317
4 0.3243985387298642 0.582574789703699 0.11431856426490725 0.0677397717116218
4 0.1992644949189281 0.5031313463615088 0.13329588479802065 0.07642556699689199
4 0.28040919483978577 0.46884192948845127 0.14280727711788863 0.08154971463952716
4 0.15170152164110534 0.4278980599675787 0.12686402837152994 0.06988446856846853
4 0.07418192689309713 0.4792294276264245 0.12299488229073821 0.09779114474715093
4 0.09666702916295275 0.3647473966091778 0.11187552586424745 0.09103172249740998
0 0.7759453522033486 0.3190279425181299 0.027289925705962937 0.026237168320799586
0 0.7296182699917526 0.2593832688206468 0.061710389812585476 0.02940070967712849
0 0.5966382854311589 0.28669924772819766 0.013136497492717503 0.022457196856846905
0 0.7004428985215672 0.3859115355698698 0.03193196159934022 0.024892992142117175
0 0.7031109089464085 0.4507188982663169 0.044659282132453626 0.03328768899896399
0 0.8770712461725694 0.46060966687756666 0.028806961599340042 0.02474744292790554
0 0.6241712181967507 0.5607895651393744 0.04497753087881229 0.044225188998963993
0 0.5784555529156291 0.60281655335255 0.029125210345699058 0.03568494292790554