5 0.5 0.5 1 1
2 0.6946407495962582 0.3029587691323313 0.09848413879807012 0.09275110226293633
2 0.6588167033324318 0.654693985954844 0.1030625446422686 0.08652837334017516
2 0.4255018226520365 0.8638427687395478 0.08455800649282175 0.10048178903121965
2 0.1920444403467882 0.8573892774219507 0.07192163879807008 0.09259656615858276
2 0.13165991396516877 0.6022977773237548 0.0716489034085667 0.07697156615858276
2 0.36062248539279873 0.46347967525721023 0.07808981818121907 0.0879454275949012
2 0.15137594480771976 0.36783187373295856 0.08242276217486463 0.06766019867214013
2 0.29472434456283847 0.16623703659533282 0.08450345941492107 0.09735678903121973
2 0.5147192447249942 0.13839734114464655 0.0750739123370204 0.09417724687674203
6 0.7830548185915515 0.563355392767094 0.09078073295387128 0.09895565046753826
6 0.7130150539810548 0.5481394589256767 0.049310253246410876 0.05028180113146803
6 0.6244984302005184 0.8306570431364364 0.10681483603812651 0.12248405405833437
6 0.4868717451353266 0.7939615399149825 0.0808602621748646 0.06765110831306043
6 0.3874620803626742 0.8054762777165383 0.05772277110331832 0.08470225292686635
6 0.3384302909954113 0.7502984192070861 0.08113299756436802 0.0832761083130606
6 0.23645295942151162 0.8641614521881816 0.06917846834337489 0.11445338544042372
6 0.14569732021640452 0.7826665333738789 0.06737050649282175 0.10038179508134384
6 0.26388998701765176 0.6796455516224474 0.10996710957707681 0.1240647347764936
6 0.3396866481368562 0.5440620547457055 0.07962504464226869 0.08639201795398073
6 0.49776220089679973 0.5728268832991242 0.0777079886359143 0.0660704275949012
6 0.5993656112052252 0.5698922599589491 0.14030126623205436 0.2507908612399266
6 0.614333866480231 0.42841328708631216 0.050790932629559825 0.04560339149054773
6 0.6132719728108971 0.3549894226249316 0.11591710064862326 0.10691359621281213
6 0.5689004099046837 0.3013467930382405 0.07636367694751697 0.07856133723582168
6 0.6299021396121443 0.25255931421367517 0.06191934740221221 0.056604524004105095
6 0.04768433441986401 0.6246591115345144 0.0843125446422687 0.08641928903121965
6 0.05772358198423202 0.5417966145595765 0.049037517856907485 0.03465680113146803
6 0.13648773579983578 0.6389847110669761 0.05421594155801359 0.06280907220870695
6 0.18230084213050177 0.565288135833207 0.07162162986961632 0.07540906615858275
6 0.16286109537691265 0.5154063105012421 0.05736821509696392 0.06438975292686636
6 0.24244918385067113 0.4758847473677214 0.09525004464226869 0.08648292154477702
6 0.11580090909390481 0.4367818616327102 0.04459547970746054 0.048692030054229285
6 0.1824798944834082 0.4207705213718264 0.06822389448011297 0.059765885440423536
6 0.26483447281089695 0.3570165726996863 0.0688511858759707 0.09570338544042353
6 0.2114736935899038 0.32608019008793315 0.05761367694751698 0.07845225292686626
6 0.12094019683631466 0.2766119760940907 0.0705773271096728 0.10508747579950324
6 0.22651586120192996 0.09086030757437581 0.07935230925276535 0.07076701795398088
6 0.35693974675358914 0.049090964092038225 0.09237050649282175 0.09818192818407645
6 0.4231981720795483 0.23501378679172452 0.06076595048646745 0.08003293364502548
6 0.3596560491097908 0.38458706079582966 0.1096125535707225 0.1037522347764936
6 0.5788362918028949 0.1348996364223822 0.09878414772652384 0.10993860226293628
6 0.5246084878251354 0.06412859416970865 0.0719761858759707 0.09572156615858281
6 0.5661471513799718 0.01332566003370384 0.08958069724005639 0.02665132006740768