5 0.5 0.5 1 1
2 0.2767145024685419 0.3515724568009072 0.0864479526972918 0.09200893992586626
2 0.6221347988213196 0.3011855987183572 0.0819422906531944 0.09965774881887368
2 0.8846198810776393 0.4774033914541139 0.09553201196784719 0.0798363221398514
2 0.9430363655944103 0.7066023073333629 0.09055357123840295 0.06717263103285873
2 0.7163128242756256 0.8259251930907272 0.07183993882958326 0.06808036660488845
2 0.5214691836986811 0.6380184214063627 0.08441267401194459 0.07164187622353531
2 0.4884612344198619 0.8632441106992568 0.06580814437666689 0.07723711179556503
2 0.25686443588288255 0.773191996456621 0.09396951196784728 0.07978175843752063
2 0.1693241490294102 0.5671751202330857 0.09062630642076397 0.07029763103285873
6 0.5012027433504863 0.20328875734121216 0.0956774823325695 0.08608632213985139
6 0.506000652544792 0.27527288474587386 0.04792966014423605 0.046949411069925694
6 0.798333622909514 0.2917262970817439 0.11791615824437507 0.10247521397248338
6 0.8008800075025351 0.43466776523057843 0.06424564437666688 0.07718254809323426
6 0.8397626291777781 0.5289187622353536 0.08245013050895836 0.05439981252120454
6 0.8005923328250004 0.5900001059747513 0.07987064437666688 0.07772818511654282
6 0.9373305730413547 0.6626886162263703 0.11235583605604163 0.06481152286549072
6 0.8836081206284035 0.7693180729424596 0.09669446846486096 0.06270338584218216
6 0.753501086909063 0.6796875993513294 0.11951502583555573 0.10409227767481415
6 0.6050083823119102 0.6385938294810635 0.07979790919430556 0.07460318511654282
6 0.5887807042159032 0.47800106986241675 0.06264677678548622 0.07556548439090349
6 0.5568384135627087 0.3800893595181304 0.2464412017473613 0.12413693756361352
6 0.4183577950215976 0.40023319001068425 0.04327852773541672 0.04834821996293304
6 0.3492993237069448 0.4181176052569612 0.10094686379145842 0.11125001324684387
6 0.3100199245806254 0.4745114489963589 0.07507404160312507 0.07287699400955017
6 0.2472465144363892 0.4270436827542901 0.05447060087368065 0.05966766587924912
6 0.7602641524478827 0.9031796630536603 0.0814695119678472 0.07934524881887377
6 0.6785238431773271 0.9128150686812904 0.03074216014423605 0.046349210344286365
6 0.7503423321594104 0.8122818445420059 0.06050239532659738 0.05051092068857273
6 0.6677837520872923 0.7867610001696361 0.07183993882958326 0.06808036660488845
6 0.6263417877064936 0.8173190302067029 0.06057513050895835 0.05363592068857237
6 0.5662387826725006 0.7504291413692958 0.08016158510611113 0.09022818511654282
6 0.5638612779228479 0.8830506684111377 0.04625805737069442 0.042207347367595106
6 0.5304116918668063 0.8209946125133551 0.05614220364722229 0.06440972958157971
6 0.4469439220151742 0.7564112681409854 0.09204333605604162 0.06410219473518967
6 0.43193782427562566 0.8159945992665113 0.07460126291777787 0.05256449400955034
6 0.40926535011118137 0.9151215800292176 0.10141833605604163 0.06442957694917481
6 0.2041953371934035 0.8580010168750409 0.06577177678548614 0.07567461179556503
6 0.12577743683281312 0.7420734273119944 0.0988024823325695 0.08619544954451311
6 0.28792998508545187 0.6322048979078998 0.07623649810013902 0.05574405771188111
6 0.4477777637707991 0.658082895545647 0.09767639342673622 0.10489088584218216
6 0.1491376291777782 0.5048016058051153 0.10519795269729175 0.09266370435383635
6 0.09690428837208381 0.5747941580747008 0.09367857123840284 0.06728175843752045
6 0.029897973117604625 0.5466939507256394 0.036447952697291744 0.09026290145127884