5 0.5 0.5 1 1
0 0.06005573516927708 0.3920433360560417 0.12011147033855415 0.17783667211208343
0 0.7949564133533535 0.48262815529767433 0.1590124273985097 0.20992312670923638
6 0.7875444100337038 0.2793031335461812 0.16346357806243966 0.16940722948277792
6 0.6048096989667278 0.12737369158246578 0.19966469847574847 0.2155561840799307
6 0.8259705848981305 0.3895873233256951 0.13063289734428024 0.1655185100679862
6 0.7281325277165382 0.4185643488769104 0.15539654800821018 0.12547539152687506
6 0.7039768893492484 0.541456335009202 0.18850902985783763 0.17780161094166685
6 0.6028234555078312 0.4687799415824657 0.177371541958086 0.14317203780340293
6 0.506952940186129 0.29386890092927126 0.14792948165323558 0.18466855357097237
6 0.3165052021881815 0.2589633048052433 0.1746828791939076 0.21809930262104177
6 0.45631206987101597 0.4028613880114934 0.12435562626704133 0.1606855397032639
6 0.3491762807416004 0.41833895801562526 0.12433744554888211 0.15756053970326409
6 0.4865439496540988 0.5785887398351045 0.20928513817089806 0.25796188962701405
6 0.3444382628858153 0.5612167890376739 0.1711124515990063 0.14146406743868062
6 0.7858616518422803 0.8371520011373617 0.14605790944452862 0.13150718597979177
6 0.7444059257481894 0.7103888261754868 0.14293290944452863 0.13143445079743082
6 0.5923889077942086 0.7849861698309727 0.14441359621281205 0.11740831838861113
6 0.5230162181972549 0.8904172458190281 0.14919199980360814 0.1331424211621531
6 0.43751103113438383 0.6798050945085073 0.12877041549465282 0.11391964247680572
6 0.3950235492847564 0.7303856695466322 0.13675563231716562 0.14378898043270852
6 0.31088035344128667 0.6885780696228823 0.11789654800821019 0.12460256933854161
6 0.16590471760807962 0.49299019984750014 0.08015110831306052 0.08154224715020834
6 0.09100419067710833 0.6084502392664237 0.15878516842151907 0.1708606267092362
6 0.12240366072107489 0.7177895248856252 0.20099084913967835 0.17496755167111128
6 0.16237415486734244 0.8312350822563197 0.16802381303532482 0.14764133225631965
6 0.3239429139425287 0.8607803779435074 0.14911018657189173 0.11907992116215312
6 0.28917702850210514 0.9271677909375349 0.12567268657189173 0.11853440729444457