5 0.5 0.5 1 1
0 0.06737349455770439 0.33797333279171565 0.13474698911540878 0.16032166558343128
0 0.7882985419331485 0.5281356460983755 0.14114089908902622 0.19609552434972918
6 0.8148685095338288 0.3269140653352547 0.15055061542376222 0.15253643912238166
6 0.6606597030878921 0.15380602759284484 0.18327383538669526 0.19526940990138844
6 0.8343501411148418 0.4406044184195098 0.11617561542376223 0.15193642126547413
6 0.7337499403892024 0.45604641192668804 0.14891370435383652 0.10566143912238175
6 0.6897593490120574 0.5741009366834543 0.17409724282842376 0.15607054220663663
6 0.6020535070867581 0.48892532142433465 0.1682093413771451 0.12161372158978559
6 0.5357812102594682 0.30484460186314377 0.13240081614940175 0.16939665665497755
6 0.3549602853945445 0.24462234780595407 0.15692959019601868 0.20105575973923262
6 0.46822663331029346 0.4037263867661799 0.10987105172143127 0.1502648271096728
6 0.36108625590563176 0.40498314934808155 0.10976192431676957 0.1471398271096728
6 0.46903762124457593 0.5819741176914563 0.18776292794496657 0.2343864569792892
6 0.33273802269585473 0.5451990462638265 0.163521841377145 0.12153190097293472
6 0.720689368164533 0.8748236854656384 0.13679565027015245 0.11638075081077873
6 0.700999405457994 0.744713445611908 0.13367065027015243 0.11632620373287814
6 0.5388788621740833 0.7981679078694983 0.13775794954451293 0.0992205243497292
6 0.4527106944807356 0.8928161603051302 0.13992065027015244 0.11643529788867965
6 0.40326379910472454 0.6746331761334428 0.1205704495445131 0.09892051542127547
6 0.35402520173712976 0.7191138331954574 0.12634922359113016 0.13025233603812653
6 0.27770080391404794 0.6661876562479405 0.10856152286549073 0.1127648271096728
6 0.16782484002638265 0.4547671408266649 0.0743849303072194 0.07312958279171564
6 0.07429804011904989 0.5586676623370204 0.14748017912609301 0.154044392044481
6 0.0912090374827201 0.6698097138791479 0.1824180749654402 0.15340919236879244
6 0.1085738032810758 0.7859665478886795 0.15749009618646848 0.1276728068171334
6 0.2623510785088193 0.8371177650142384 0.1424454495445131 0.09930234496658023
6 0.21725434411791592 0.8973052426931041 0.11760914065150559 0.1035534683433749