5 0.5 0.5 1 1
0 0.91015625 0.6953125 0.16015625 0.140625
0 0.19921875 0.4609375 0.1140625 0.17734375
6 0.16328125 0.65390625 0.1296875 0.134375
6 0.303125 0.83203125 0.15625 0.17265625
6 0.15 0.5421875 0.0953125 0.1375
6 0.2484375 0.53359375 0.1328125 0.08984375
6 0.296875 0.42265625 0.153125 0.1359375
6 0.37734375 0.51171875 0.15 0.103125
6 0.43125 0.69375 0.109375 0.153125
6 0.603125 0.7640625 0.1296875 0.18203125
6 0.5015625 0.6015625 0.08984375 0.1359375
6 0.60546875 0.6078125 0.09140625 0.1328125
6 0.51015625 0.43046875 0.15625 0.21328125
6 0.640625 0.475 0.1453125 0.1015625
6 0.28203125 0.1296875 0.1203125 0.0984375
6 0.29453125 0.25703125 0.1171875 0.1
6 0.45390625 0.21640625 0.1234375 0.08359375
6 0.54140625 0.13046875 0.1234375 0.1
6 0.578125 0.34453125 0.10625 0.08515625
6 0.628125 0.30546875 0.1078125 0.1140625
6 0.69921875 0.36171875 0.09296875 0.1
6 0.79453125 0.5734375 0.06484375 0.06328125
6 0.88984375 0.4796875 0.125 0.1359375
6 0.8984375 0.371875 0.19765625 0.1296875
6 0.86875 0.25703125 0.1390625 0.109375
6 0.72265625 0.19765625 0.128125 0.08359375
6 0.7703125 0.1421875 0.1015625 0.08984375