5 0.5 0.5140625 1 0.971875
2 0.71015625 0.65703125 0.07421875 0.0796875
2 0.37421875 0.68828125 0.06875 0.0859375
2 0.14140625 0.50703125 0.084375 0.06484375
2 0.11015625 0.2859375 0.08046875 0.053125
2 0.33984375 0.18359375 0.06328125 0.05703125
2 0.50625 0.37265625 0.07578125 0.0609375
2 0.56171875 0.159375 0.05390625 0.0671875
2 0.7734375 0.25625 0.08203125 0.06640625
2 0.83515625 0.45859375 0.08046875 0.05703125
6 0.4796875 0.78828125 0.084375 0.071875
6 0.4828125 0.71953125 0.04140625 0.040625
6 0.20390625 0.68828125 0.103125 0.084375
6 0.2171875 0.55234375 0.0546875 0.0671875
6 0.18984375 0.46015625 0.07421875 0.04296875
6 0.23359375 0.40390625 0.06953125 0.06484375
6 0.11015625 0.32890625 0.10078125 0.0484375
6 0.17265625 0.22890625 0.08671875 0.0484375
6 0.28828125 0.32109375 0.10390625 0.08671875
6 0.4265625 0.3671875 0.0703125 0.06328125
6 0.425 0.521875 0.05234375 0.06484375
6 0.4453125 0.61640625 0.22578125 0.09140625
6 0.5796875 0.6046875 0.03671875 0.04296875
6 0.6484375 0.590625 0.0859375 0.09453125
6 0.690625 0.5390625 0.06484375 0.06171875
6 0.746875 0.5875 0.04609375 0.05
6 0.3046875 0.1078125 0.0703125 0.0671875
6 0.384375 0.10234375 0.02578125 0.04296875
6 0.30546875 0.19453125 0.053125 0.04140625
6 0.38203125 0.22421875 0.0625 0.05703125
6 0.425 0.19609375 0.0546875 0.0453125
6 0.475 0.2640625 0.06796875 0.07890625
6 0.49140625 0.1375 0.040625 0.0359375
6 0.5171875 0.19765625 0.0484375 0.05546875
6 0.590625 0.26328125 0.08359375 0.05
6 0.61015625 0.20703125 0.06796875 0.04140625
6 0.64296875 0.1140625 0.09140625 0.05
6 0.83359375 0.1796875 0.05546875 0.06484375
6 0.89609375 0.29375 0.08671875 0.07265625
6 0.7296875 0.38984375 0.06796875 0.04375
6 0.57890625 0.35703125 0.084375 0.0890625
6 0.8484375 0.51796875 0.09296875 0.07734375
6 0.90546875 0.45390625 0.084375 0.0546875
6 0.97734375 0.484375 0.0453125 0.084375