5 0.5 0.5 1 1
4 0.2610449989742358 0.39354475256545113 0.18783687551288208 0.204182272985764
4 0.43350097771969753 0.4902164647620483 0.16376270555093822 0.18801175911805573
4 0.2755598492410659 0.7077520697197914 0.18302204152049334 0.20094817021222244
4 0.5042750982524827 0.7071117176118399 0.15119903855474384 0.18615831838861113
4 0.605911830000875 0.3964450149145481 0.16392453163466172 0.15367312670923622
4 0.5029817840689385 0.22166518009277736 0.14494903855474384 0.186012848023889
4 0.34572238239578323 0.15429910818878442 0.18034271049385406 0.2118129350298613
4 0.4688508176807664 0.069581882124479 0.15292336463846717 0.139163764248958
4 0.6592848166921833 0.07186912110656225 0.12205536661563343 0.1437382422131245
4 0.631520619544202 0.20852678761597168 0.13531937056996632 0.17954464247680563
4 0.4991552222453091 0.9093827324294788 0.16730419961943924 0.15999586189159737
4 0.6755903882529203 0.9083981946260758 0.12148236364988403 0.1464412017473613
4 0.6628887528913874 0.7603971057202424 0.10368736859279988 0.16944229065319458
4 0.6458471274156864 0.5656664871791314 0.1411237015966055 0.16875261284152784
4 0.7314583166550022 0.4567441224377424 0.12154603064607841 0.1480037017473613
4 0.7701746012554134 0.291936086818541 0.11555069863085592 0.15410823138263902
4 0.7565153023577272 0.12912761550388824 0.13449169961943924 0.15923214247680564
4 0.8909937786317309 0.23839089988881873 0.0887335306460784 0.1472399823325695
4 0.9112041664647219 0.37450958463433953 0.10378552768032918 0.13354115824437507
4 0.8448695592406285 0.4892273544859715 0.09367569863085592 0.15359908510611114
4 0.927079881370019 0.5403885045622214 0.09434686068413427 0.1317604526972918
4 0.8915031842220378 0.685610738794652 0.11204369665368966 0.14466049620027785
4 0.2955354737281838 0.9070974530785414 0.18193970258518863 0.17438567021222226
4 0.8098048566554397 0.6601944711272216 0.11861203163466172 0.15261846656499997
4 0.7873648294694023 0.7895007646302077 0.12763420456235508 0.18248780452090294