0 0.5652732021724505 0.6119146020072822 0.10779256784239592 0.09266370435383653
0 0.4929511448455042 0.6378347504633362 0.07983798620519007 0.06517362141421187
0 0.5534869323847468 0.49457333458408703 0.06906426051544959 0.06791667549789597
0 0.6235847484181203 0.4515748135326948 0.07227114767057934 0.06958830290255769
0 0.7267639801007546 0.5064582317741966 0.06372166327441171 0.055252984390903495
0 0.6364709300098975 0.339610526872206 0.0811548247398008 0.06054068511654283
4 0.40477279342059475 0.5496750407520221 0.07482293758467104 0.0587599303072194
4 0.14372907281923686 0.6352132697854479 0.09307497060135783 0.07967263103285874
4 0.22979936963073352 0.6743179206037546 0.06486808344622812 0.07712798439090349
4 0.2726795884230691 0.6447469824919868 0.08896068068726608 0.09044643992586625
4 0.31056577001484637 0.5319096765942042 0.09447369629109836 0.0766021947351895
4 0.16368412596231163 0.5074057283156356 0.06996501922187685 0.08510417549789598
4 0.239609218114967 0.41273557985958165 0.06215916327441153 0.055198420688572544
4 0.2778838240624323 0.38176583285480653 0.06076043758467105 0.05826885698624169
4 0.32537297772590545 0.3684101717848809 0.048260437584671044 0.05783234736759475
4 0.5052142859573628 0.3145609415703287 0.0702173247398008 0.06015873920022683
4 0.36439121212207315 0.3530108610777749 0.04480788896415202 0.05147321996293312
4 0.32386470940853973 0.42694935808255 0.06372166327441153 0.055252984390903315
4 0.36234735527009676 0.4068898292266095 0.05286605042954129 0.05643353847458741
4 0.40662629975217274 0.3803893274125109 0.08427982473980081 0.06064981252120445
4 0.39703661578554633 0.34017355517999237 0.05253850180902227 0.05018353847458741
4 0.46238497682139423 0.38780003412860015 0.05870661465389269 0.04883929328391083
4 0.4976983570791191 0.3538144145284867 0.08929487336031983 0.0670635036281971
4 0.44420154285476776 0.3478843622589013 0.05960737336031983 0.06602679328391084
4 0.39800489427967733 0.44073655037066894 0.06166784034363308 0.04582342068857255
4 0.4006485374277009 0.49445182741251087 0.0754780348257091 0.07125993030721922
4 0.35102699570458684 0.533616020333602 0.06380355042954129 0.056815484390903316
4 0.3165867186807939 0.6104612625290537 0.07489818068726609 0.08995536660488845
4 0.19687068295057367 0.7074404446503716 0.07967421189493056 0.06204862141421188
4 0.22673632462825916 0.5839657391154087 0.07111808344622812 0.07734623920022692
4 0.20341501130841907 0.5528075083527024 0.11181832654882315 0.10996033175849824
4 0.23843182044438765 0.47984123430608533 0.08156426051544959 0.06835318511654283
4 0.30003770579049516 0.5244791225105203 0.11477955223856355 0.10694445916315978
5 0.4954552628902988 0.5692583652541261 0.9909105257805976 0.8614832694917478