3 0.726870270228774 0.3336411391610706 0.1225063527754692 0.09771837014004517
3 0.72445221885963 0.18167837882198834 0.11794618676785795 0.10062504631872762
3 0.6273530898867068 0.3939728635205074 0.06654551285158128 0.06392125889134022
3 0.5960062252854206 0.14516933643220215 0.09900518577927464 0.09506425103345731
3 0.49414400045711054 0.4167296592200625 0.09524351581733086 0.07929370181924558
3 0.4816214372249684 0.3206530258454509 0.07030718281352506 0.07969180810555195
3 0.41302794612221694 0.27519066852568735 0.04285334486680377 0.056579639784752264
3 0.4287683512554133 0.3307150765074047 0.05015650889724856 0.04444351282028158
3 0.3373130217116488 0.3084526246881591 0.0701798488211364 0.07656680810555194
3 0.30183182505795914 0.4492574071531479 0.05873301285158128 0.06355738585581072
3 0.26148405627487886 0.5366097038861601 0.09298067885919252 0.06203342721213971
3 0.23231516251038906 0.4264512998333842 0.03870967292769345 0.03143409057054072
3 0.21869567289051242 0.37650480376232565 0.0584146778706093 0.0557448858558109
3 0.039197879392852714 0.5747859842842343 0.07292284684397005 0.06733735731976367
3 0.009471864601286146 0.5251284325888232 0.01894372920257229 0.0627568651776464
3 0.03766383743383937 0.3945162874273874 0.07532767486767875 0.07558650496239867
3 0.11299481813787696 0.473336954300445 0.037338173916276585 0.03604881596343468
3 0.12035633197804138 0.4079302781217625 0.05391817885919248 0.06021406203449331
3 0.11408376874589927 0.3121447431755745 0.06603617688202612 0.051421258891340214
3 0.22544437448711788 0.21087980376232568 0.07949118182494201 0.07544095574818703
3 0.3269896284414506 0.19682376592065348 0.0615396778706093 0.05589043507002254
3 0.31855238733869917 0.1541632309744654 0.0487850098858317 0.04905823821317572
3 0.18964613733869914 0.1481593258882322 0.07949118182494201 0.07544095574818703
3 0.2575976412930318 0.13253863399378404 0.08443334980971962 0.08190927956950458
5 0.5 0.5 1 1