3 0.6828125 0.73984375 0.07265625 0.10234375
3 0.82421875 0.75234375 0.07421875 0.096875
3 0.6359375 0.64140625 0.05 0.05390625
3 0.86875 0.6359375 0.07421875 0.07890625
3 0.6265625 0.5171875 0.06015625 0.07890625
3 0.71640625 0.5140625 0.06328125 0.05390625
3 0.76484375 0.4546875 0.04765625 0.03203125
3 0.7109375 0.4640625 0.03359375 0.03984375
3 0.73984375 0.38203125 0.06171875 0.05625
3 0.6125 0.33515625 0.05078125 0.0453125
3 0.53515625 0.290625 0.04453125 0.07734375
3 0.63984375 0.27265625 0.0234375 0.03125
3 0.6875 0.265625 0.04453125 0.0453125
3 0.51875 0.08125 0.05234375 0.05859375
3 0.56953125 0.0421875 0.05390625 0.03984375
3 0.68671875 0.09296875 0.05859375 0.0671875
3 0.60625 0.1578125 0.02734375 0.03046875
3 0.66640625 0.17109375 0.0484375 0.0421875
3 0.75546875 0.1734375 0.03671875 0.0546875
3 0.840625 0.28671875 0.05859375 0.06328125
3 0.84453125 0.38203125 0.04453125 0.04921875
3 0.88515625 0.37890625 0.0375 0.0390625
3 0.9015625 0.259375 0.0578125 0.06484375
3 0.91015625 0.3234375 0.06484375 0.065625
5 0.5 0.496875 1 0.98984375