5 0.5 0.546875 1 0.90625
3 0.37734375 0.359375 0.08046875 0.04921875
3 0.32578125 0.29375 0.07109375 0.06875
3 0.4640625 0.29140625 0.08046875 0.07890625
3 0.47421875 0.25625 0.08515625 0.14453125
3 0.52890625 0.30859375 0.0453125 0.0296875
3 0.6515625 0.2515625 0.1 0.0734375
3 0.721875 0.3265625 0.0796875 0.06328125
3 0.81328125 0.3375 0.07578125 0.0765625
3 0.80390625 0.49765625 0.08671875 0.065625
3 0.71328125 0.61953125 0.09609375 0.11796875
3 0.440625 0.77578125 0.1546875 0.10078125
3 0.38671875 0.6390625 0.09375 0.0609375
3 0.1421875 0.52578125 0.115625 0.06328125
3 0.1328125 0.39375 0.1046875 0.071875
3 0.246875 0.50078125 0.0796875 0.04140625
3 0.346875 0.49921875 0.06484375 0.05390625