5 0.5 0.5 1 1
3 0.6971828970444631 0.3327433919080497 0.06143729991529536 0.08971702800763595
3 0.7682619655167843 0.277973528564641 0.08285727360693614 0.08215906667727228
3 0.7739189732681178 0.4287911412317319 0.09277830517696728 0.091643154678545
3 0.8113657653614925 0.440863879893414 0.1650173262236546 0.0987294960216353
3 0.756874957412515 0.49856783923459547 0.03581567363517095 0.051944308004454244
3 0.8218236651779659 0.6338417205601867 0.08936487884037306 0.11346361067790856
3 0.7409446624765428 0.7082701032384134 0.07715330517696728 0.09146134134309047
3 0.7317887413310333 0.8060990759070952 0.09250528939195171 0.086955654678545
3 0.5582224387143149 0.7924831132638668 0.0806423262236546 0.09774770401018137
3 0.42252859144397287 0.6908671639481387 0.1376203683170294 0.11090223201781732
3 0.24637082594130594 0.3911500693030014 0.1256355787839034 0.173220418682363
3 0.39323114441362716 0.3354984112826387 0.074756347270342 0.10392497867599956
3 0.5100645157144283 0.0730245885980486 0.08080892619541977 0.1274170226766359
3 0.654277247298577 0.06587406524509497 0.08963789462538863 0.11815111067790858
3 0.5409721524473092 0.18758652792809422 0.05362479991529536 0.08962612133990877
3 0.5449532681335028 0.29620754992841236 0.06668624203690499 0.07260225334181776