0 0.5765625 0.65 0.08828125 0.071875
0 0.5046875 0.65859375 0.065625 0.0484375
0 0.58203125 0.53359375 0.05546875 0.0546875
0 0.6546875 0.50703125 0.05703125 0.05546875
0 0.74453125 0.5828125 0.0515625 0.0421875
0 0.68125 0.4015625 0.06875 0.04453125
4 0.4328125 0.55390625 0.0625 0.04453125
4 0.17265625 0.5796875 0.07734375 0.06171875
4 0.25 0.6359375 0.04765625 0.065625
4 0.29375 0.6171875 0.0703125 0.071875
4 0.3453125 0.51640625 0.078125 0.05859375
4 0.20859375 0.46015625 0.05 0.0734375
4 0.29453125 0.3859375 0.05 0.0421875
4 0.33515625 0.3640625 0.0484375 0.0453125
4 0.38203125 0.36171875 0.03515625 0.0484375
4 0.559375 0.3484375 0.05703125 0.046875
4 0.4203125 0.35546875 0.03359375 0.0421875
4 0.371875 0.4171875 0.05234375 0.0421875
4 0.41171875 0.40703125 0.04140625 0.0453125
4 0.45703125 0.390625 0.07421875 0.04140625
4 0.453125 0.35 0.0421875 0.03984375
4 0.51015625 0.409375 0.04765625 0.0359375
4 0.54765625 0.38515625 0.07578125 0.0484375
4 0.49765625 0.36796875 0.0453125 0.0546875
4 0.440625 0.446875 0.05234375 0.03359375
4 0.4359375 0.49921875 0.06015625 0.05625
4 0.38359375 0.5265625 0.05234375 0.04453125
4 0.340625 0.59296875 0.05546875 0.075
4 0.2140625 0.6609375 0.0671875 0.046875
4 0.25859375 0.5484375 0.05625 0.06328125
4 0.240625 0.51328125 0.0890625 0.0890625
4 0.284375 0.45078125 0.0671875 0.05078125
4 0.3359375 0.50703125 0.090625 0.0859375
5 0.48671875 0.63203125 0.9234375 0.72890625