5 0.5 0.5 1 1
4 0.259375 0.4027055847795723 0.1921875 0.22145127667402048
4 0.43359375 0.5272262034718753 0.1671875 0.20309938296032684
4 0.26484375 0.7295227959044428 0.1890625 0.21818072745980857
4 0.5 0.7607878742738743 0.1546875 0.19939218610347992
4 0.6140625 0.45594417059260195 0.1671875 0.16559938296032684
4 0.5140625 0.2590990957378271 0.1484375 0.2006635876750565
4 0.35390625 0.1688271985094767 0.184375 0.22889990363849116
4 0.484375 0.0959976282028158 0.15625 0.15415246071058575
4 0.6796875 0.12071945409104798 0.1234375 0.17293669396136274
4 0.64609375 0.26446730003827207 0.1375 0.19234166542531544
4 0.490625 0.9407106989237615 0.16875 0.11857860215247698
4 0.6703125 0.9571597983856421 0.121875 0.08568040322871581
4 0.66171875 0.8386325461093305 0.10625 0.18151117328319835
4 0.64921875 0.6349253492524838 0.146875 0.18184081306795044
4 0.740625 0.5360576637681763 0.1234375 0.15887419396136265
4 0.7859375 0.3709806273742463 0.1171875 0.1648330955329392
4 0.7765625 0.20179397973161112 0.1359375 0.17195639081820957
4 0.91171875 0.33308898324626784 0.0890625 0.15883565260503385
4 0.928125 0.47682186662087933 0.10625 0.14401117328319835
4 0.85703125 0.5852293719975628 0.0953125 0.16381425103345731
4 0.940625 0.6500603134777261 0.0953125 0.1419392510334573
4 0.8984375 0.794189149085868 0.1140625 0.15531254631872748
4 0.28125 0.920790920078128 0.1859375 0.1584181598437439
4 0.815625 0.7575195949092576 0.1203125 0.16497864474715093
4 0.78828125 0.8867147892849051 0.1296875 0.1966652923897861