0 0.6692287266711731 0.4049786371798076 0.08948414065150559 0.1030625446422686
0 0.672683598085385 0.4815275004103324 0.06043155771188111 0.07600912094116268
0 0.547425648540872 0.38677983644845887 0.0647916754978958 0.06671594155801355
0 0.5274826815731638 0.30817359537691263 0.0663541754978958 0.06674321509696393
0 0.6151612416472976 0.22221673011779292 0.052018856986241604 0.05868525324641087
0 0.41978674346139605 0.2686219460255358 0.05736112141421188 0.07751707386326193
4 0.5560615824762885 0.5445377893705582 0.05714286660488845 0.07126707386326192
4 0.5593875122353535 0.8188656335263594 0.07811013103285873 0.09037162986961604
4 0.6256003000769688 0.7450093478125446 0.0770188569862416 0.0591216298696164
4 0.6098190434535468 0.6960360596630977 0.08564981252120454 0.08269549756436803
4 0.5090625861044854 0.6313480426169691 0.07493056733052797 0.08875458279171564
4 0.43721984635610445 0.7678406960255357 0.08655754809323427 0.06397277110331831
4 0.3673760831092606 0.6705623214309252 0.052018856986241604 0.05868525324641087
4 0.34782498574166576 0.6255634671288541 0.055034729581579976 0.05561480032431163
4 0.35001247911824385 0.5762765332814783 0.05621528366526398 0.04470457386326192
4 0.3528671166897065 0.3893941420477763 0.058541675497895976 0.0666068474022122
4 0.34703132285764154 0.5356788068204287 0.04823909255827141 0.03988070616851012
4 0.40686267984388313 0.592482185879266 0.05207342068857255 0.06024775324641087
4 0.39994799173211554 0.5511713932655923 0.05325397477225655 0.049337526785361165
4 0.38804570325752813 0.5013486712687694 0.05601687622353539 0.08373980032431164
4 0.3434598895551973 0.5005634671288541 0.047003974772256554 0.04922843262955982
4 0.41197178737827905 0.4477736578760888 0.04565972958157989 0.055451159090609534
4 0.38940481741534594 0.40595435065191837 0.06237600362819702 0.08697389448011279
4 0.36693210588993336 0.4563770905056487 0.06279266587924912 0.05418866801906326
4 0.4451414406436564 0.5245855738665572 0.0426438569862416 0.05852161201270878
4 0.4994296365599724 0.5345821367727706 0.06958830290255769 0.06992276217486477
4 0.5225695253973794 0.5928076939969408 0.055252984390903315 0.06186480032431163
4 0.588514473127794 0.645595728899977 0.08677580290255768 0.0702227711033185
4 0.6481127063375711 0.785266155036715 0.06048612141421188 0.07757162094116268
4 0.5342659719466677 0.7262787130716644 0.07422123920022675 0.06844208279171564
4 0.4956945452676454 0.7410230515454228 0.1083432680561673 0.10651482710967279
4 0.43446437938839627 0.6889344460255358 0.06361112141421188 0.07762616801906326
4 0.49842518646730516 0.6401327073896215 0.10527283175849825 0.10802278003177204
5 0.5921875 0.49839086120193 0.815625 0.99678172240386