3 0.29409307948949925 0.23078417401700374 0.08385710085908257 0.11346935775648763
3 0.1468053216875831 0.2314912601767653 0.08665455223856364 0.10738313206674706
3 0.3396335515611951 0.3281228414752868 0.0561548247398008 0.06059666327441153
3 0.09979312358746244 0.35549532621013885 0.08419129353213636 0.0901137449116173
3 0.34772161126299056 0.4562511635015542 0.0699650192218769 0.08625176051544958
3 0.2536440626424715 0.46741439280933933 0.0702173247398008 0.06133364767057934
3 0.20349357643728147 0.5323710074632318 0.05336401741285455 0.03707727611928178
3 0.25879523010075467 0.5177862070336905 0.03814845318850324 0.044070904567984216
3 0.2276879929910534 0.6058970386708963 0.06717421189493056 0.06273237336031982
3 0.3582485962249852 0.6419053804848673 0.057226001809022264 0.05130355042954129
3 0.43724669945891703 0.6806159984181204 0.0543400192218769 0.08543288896415202
3 0.32906902928710047 0.7081002685445084 0.028282130257724792 0.034204581637205675
3 0.280140206356322 0.7200137703535306 0.050976001809022266 0.050976001809022266
3 0.4509462720510113 0.8949308039360442 0.05944359905006032 0.06388543758467122
3 0.39795406886250795 0.9397796364777612 0.06002345318850324 0.0452173247398008
3 0.2770141270939654 0.8985924717330118 0.06618492198083885 0.07358798620519025
3 0.36116779907480423 0.8240627832438294 0.03140713025772479 0.03436835594746519
3 0.2992819527382774 0.8156195194490194 0.05393722749876284 0.048014776119281774
3 0.20787570273827738 0.82040991802411 0.042092324739800804 0.05985967887824373
3 0.12240627148518439 0.7119190665992005 0.06602114767057934 0.07046298620519006
3 0.11893046868079389 0.614713195952414 0.051221663274411536 0.05566350180902226
3 0.07727855721540462 0.6215707055633525 0.042835953188503285 0.04431656603337366
3 0.05904977838258936 0.7464036092268256 0.0645405348257091 0.07194359905006031
3 0.050811232475603804 0.6806115128902988 0.07243492198083883 0.07391553482570909
5 0.5 0.5 1 1