5 0.5 0.5 1 1
3 0.555177649512511 0.6745592692552764 0.09579588479802066 0.07140338001272681
3 0.5879924980214429 0.7546189392505038 0.09317098997087019 0.08855451734563573
3 0.4483222442605193 0.7234427592695939 0.10447220282385157 0.10118178668045381
3 0.42861749802144294 0.7564734352721392 0.1283021594086268 0.16862382535009016
3 0.3875809725529069 0.6905671719446389 0.05435253087881229 0.04280566534054522
3 0.24852683274032134 0.7187387199634108 0.12322220282385157 0.10139996268299925
3 0.19893366119099354 0.6248165446371832 0.09933006175762475 0.08550224267981754
3 0.11084863948338117 0.5922591306492736 0.0997392387172289 0.09956474267981755
3 0.16470472835889466 0.43231141864259204 0.10727895407749281 0.09028064934754472
3 0.2902934132360576 0.3301029339592746 0.13069973370266402 0.14366018801718106
3 0.6085098673135504 0.23736780458309478 0.18694973370266404 0.144314716024817
3 0.6244123489711504 0.388693947247004 0.11187552586424747 0.08721019334818117
3 0.8388061549227874 0.562701969883869 0.13710284639736087 0.09531359468490823
3 0.8106320276466141 0.6989212805538234 0.12790970282385175 0.10145450668363551
3 0.7255476369760987 0.5632388665659137 0.09244356426490725 0.06355451734563573
3 0.6246898306287503 0.5402019032463676 0.08177884890464338 0.07280224801081765