5 0.5 0.5 1 1
4 0.396875 0.7109375 0.19453125 0.1734375
4 0.4984375 0.5390625 0.17890625 0.15078125
4 0.70703125 0.68984375 0.18984375 0.16953125
4 0.71484375 0.46484375 0.1765625 0.13828125
4 0.4140625 0.371875 0.14375 0.1515625
4 0.23671875 0.4765625 0.178125 0.1328125
4 0.16484375 0.6328125 0.20078125 0.165625
4 0.07734375 0.5140625 0.14921875 0.140625
4 0.08515625 0.32734375 0.1640625 0.109375
4 0.22890625 0.35078125 0.17109375 0.121875
4 0.91953125 0.46484375 0.1609375 0.1546875
4 0.925 0.29140625 0.15 0.1109375
4 0.7734375 0.30703125 0.1625 0.09140625
4 0.58125 0.32890625 0.16171875 0.1296875
4 0.478125 0.246875 0.140625 0.1109375
4 0.31640625 0.2125 0.14609375 0.10546875
4 0.15703125 0.2296875 0.1515625 0.1234375
4 0.26953125 0.0953125 0.1421875 0.078125
4 0.4046875 0.07265625 0.12734375 0.09609375
4 0.51484375 0.13515625 0.14765625 0.08359375
4 0.56796875 0.05234375 0.12578125 0.08515625
4 0.709375 0.08515625 0.13828125 0.1015625
4 0.9109375 0.66484375 0.17734375 0.16953125
4 0.68125 0.165625 0.1453125 0.10703125
4 0.80703125 0.184375 0.175 0.11484375