1 0.48671875 0.84140625 0.0640625 0.065625
1 0.1125 0.603125 0.06015625 0.046875
1 0.16875 0.5234375 0.065625 0.05234375
1 0.3265625 0.6421875 0.04453125 0.06484375
1 0.70078125 0.54921875 0.04921875 0.0546875
1 0.75390625 0.528125 0.03828125 0.03125
1 0.72109375 0.53671875 0.03984375 0.03046875
1 0.8359375 0.42578125 0.05234375 0.04765625
1 0.9359375 0.58203125 0.04921875 0.0484375
1 0.23515625 0.3765625 0.03671875 0.03359375
1 0.26953125 0.35703125 0.02890625 0.02421875
1 0.1484375 0.309375 0.04765625 0.03984375
1 0.13125 0.27578125 0.0359375 0.040625
1 0.38125 0.3 0.040625 0.03203125
1 0.39609375 0.16796875 0.04140625 0.0421875
1 0.52109375 0.0984375 0.04296875 0.04453125
1 0.59609375 0.17265625 0.04296875 0.03984375
1 0.6515625 0.16796875 0.040625 0.03984375
1 0.725 0.271875 0.040625 0.04140625
1 0.790625 0.31328125 0.0359375 0.04375
3 0.29453125 0.78203125 0.1109375 0.10234375
3 0.41328125 0.640625 0.134375 0.1359375
3 0.45390625 0.68671875 0.071875 0.0875
3 0.82734375 0.8046875 0.0453125 0.11640625
3 0.97890625 0.675 0.0421875 0.090625
3 0.06015625 0.47109375 0.08828125 0.08515625
3 0.38359375 0.4421875 0.08359375 0.0515625
3 0.29296875 0.1734375 0.071875 0.059375
3 0.26640625 0.19765625 0.0734375 0.0421875
3 0.57890625 0.23203125 0.08671875 0.08359375
5 0.5 0.5171875 1 0.965625