1 0.47394657485928404 0.8385586819303213 0.0752954065339754 0.07427384134309065
1 0.07833878412212775 0.6315579879853643 0.06966183664159915 0.05390679734245403
1 0.13315902481650282 0.5442483446451373 0.07620293507002258 0.06022952267663584
1 0.2999398023190928 0.6516233979551384 0.05639985731976358 0.07093066534054522
1 0.6833602320124319 0.5167638559039135 0.057525709677128486 0.061573846674090583
1 0.7369411503332315 0.4895922812301411 0.04386131596343468 0.036428396005727136
1 0.7027652034763847 0.5024831799013681 0.04535104135632899 0.0348840773392725
1 0.8171809220448532 0.3762195772199598 0.06028683664159935 0.053797709341181485
1 0.9264916478520322 0.5272088178708241 0.057234611248705033 0.055323846674090585
1 0.19516037283064153 0.3865807479710468 0.04237159057054054 0.03797271467218159
1 0.22980935463367644 0.3635335992998197 0.03412244292790545 0.02850680800445442
1 0.10268608250776996 0.3267523093173189 0.05523546360606986 0.04593066534054513
1 0.08312059925699296 0.29418525732018247 0.042735463606069855 0.04578521467218159
1 0.3423864373463342 0.29351090595163865 0.04698631596343468 0.036464758672817864
1 0.3519156027716496 0.1559745432845477 0.04905823821317572 0.04742044000636332
1 0.47842890694826 0.07173480860123028 0.050766287427387445 0.05056362133990879
1 0.5587477996284964 0.14107460725654897 0.04891268899896399 0.04429544000636332
1 0.6162520845746846 0.13025473858214026 0.047350188998963996 0.04427725867281791
1 0.6967507597199096 0.22926385590391352 0.04749573821317572 0.04740225867281787
1 0.7653166691493691 0.2659456958943685 0.04288101282028158 0.048910214672181596
3 0.2736041265546952 0.7979444146244565 0.13038532092583344 0.11707950668363551
3 0.3902565872652809 0.6404217212762753 0.1586216368892682 0.15332608935390812
3 0.43353139826631687 0.6836444626034575 0.08732452564056317 0.09783861067790856
3 0.824768520268389 0.7665445852164599 0.06356169396136266 0.12411020934118148
3 0.9605519706398923 0.6173883751989607 0.024751751033457482 0.0955488573360908
3 0.033978931969650676 0.5002630819939549 0.06795786393930135 0.09634883601209036
3 0.3504257615819365 0.4394319332829569 0.09346320967712848 0.06199201734563573
3 0.24650035670059106 0.1728176926320925 0.08281680810555185 0.0681147480108177
3 0.21944555107623853 0.20046143463559235 0.08045378742738744 0.05090906667727228
3 0.5441180653442622 0.2037109672581398 0.1013142510334573 0.09643974267981754
5 0.5 0.5 1 1