6 0.22211427858625932 0.38550690564770324 0.10728042093374794 0.12790970282385156
6 0.4787073708772782 0.197991499933493 0.11216534200867016 0.10465405925034235
6 0.5301458574407499 0.491960460279192 0.07613683674699842 0.10204588479802065
6 0.6237986049510883 0.34571960926297757 0.07025085779368574 0.10811402837152997
6 0.46865170449933047 0.815400308788124 0.08560284200867016 0.10388116943775678
6 0.4796431414298555 0.722908931907662 0.06897678413027997 0.08623902837152997
6 0.5343614625330126 0.6714661038527012 0.07072129465362345 0.08940949247815269
6 0.48759287834626297 0.6451476447606435 0.06309080517696727 0.09230717194503928
6 0.404378559944529 0.6224482791629528 0.05207771046687384 0.06390938730530316
6 0.4075875889543113 0.5570278676427548 0.050515210466873836 0.06386392319868044
6 0.7071648417969086 0.344245688967291 0.07853379465362345 0.089636813011266
5 0.4525591837349917 0.5 0.9051183674699834 1