6 0.820519937760619 0.48762662592650424 0.1074572431755744 0.13129284946188058
6 0.6551837663394474 0.7931038763407889 0.11261562406898662 0.10814644789030421
6 0.4919732526905964 0.5318281203449329 0.07518839867609231 0.10796235731976367
6 0.46136529983789354 0.718309275845451 0.06915672249741008 0.11235875889134021
6 0.42190061703967324 0.18720051695411077 0.08612589867609248 0.10847177956950457
6 0.4487477533097689 0.28318725909622794 0.06650260339082212 0.08884848428423427
6 0.41702041025802894 0.3592210661683225 0.07140842721213972 0.09375430810555185
6 0.47085388565092307 0.3632942901134745 0.06061647642635144 0.0963698858558109
6 0.557065367453958 0.3446042562007438 0.05134848428423418 0.06475601282028158
6 0.5798628585626179 0.40986753721799046 0.04978598428423435 0.06468323821317572
6 0.3850724735353765 0.7593837320079226 0.07758565260503385 0.09248290653397521
5 0.5571808757261256 0.5037478922659517 0.8856382485477488 0.9925042154680966