1 0.8535414244477492 0.4223042365531871 0.08287084980971962 0.07905224801081764
1 0.7285758469183321 0.8466149879058225 0.06380251482874755 0.07102157200827222
1 0.6365183395039583 0.8125132552514582 0.07030718281352524 0.07734429734245438
1 0.7064130509492145 0.6288007792409588 0.07741934585538672 0.06024770401018138
1 0.5104387287826427 0.28873140459900315 0.06817167984777565 0.06326361600890866
1 0.47571621889681104 0.24223821260345746 0.04084517589344294 0.044204533338636144
1 0.4925508918245045 0.271743899268003 0.0425350098858317 0.047347714672181594
1 0.35314354053191016 0.1881694252864567 0.060359179847775654 0.0631727093411815
1 0.4765425953610952 0.05151321526895751 0.06185801285158128 0.0616283906747269
1 0.47596550007436206 0.7854615012730937 0.04403384288963732 0.04580339600572696
1 0.4474439106447658 0.756873424610139 0.03265067391627667 0.03473862667090906
1 0.43475952132890033 0.8867700099459116 0.053854511862998146 0.05684998400699968
1 0.40843444326801065 0.9120881832829568 0.0503475098858317 0.047438621339908595
1 0.35999830737500516 0.6633148759548202 0.0425350098858317 0.047347714672181594
1 0.22866739433314348 0.6820386986394104 0.053599843878220546 0.05059998400699968
1 0.12674545558811925 0.5784875319860007 0.0568521778706093 0.053761346674090583
1 0.17692718631074733 0.4864540259786828 0.05210101087441492 0.052144302673454136
1 0.15601250844013803 0.4335472019812281 0.052037343878220545 0.050581802673454135
1 0.23562707117798856 0.33491825063654684 0.052037343878220545 0.050581802673454225
1 0.25763472235685214 0.26118984929981975 0.05340884288963732 0.045912484006999675
3 0.8508169669568257 0.6239940058880051 0.13203786167271758 0.13584768801718106
3 0.6803187831547174 0.5446894085773677 0.1723100346004111 0.1659897213558171
3 0.7141871057783996 0.4934899879058225 0.10525518577927465 0.0918067866804538
3 0.7216123562355102 0.10024851790264085 0.1279286818249421 0.07332950668363561
3 0.5527894189733608 0.00801030529918339 0.09932883794672147 0.01602061059836678
3 0.6163570312147322 0.9315541565881855 0.10908052273741298 0.10903064934754454
3 0.4967515494663397 0.6242058279360483 0.0741325197716634 0.09456816000954511
3 0.2639602485914873 0.7808938219685014 0.07843801779449713 0.08524770401018138
3 0.29444358604391724 0.800079626631138 0.06268568380210837 0.08194089067472703
3 0.23870960330694174 0.48729836330363774 0.10739068874502422 0.10588746801399936
5 0.5 0.5 1 1