5 0.5 0.5 1 1
6 0.53359375 0.72421875 0.13125 0.09609375
6 0.1484375 0.73984375 0.12265625 0.13125
6 0.1859375 0.5953125 0.0765625 0.084375
6 0.7484375 0.6375 0.07109375 0.08828125
6 0.79453125 0.4328125 0.1046875 0.09921875
6 0.759375 0.06484375 0.1046875 0.103125
6 0.11875 0.17265625 0.12265625 0.0859375
6 0.49609375 0.2125 0.0859375 0.10625
6 0.5453125 0.2921875 0.06640625 0.1
3 0.5453125 0.5703125 0.1078125 0.1125
3 0.0421875 0.56484375 0.08359375 0.1171875
3 0.134375 0.56875 0.0921875 0.090625
3 0.8859375 0.684375 0.0984375 0.10078125
3 0.38046875 0.87421875 0.08828125 0.08125
3 0.26171875 0.8625 0.053125 0.05625
3 0.32421875 0.0765625 0.08125 0.09296875
3 0.6578125 0.115625 0.09609375 0.07578125
3 0.76796875 0.19140625 0.1328125 0.0765625
3 0.71015625 0.3625 0.1 0.11953125
3 0.39765625 0.4328125 0.06796875 0.059375
3 0.22578125 0.22578125 0.06171875 0.0953125