5 0.5 0.5 1 1
6 0.7758631617877159 0.5298633217498938 0.10959823320977691 0.14550089867609248
6 0.8002878199472347 0.9346244996881591 0.14526291469812272 0.13075100062368178
6 0.6456895999843015 0.8896106951997078 0.0935168762235353 0.08703342721213972
6 0.68034229754508 0.29610044375196576 0.09798612141421188 0.0810017510334573
6 0.46208088166583094 0.23289616066780452 0.11017858656782167 0.11744867328319834
6 0.07251987386128264 0.24517125889134017 0.11486608656782163 0.11766699710451585
6 0.19789942992870121 0.9319328583532208 0.09677085099579186 0.1355437018192454
6 0.23317715398316757 0.5350065084770554 0.11728175843752045 0.09750004631872766
6 0.31734133365741474 0.48822786186787753 0.1103224303072194 0.07689644789030403
3 0.6120362747644073 0.5066333753073315 0.12440477767481414 0.12279114474715094
3 0.6140353506172737 0.9956379474760194 0.1261458377489479 0.008724105047961218
3 0.6186657977147161 0.9421706149682496 0.10187501324684387 0.10302230024766885
3 0.7276116232283105 0.15322589309001197 0.11152283175849824 0.11127144789030412
3 0.9386508823836213 0.7020209197640324 0.09239088584218251 0.09946065260503385
3 0.9281995104212551 0.8271108109965267 0.06295635698624195 0.06065070967712849
3 0.09176844790005054 0.7070355581055519 0.10311013103285878 0.09372007485477489
3 0.12787455117327712 0.3561665709258334 0.08646826805616734 0.1085445541766104
3 0.2058680872007938 0.244362237798891 0.08934029691210785 0.14611732878371625
3 0.38860123084752435 0.3176114549196175 0.13188989546082902 0.11378001778268025
3 0.4689732994439966 0.6536260376322753 0.06662699400955016 0.07642125889134022
3 0.25253731150971415 0.8213806561196906 0.10390873920022684 0.07191784946188058