6 0.6779260626536658 0.2783340046853605 0.07729455417661057 0.084949313011266
6 0.6633606025622527 0.3687233239648327 0.09262845574818712 0.0791539540774929
6 0.72326860359571 0.4624218481797275 0.08492296360606985 0.047722097651002215
6 0.45239533146980343 0.5086365847853853 0.105162688998964 0.046750631037097
6 0.3966140583104396 0.4531511144105565 0.081725188998964 0.04606866943775678
6 0.3713336143490769 0.33028191574334004 0.10000430810555186 0.07000627461060623
6 0.26464912075921776 0.3576376891003051 0.1022945541766104 0.08567673871722885
6 0.36604260855810866 0.5526115568095669 0.09666098428423435 0.06522784639736087
6 0.4854882754311662 0.6312784629194885 0.10142125889134021 0.06692673871722903
6 0.4056959216260593 0.6985318105704905 0.07638271753501122 0.03186977711788863
6 0.34904350723420113 0.6579355543022845 0.06580909057054055 0.03936402837152997
6 0.33310813812761325 0.6349299633151999 0.06664384449948199 0.023784492478152685
6 0.1637865957378271 0.5099934624572701 0.148369033498446 0.06985316191590929
6 0.07807603577024838 0.6517383447480082 0.06907963978475229 0.042579956584775404
6 0.24751524048497808 0.6280327571261359 0.05665241439185813 0.04377874373179384
6 0.12807818982302432 0.683922707442705 0.09898546360606986 0.04813127461060631
6 0.028844361453592787 0.4513351794668866 0.01751713978475229 0.041079641066226816
6 0.30261161703516404 0.7695921198208329 0.08448631596343467 0.038347097651002214
6 0.31567238916107054 0.7308789608079174 0.06475601282028158 0.05025606426490725
6 0.1619716544625515 0.8237520855768082 0.11802656203449331 0.0549268438900782
6 0.1040842258026697 0.7902325434152246 0.08419521753501132 0.032097097651002035
6 0.16912272084027097 0.7085446227238267 0.11482878742738745 0.05327341567683312
5 0.5025834985522579 0.5233379307870348 0.994833002895484 0.8814491384259304