6 0.27852478292387645 0.3296822743169442 0.08972774122451135 0.07859908510611113
6 0.37217549452321663 0.3509559026417011 0.08397784639736088 0.095641114741389
6 0.4729052687381115 0.2931050754193746 0.05102895407749273 0.0901898953265973
6 0.5125661284633075 0.5814402235957635 0.04849498746358769 0.11042966014423605
6 0.4524386221951014 0.6375642434473955 0.047767561757624935 0.08542966014423606
6 0.32164326326132814 0.6562441211065623 0.07326766693047429 0.10319904160312507
6 0.34605589304478385 0.7698156586256247 0.08898359514371963 0.10668771751493064
6 0.5559417069139797 0.675025916225069 0.07005173871722885 0.10000130642076392
6 0.6431114348106559 0.5541665959365967 0.07023359514371955 0.10625130642076393
6 0.7113506209414601 0.6424829071070133 0.033568669437756785 0.08041485182361115
6 0.6661123287798766 0.69982393484243 0.04101745658477522 0.06809668977951393
6 0.641544237792792 0.715249566301319 0.02543792069139794 0.06929551386770835
6 0.503440147201419 0.8857647008943399 0.0732054824490227 0.15472517401194458
6 0.6504264589590438 0.9667756987101385 0.041716138558944495 0.03844555737069442
6 0.631635691870285 0.8046030070307634 0.045477636051661816 0.06039329255305574
6 0.6846506947732788 0.9339261779085758 0.051392666930474284 0.10268989532659738
6 0.7826609827782272 0.7557446668906591 0.04160848997087019 0.08840918977951392
6 0.7423171276053777 0.7394845404657633 0.051954956584775405 0.06835126291777786
6 0.8355312331739386 0.9069610215640619 0.05671666442319179 0.12467399810013902
6 0.7969604781593735 0.951638395139166 0.03302310015828454 0.061664851823611144
6 0.7131561280010891 0.8926101936761451 0.055017772103323634 0.11995013050895835
5 0.5304008346523713 0.4992362805852083 0.9286423871722891 0.9984725611704166