5 0.51328125 0.5003864449062928 0.9734375 0.9992271101874144
4 0.9046875 0.2646049677345324 0.1515625 0.18409751834240007
4 0.87265625 0.43476670354876734 0.1484375 0.19025659012915472
4 0.81015625 0.4852918892838602 0.165625 0.1845066953020041
4 0.88828125 0.6219400946149942 0.1515625 0.1981600183424
4 0.76328125 0.2417404660851797 0.1625 0.20472826708875883
4 0.6296875 0.3183220349689405 0.1375 0.19150084138279588
4 0.66875 0.11789613763450753 0.1546875 0.1732509465556454
4 0.5609375 0.030384114277542524 0.08125 0.03048913354437942
4 0.24453125 0.12039638268644959 0.1140625 0.16425637978345575
4 0.33359375 0.17845658676394244 0.05 0.07801735141192583
4 0.4265625 0.23194295110799196 0.0734375 0.120886813011266
4 0.5125 0.2750684769722394 0.125 0.1317621285298145
4 0.28671875 0.052873913565261985 0.065625 0.0534719924781526
4 0.24453125 0.12039638268644959 0.1140625 0.16425637978345575
4 0.33359375 0.17845658676394244 0.05 0.07801735141192583
4 0.1796875 0.2161658722616083 0.0703125 0.09892088479802066
4 0.2859375 0.35675743151195066 0.075 0.10843227711788872
4 0.175 0.43477947994174027 0.0734375 0.10213681301126609
4 0.14140625 0.33380200164935264 0.0625 0.09244356426490725
4 0.3421875 0.5544878893503672 0.0765625 0.11785274122451135
4 0.23984375 0.5679162403665815 0.1 0.16540970282385156
4 0.1703125 0.4276118376218722 0.065625 0.08628449247815269
4 0.203125 0.6699728338609485 0.1046875 0.17804609514371955
4 0.1546875 0.5341884465556455 0.0859375 0.10718802586424747
4 0.2890625 0.7521608597251961 0.071875 0.1130288489046432
4 0.359375 0.7010817445232167 0.0609375 0.12208560015828454
4 0.3765625 0.8281443496960662 0.078125 0.11946070533113406
4 0.3765625 0.9391600972220372 0.0953125 0.12167980555592557
4 0.2875 0.8818028956185733 0.078125 0.11946070533113406
4 0.225 0.804203081353666 0.078125 0.12258570533113407
4 0.43359375 0.9227725395877939 0.0796875 0.1288811694377568
4 0.446875 0.7942527344940868 0.121875 0.22385870031656907
4 0.4859375 0.9086705871596539 0.03125 0.04934678213245362
4 0.47421875 0.9844217787672414 0.0828125 0.031156442465517388
4 0.61015625 0.8435349836361571 0.2234375 0.20962636724704353
4 0.559375 0.9346293730862847 0.1171875 0.13074125382743063
4 0.53125 0.6709265462517116 0.1234375 0.1801541644231918
4 0.63359375 0.6614044452354972 0.1484375 0.16994409012915473
4 0.71640625 0.7302202928864994 0.125 0.1411371285298145
4 0.77890625 0.9125390759101363 0.15625 0.1749218481797275
4 0.6671875 0.9466538315515219 0.1296875 0.10669233689695616
4 0.60859375 0.8380207695295343 0.228125 0.22070025956691133
4 0.85 0.7677012240027385 0.1609375 0.1765578029821361