5 0.5015470894484214 0.4640625 0.9969058211031572 0.928125
0 0.7311854416980866 0.38699062172432425 0.07144933674699842 0.10382222099021768
0 0.6395193993929503 0.6031987216255021 0.06559417889684287 0.056765210466874015
0 0.2710200283744978 0.5886019554875508 0.07128273677523325 0.07422572625188942
0 0.5418022362105359 0.6347588057416645 0.08930469468185845 0.0628177893919517
0 0.616462060015116 0.5034185295038925 0.07421031570031093 0.09775423151356151
0 0.7436315047675617 0.4795498480468009 0.09517526308359248 0.08340330517696729
0 0.5897035969879934 0.36701059264395475 0.09250528939195171 0.09103379465362353
0 0.5178964864222974 0.41273959257336756 0.0964647472985769 0.07880681043863902
0 0.4867514441877482 0.5509522241151638 0.08002069994353037 0.06383425782192056
0 0.43040419169808664 0.40450913459615523 0.0582367052052021 0.06412268415851478
0 0.3798952284592024 0.49289607138550584 0.03839464206513998 0.044280621018452496
0 0.42613319162749946 0.4792284135353503 0.08387374203690498 0.0765162683452644
0 0.4105228731551783 0.5342267266754126 0.09186825256024882 0.08009629465362345