5 0.5 0.5421875 1 0.915625
4 0.70625 0.92734375 0.1625 0.13671875
4 0.5421875 0.8734375 0.1703125 0.12578125
4 0.49765625 0.80546875 0.16015625 0.1453125
4 0.35625 0.865625 0.17734375 0.1296875
4 0.74140625 0.78828125 0.18125 0.1390625
4 0.67890625 0.64765625 0.17265625 0.11640625
4 0.871875 0.71015625 0.15 0.1359375
4 0.97890625 0.615625 0.0421875 0.078125
4 0.90859375 0.2921875 0.1484375 0.096875
4 0.84375 0.37265625 0.0703125 0.0421875
4 0.78203125 0.4578125 0.1109375 0.06015625
4 0.7328125 0.5375 0.11328125 0.11015625
4 0.97421875 0.3421875 0.0515625 0.059375
4 0.90859375 0.2921875 0.1484375 0.096875
4 0.84375 0.37265625 0.0703125 0.0421875
4 0.8203125 0.21640625 0.08984375 0.05859375
4 0.67265625 0.3046875 0.1 0.0625
4 0.60625 0.18515625 0.09140625 0.0625
4 0.7078125 0.16484375 0.08359375 0.05234375
4 0.4734375 0.33671875 0.1078125 0.06328125
4 0.46953125 0.23359375 0.15 0.0796875
4 0.6140625 0.18203125 0.0765625 0.05546875
4 0.37265625 0.184375 0.1640625 0.08359375
4 0.5109375 0.15390625 0.09609375 0.07421875
4 0.284375 0.26015625 0.10390625 0.05859375
4 0.328125 0.3359375 0.11328125 0.046875
4 0.2015625 0.33671875 0.10859375 0.06484375
4 0.0875 0.3234375 0.1171875 0.0796875
4 0.15703125 0.24296875 0.1078125 0.06484375
4 0.2390625 0.190625 0.1109375 0.06484375
4 0.10390625 0.38203125 0.1171875 0.06484375
4 0.22890625 0.4109375 0.20703125 0.09453125
4 0.1125 0.43515625 0.0453125 0.0265625
4 0.02421875 0.41328125 0.0484375 0.07734375
4 0.16484375 0.56484375 0.17734375 0.2
4 0.078125 0.50390625 0.12109375 0.1015625
4 0.34140625 0.50859375 0.1640625 0.10390625
4 0.34140625 0.61015625 0.1484375 0.1296875
4 0.26640625 0.68359375 0.12265625 0.109375
4 0.08125 0.72265625 0.15390625 0.13671875
4 0.0515625 0.6078125 0.103125 0.115625
4 0.17109375 0.56484375 0.18984375 0.203125
4 0.21796875 0.81015625 0.15390625 0.140625