5 0.5 0.5 1 1
4 0.09306517085514177 0.7636235011811264 0.1500114569792891 0.18481648801910033
4 0.13758496387585267 0.5822718082600352 0.14705009821299111 0.1940823606144388
4 0.2085735738599666 0.528980627952816 0.1671989569792891 0.18541668874473985
4 0.13562917735125882 0.38065474455770437 0.15033873944669315 0.20356648801910052
4 0.24130780194257406 0.7920609813108606 0.15976828652459388 0.20701887023308566
4 0.39003958238138325 0.7141666158870983 0.13616714529089186 0.1968254146981227
4 0.3325794585975516 0.9155133502780017 0.15412621266133186 0.152167679126093
4 0.7882118498312536 0.9089830310485573 0.11133869480442442 0.11631945916315978
4 0.6984402378185448 0.871468162081416 0.04980117694751698 0.07981647477225665
4 0.6020231594910561 0.8115152979235983 0.07246710957707699 0.12589286660488846
4 0.5128418827056949 0.7630356471052916 0.12567393019392786 0.13243553248413759
4 0.7882118498312536 0.9089830310485573 0.11133869480442442 0.11631945916315978
4 0.6984402378185448 0.871468162081416 0.04980117694751698 0.07981647477225665
4 0.8658771538090132 0.8351338140808491 0.06734323295387128 0.1007291754978958
4 0.7615600263750288 0.6808679547323546 0.07381142126547431 0.1134474303072194
4 0.8875673729664623 0.5998585129923899 0.07364778003177222 0.1040724303072194
4 0.915257770692986 0.7083332119039307 0.06098413879807012 0.09426092068857254
4 0.7164036647693571 0.46747014284412225 0.07548301542127547 0.11975199400955035
4 0.8279860470746053 0.4557563381274661 0.09664099512873606 0.16889882213985138
4 0.892404877430689 0.6082885718853973 0.06397277110331814 0.08655754809323427
4 0.875322922887032 0.34622508150404413 0.1000387305182393 0.1846329495445131
4 0.9154275458567895 0.4941343026481036 0.08622960064862326 0.10919643992586607
4 0.7893251473194868 0.2562027714299104 0.06761596834337488 0.11635417549789598
4 0.7089615373353727 0.3098213339511149 0.05686938311602709 0.12690972958157998
4 0.7003114659077428 0.1725395887604383 0.07712733603812652 0.12449405771188107
4 0.7082994695611908 0.057600401957024 0.0944784772718286 0.115200803914048
4 0.7993978023529065 0.11670376181126355 0.07707278896022576 0.12136905771188111
4 0.8610813705341254 0.20210305927152555 0.07718188311602744 0.12761905771188112
4 0.6461403887980701 0.06967997278852198 0.07729097727182861 0.1338690577118811
4 0.6219643234562249 0.20732630572814653 0.11491943668674978 0.23199902286549073
4 0.5885324403401977 0.08341757977476363 0.030560253246410873 0.05103671034428627
4 0.6073312589284537 0.007338751729280522 0.08653751785690744 0.014677503458561045
4 0.45054724512873606 0.14999249928220978 0.22695578652459378 0.20936510943331238
4 0.5121375357138149 0.060043372236443196 0.11640802434972919 0.12008674447288639
4 0.5218297301112024 0.3374627282308176 0.12191373051823931 0.18539684137714502
4 0.4125229139585782 0.3451884373939775 0.14976599512873606 0.17075398801910052
4 0.327551850241586 0.26920134546867824 0.12586484496658024 0.14337303248413757
4 0.27571879464226867 0.07976561175315608 0.157496674511885 0.15953122350631216
4 0.39777502678536125 0.04537448162734657 0.13146028003177204 0.09074896325469314
4 0.45143758928453737 0.15621521743104436 0.23342397483619665 0.2220833642426358
4 0.18765750730360065 0.22640126497612445 0.16240236282348777 0.17900299763774727