5 0.5265625 0.5125 0.7953125 0.69375
0 0.2875 0.51796875 0.04453125 0.09140625
0 0.4375 0.34140625 0.05390625 0.03984375
0 0.78046875 0.46328125 0.0546875 0.059375
0 0.5390625 0.33984375 0.07734375 0.040625
0 0.4296875 0.4421875 0.05 0.08359375
0 0.303125 0.42734375 0.0765625 0.06015625
0 0.4140625 0.57890625 0.071875 0.06953125
0 0.496875 0.55625 0.08125 0.0546875
0 0.565625 0.434375 0.0671875 0.04296875
0 0.5765625 0.590625 0.04375 0.05078125
0 0.64921875 0.52109375 0.028125 0.0359375
0 0.60234375 0.52109375 0.06796875 0.05546875
0 0.6328125 0.4734375 0.07421875 0.0578125