5 0.5195456218658969 0.5040132507855669 0.9609087562682062 0.9102871611930444
0 0.2946391794003796 0.4585199853656688 0.06867109514371963 0.10506929508134384
0 0.4863001790046682 0.30503539530117674 0.06721624373179384 0.05506929508134402
0 0.8250684769722394 0.5077866488172182 0.07244931301126592 0.07384656615858276
0 0.5939451944440745 0.325506455704223 0.09396060015828453 0.06147383118569749
0 0.45885479209507646 0.4091189073032293 0.07322220282385157 0.10040906615858276
0 0.3278942971096414 0.36612340710683766 0.09611413354437941 0.08179542154477701
0 0.4160715616911178 0.5500166180756179 0.09477895407749273 0.08959883118569749
0 0.5073186873179384 0.5440160820694603 0.10066524122451134 0.07713519262201593
0 0.6040452716411053 0.4309342990883646 0.08146060015828453 0.0614011083130606
0 0.5846684489964209 0.5974814496540988 0.05963106426490725 0.06283634328594587
0 0.6760004911580044 0.5406905732888615 0.03872753087881229 0.04240566861791084
0 0.6256595103583342 0.5292627147794093 0.08651181301126591 0.07392837939029935
0 0.6673779974262105 0.48604397990471976 0.09289820533113406 0.07865224082661779