5 0.5 0.5 1 1
6 0.44029763006484257 0.26569056683869674 0.15218754631872766 0.118336126022532
6 0.8279388711735024 0.19026204018302645 0.14761136228216215 0.15409176959604132
6 0.8146855080627706 0.3424155735691213 0.09201202564056317 0.09942098997087019
6 0.23783406368712315 0.38658104301951335 0.08895980024766903 0.10089256175762476
6 0.2259291848606256 0.6012800405122308 0.12406254631872757 0.11751777210332381
6 0.3244074960665494 0.9520181749145401 0.12246150496239876 0.08314277210332363
6 0.9433284886252059 0.7615256232525522 0.11334302274958823 0.10703491316955063
6 0.5667297750168814 0.7799001678549111 0.10553087014004525 0.12165970282385175
6 0.5030803438758003 0.7066505359598843 0.08641699710451575 0.1133016335443795
3 0.4547155026860872 0.4240797283588947 0.12940501778268027 0.1317166644231918
3 0.9565325980141386 0.3513550013866552 0.08693480397172273 0.1325062746106062
3 0.8719179652586998 0.3618726157307047 0.1095633986760923 0.10773359514371963
3 0.09032120884855892 0.360363186988734 0.11944782092583343 0.11894387978345566
3 0.5697560359796454 0.08903347545590078 0.1044392510334573 0.09822220282385159
3 0.6922667367654336 0.0823395430860203 0.06392125889134022 0.06583560015828456
3 0.7651566205498208 0.89147285068701 0.1001883986760923 0.1074608105039836
3 0.41913564515692664 0.9031056503039337 0.11352315260503384 0.0922449874635877
3 0.29434966087269226 0.8441518506205028 0.14967897642635145 0.0979781619159091
3 0.32333503184130696 0.6602482120615586 0.12337334160399785 0.1362223079967011
3 0.6283606720403441 0.5410673368969564 0.07983735731976367 0.07254024122451135
3 0.8387288995001528 0.7242649671426304 0.07987589867609231 0.10686977711788863