6 0.3328125 0.69921875 0.07109375 0.08125
6 0.353125 0.61015625 0.0875 0.07578125
6 0.29921875 0.5140625 0.0828125 0.04453125
6 0.571875 0.48046875 0.10234375 0.0421875
6 0.62421875 0.53828125 0.0796875 0.0421875
6 0.64140625 0.66171875 0.09453125 0.06484375
6 0.75 0.63984375 0.09765625 0.08046875
6 0.6609375 0.440625 0.0921875 0.0609375
6 0.546875 0.35625 0.096875 0.06171875
6 0.63125 0.29296875 0.075 0.028125
6 0.68515625 0.3359375 0.06328125 0.0359375
6 0.69921875 0.359375 0.065625 0.0203125
6 0.86015625 0.4921875 0.14375 0.0625
6 0.9546875 0.3546875 0.0671875 0.0390625
6 0.784375 0.3703125 0.05546875 0.03984375
6 0.90703125 0.3203125 0.09609375 0.04375
6 0.99140625 0.55703125 0.0171875 0.040625
6 0.73828125 0.2265625 0.0828125 0.03515625
6 0.72265625 0.26484375 0.0609375 0.04609375
6 0.88203125 0.17890625 0.1140625 0.04921875
6 0.9375 0.215625 0.08203125 0.028125
6 0.86796875 0.29375 0.1109375 0.0484375
5 0.51640625 0.46171875 0.96640625 0.8359375