4 0.3375 0.62578125 0.13828125 0.08125
4 0.53671875 0.609375 0.15234375 0.08203125
4 0.06015625 0.49765625 0.10625 0.0546875
4 0.5375 0.5328125 0.1359375 0.05390625
4 0.38125 0.52578125 0.128125 0.0671875
4 0.4015625 0.4390625 0.090625 0.04765625
4 0.4953125 0.41640625 0.09296875 0.03671875
4 0.5125 0.3609375 0.0765625 0.04453125
4 0.70703125 0.47421875 0.11328125 0.06015625
4 0.73203125 0.37890625 0.10703125 0.05078125
4 0.58359375 0.471875 0.115625 0.05546875
4 0.24140625 0.51171875 0.08984375 0.04921875
4 0.16953125 0.5328125 0.08984375 0.05078125
4 0.1078125 0.4609375 0.071875 0.040625
5 0.49765625 0.54609375 0.9953125 0.5421875