5 0.3828125 0.5 0.765625 1
0 0.41554319708406784 0.5376016266868715 0.21526423111680745 0.14944447241000383
0 0.44362941203121614 0.1802429944728864 0.19599633197589003 0.25794645317271014
0 0.5442900740624322 0.3724627216073956 0.1514407485296619 0.18152779691210785
0 0.2519675344870248 0.14716514356191251 0.12249023292582972 0.19455358656782162
0 0.11693968000989756 0.3577529578972155 0.12702060266810494 0.16195934137714502
0 0.2507038483726918 0.37959569764559653 0.14699226594251655 0.21568454210278443
0 0.1465851571699761 0.5360763653389442 0.15925989258219664 0.152167679126093
0 0.2877889320460625 0.7284399362128511 0.17347952283992144 0.18541668874473985
0 0.4084112912728881 0.8224850581752172 0.09521068068726617 0.0906646947351895
0 0.4320269329505736 0.6992286074495778 0.14454229534115867 0.13917660580511537
0 0.5331899632537269 0.747943871244576 0.14297979534115868 0.13912204210278425
0 0.5801578957500154 0.6106149968351391 0.1334277329258297 0.19493553248413775