3 0.5413991004162245 0.6631377849063314 0.08321247579950324 0.07019549756436802
3 0.7410541876520462 0.584660408690163 0.10998405405833438 0.10659664772652384
3 0.7518644226249316 0.6063444939175107 0.11964085518980241 0.15519778896022576
3 0.4068933319712643 0.4194168327950109 0.12567268657189173 0.11780688311602727
3 0.5938858345053472 0.10055991842939564 0.11319995764913067 0.12227619480442446
3 0.46290347921734865 0.19111850893174903 0.06778746369925485 0.1042977621748646
3 0.48364777127363057 0.11654520292539461 0.08026928298109545 0.10139095048646736
3 0.4049455334720749 0.2171276298729116 0.058276108313060605 0.08069662094116259
3 0.31872116628021974 0.40220778774570515 0.061528373340175156 0.10262616801906325
3 0.2865581060735653 0.4254231452941871 0.08329428903121974 0.08425799756436803
2 0.842862648228043 0.406338765427866 0.08660109621281223 0.1155625446422686
2 0.8098087328315859 0.582679122976348 0.06147383118569749 0.09325116801906326
2 0.6057984645830176 0.46984570657884267 0.08639201795398091 0.0796250446422686
2 0.5432257417103805 0.4834366481368562 0.05356133723582168 0.07592730032431164
2 0.5988177324388027 0.3270133242735943 0.08958974082661797 0.09217959172016936
2 0.557357461165172 0.20274970982525345 0.08172269867214013 0.08266822402541774
2 0.40765692213395227 0.28816683279501093 0.08641019867214013 0.08275004464226869
2 0.4463729467272325 0.6155827207823021 0.06612496974937905 0.08708298863591431
2 0.4959456998504905 0.6881474675358913 0.04892837939029935 0.08522047970746058
2 0.5442781398402279 0.8396321010589555 0.07089428298109546 0.10122730925276535
2 0.581537766205465 0.7460224228936225 0.10965680113146803 0.05034664772652384
2 0.3364565494811481 0.8448219817393507 0.08497496369925477 0.10459777110331814
2 0.32662248634762747 0.9238918729730529 0.05820338544042354 0.06819662094116268
2 0.39382868794663384 0.7852327475676633 0.07698974687674207 0.07477390340856652
2 0.3988979830279778 0.7195259269508123 0.07863406010845857 0.08886367694751698
2 0.3977672750842596 0.6453344504897626 0.06446247579950315 0.06986821509696384
2 0.300601904474559 0.5626640466741589 0.06917724687674198 0.07463753571381489
2 0.2642422236582039 0.5015862248394918 0.06131929508134393 0.06668866801906326
2 0.13408709104645067 0.4499573153418453 0.05029089149054777 0.05087275324641087
2 0.1393144256499937 0.625629471186044 0.05188975292686626 0.057150026785361165
2 0.24510237997947454 0.3003782808458463 0.033148843285945875 0.05838524431795715
5 0.5 0.5 1 1