3 0.9741586332151752 0.4929597863984393 0.02231292069139812 0.06969606989237605
3 0.9566338155850556 0.3712859935943684 0.06463681301126627 0.07634848428423435
3 0.8091450501456492 0.39922055666231904 0.1476144490629281 0.1395077638537389
3 0.7084523798499627 0.32042993073130555 0.06334709765100204 0.08565070967712848
3 0.6358499541439999 0.348777562658175 0.09887542069139812 0.07326202564056317
3 0.5109097901165194 0.3257296685301966 0.10902331050398359 0.10026117328319835
3 0.5475018226446844 0.1406804263880794 0.0976766335443795 0.0856892510334573
3 0.896220467471835 0.1416028016999203 0.08884720282385175 0.10400260339082217
3 0.7805332829903835 0.09549839723285958 0.14720527210332363 0.1254452638537389
3 0.6023604703748289 0.025744746899628097 0.06551735141192587 0.05148949379925619
3 0.5273604703748289 0.028490795494667272 0.04773881802583091 0.03187073821317572
4 0.8345505639357029 0.5181867264308606 0.14260870031656908 0.12835194003242129
4 0.6784656999873647 0.46616196174855223 0.1284098079967011 0.1230094685684687
4 0.5013816774218226 0.27780159077993755 0.14063702335696499 0.11421666542531543
4 0.5553945421615835 0.04511548511280382 0.1610859156768331 0.09023097022560764
4 0.8188803806413855 0.031752844294594226 0.14348923871722902 0.06350568858918845
4 0.8395576273426804 0.29247825103796654 0.1426541644231918 0.1299144400324213
5 0.6371934937983008 0.4063312750213906 0.7256130124033984 0.8126625500427812