4 0.4063088021242063 0.30573399979511223 0.10597251834239999 0.15629284946188077
4 0.40050038598515486 0.5094048093484062 0.1095521594086268 0.1720633986760925
4 0.5674662963182187 0.047802760443780706 0.07363137978345584 0.09560552088756141
4 0.47896636678482507 0.5174848289931132 0.07762019780928675 0.1471704065339754
4 0.5025449561225569 0.3599248860652079 0.0899838054894186 0.14306510339082212
4 0.5886559523616332 0.3887711699779386 0.06380173871722886 0.10127570967712848
4 0.6000684769722394 0.48524590963885644 0.052864238717228854 0.10076628742738744
4 0.6539436347315137 0.5085528229972572 0.05870506175762493 0.0869948858558109
4 0.517765756993122 0.6948264249403373 0.08015416442319179 0.12700345574818694
4 0.6110671276053777 0.7288139731210916 0.06898934389007856 0.1186815334984459
4 0.5336826105166188 0.5696979923515141 0.07546666442319179 0.12678513192686935
4 0.5328736506331383 0.21926134470887898 0.06531877461060631 0.09978598428423435
4 0.5189498914619382 0.1440259042621729 0.06844377461060631 0.099931533498446
4 0.5994580938900784 0.0878614873891154 0.05222774122451135 0.07889128742738742
5 0.4692360141192579 0.497416501447742 0.7165970282385159 0.994833002895484