5 0.5015625 0.646875 0.96953125 0.6734375
0 0.57421875 0.5671875 0.1140625 0.184375
0 0.24453125 0.5234375 0.2203125 0.14765625
0 0.43671875 0.4390625 0.153125 0.1171875
0 0.18828125 0.69921875 0.16796875 0.08671875
0 0.3671875 0.83359375 0.13828125 0.0953125
0 0.40546875 0.71171875 0.1875 0.10703125
0 0.53828125 0.81484375 0.12421875 0.1296875
0 0.7359375 0.69453125 0.1546875 0.13671875
0 0.83984375 0.58671875 0.07421875 0.0765625
0 0.72734375 0.559375 0.1140625 0.1171875
0 0.78671875 0.46796875 0.11328125 0.115625
0 0.6640625 0.4171875 0.16796875 0.09765625