3 0.32421875 0.55546875 0.0609375 0.0765625
3 0.4140625 0.74296875 0.09453125 0.0984375
3 0.39375 0.7546875 0.140625 0.103125
3 0.5515625 0.403125 0.10390625 0.1125
3 0.8734375 0.55546875 0.11015625 0.10078125
3 0.77734375 0.4375 0.09609375 0.0578125
3 0.85 0.45 0.090625 0.0703125
3 0.74765625 0.3828125 0.07265625 0.05
3 0.5625 0.315625 0.09296875 0.05234375
3 0.5375 0.28671875 0.07421875 0.075
2 0.59375 0.82578125 0.1046875 0.07421875
2 0.4203125 0.809375 0.084375 0.05234375
2 0.51640625 0.60078125 0.0703125 0.07734375
2 0.49921875 0.54140625 0.06953125 0.04609375
2 0.65390625 0.58125 0.08125 0.08046875
2 0.771875 0.53046875 0.0734375 0.07421875
2 0.67890625 0.3921875 0.0734375 0.078125
2 0.3640625 0.45859375 0.078125 0.05859375
2 0.296875 0.5140625 0.078125 0.04140625
2 0.153125 0.575 0.09296875 0.0609375
2 0.246875 0.60234375 0.0375 0.10390625
2 0.13359375 0.3734375 0.09453125 0.07421875
2 0.05625 0.37109375 0.06015625 0.0515625
2 0.19609375 0.4234375 0.06484375 0.06875
2 0.259375 0.42265625 0.0796875 0.06953125
2 0.33203125 0.41484375 0.0625 0.0578125
2 0.40546875 0.31328125 0.0671875 0.0609375
2 0.46171875 0.271875 0.059375 0.05546875
2 0.503125 0.140625 0.0453125 0.04453125
2 0.33359375 0.16171875 0.05078125 0.04609375
2 0.65625 0.23515625 0.05546875 0.0265625
5 0.5 0.5125 1 0.975