3 0.009109085209527228 0.41024829528527035 0.018218170419054457 0.06544521753501123
3 0.1304515735750844 0.44831983767505645 0.13615235870696812 0.12642556699689197
3 0.1914925498490882 0.5638763711735024 0.05637201680591399 0.08216183664159918
3 0.2663652158566994 0.5704945523145837 0.09454317885919253 0.062106201819245574
3 0.3689052840317574 0.6472818382942289 0.10187551779449713 0.08895980024766903
3 0.2695061674161239 0.8007642491714305 0.09042868182494201 0.07595037799792799
3 0.06548048958269562 0.9296746914801635 0.13096097916539123 0.08122438296032683
3 0.05715067783342827 0.7394306811410811 0.11430135566685654 0.1093836162111037
3 0.17772323262543238 0.8825899838699496 0.06265650889724857 0.04502570967712849
3 0.24695339369012767 0.9124273411897132 0.046331171939110224 0.027110463606069855
4 0.15101076578014977 0.32795383374611503 0.13408052273741303 0.11385279238978611
4 0.27155407604654236 0.44315080231458365 0.1183918557412186 0.11156254631872749
4 0.35996402414592565 0.6938293525622526 0.13513368676785786 0.10142556699689216
4 0.21817447768251647 0.9079560109582548 0.15008752471457934 0.12395553846084476
4 0.021311336920957262 0.8110852032669875 0.042622673841914524 0.10967040653397504
4 0.06496382507654969 0.5321276033908221 0.12992765015309937 0.1152697431755744
5 0.29110781965793275 0.56484375 0.5822156393158655 0.8703125