4 0.3999080379384414 0.28535547849293985 0.11235891066226814 0.15813187418757346
4 0.38963944233250325 0.4965793506519184 0.11593855172849495 0.1738114212654743
4 0.5691962808788124 0.03713309983949186 0.06959709765100204 0.07426619967898372
4 0.4704946372387961 0.5084560133959759 0.08248955423577745 0.15136367694751698
4 0.4985788701500372 0.34538326907801875 0.09637019780928675 0.14535913879807003
4 0.587124544602359 0.3797934508967997 0.06701766693047428 0.10268071509696401
4 0.5979149435861445 0.482000833202048 0.05608016693047428 0.10248980032431163
4 0.65259408339873 0.5076223961082613 0.06192098997087001 0.08853639448011279
4 0.5079361159268952 0.6938344058474939 0.08337009263643722 0.12795345048646745
4 0.6044534147523961 0.7335769699715232 0.07376777210332364 0.11997730925276535
4 0.5276228271305239 0.5645190527632389 0.08033602084968265 0.1310239034085665
4 0.5319416364473734 0.20254120414321058 0.0701426669304741 0.10273526217486459
4 0.5194894490629279 0.12381223214638779 0.07014266693047429 0.10273526217486459
4 0.6039039014910681 0.0699684375041191 0.0570516335443795 0.0822045738632619
5 0.4582985141192579 0.49927725121781596 0.7509720282385158 0.9985545024356319