3 0.03359375 0.340625 0.06640625 0.05703125
3 0.0421875 0.459375 0.07265625 0.0578125
3 0.1921875 0.4734375 0.1125 0.0984375
3 0.26640625 0.57109375 0.040625 0.06953125
3 0.33671875 0.56484375 0.08125 0.04453125
3 0.44296875 0.61953125 0.084375 0.06875
3 0.37421875 0.7765625 0.07734375 0.0578125
3 0.1875 0.95234375 0.15390625 0.0890625
3 0.0171875 0.90078125 0.034375 0.1015625
3 0.05859375 0.68359375 0.07265625 0.08046875
3 0.1578125 0.75625 0.11640625 0.08359375
3 0.30234375 0.8671875 0.05234375 0.03359375
3 0.36953125 0.884375 0.04140625 0.01875
4 0.19296875 0.359375 0.11171875 0.0875
4 0.321875 0.446875 0.09765625 0.08671875
4 0.4421875 0.6640625 0.1140625 0.075
4 0.34296875 0.88359375 0.1265625 0.09453125
4 0.10390625 0.83203125 0.11171875 0.08671875
4 0.14375 0.56171875 0.10859375 0.08984375
5 0.2859375 0.59765625 0.571875 0.8046875