5 0.40078125 0.5 0.8015625 1
0 0.4378430484962966 0.552423718853492 0.21700094655564542 0.16706421558737147
0 0.4268650622198432 0.2059960398860619 0.2027686134861197 0.26762565770898117
0 0.5465912258516121 0.37996561895231395 0.15522837226160835 0.18842400512049756
0 0.2361407738191834 0.19370668444086342 0.1274216210079671 0.19772341041040425
0 0.12609686942512147 0.4106960343420414 0.1312907670887588 0.16987142619541978
0 0.258477460412206 0.4178043370999342 0.15466608260730733 0.22270799985882556
0 0.17500206769662655 0.5794313528143625 0.1622679824490228 0.1623165314288567
0 0.33303221338170685 0.7503900529696544 0.17733069279472174 0.1975105787839034
0 0.46258566957077074 0.827856358358383 0.09799488229073816 0.09773882096198286
0 0.47157788783402854 0.7064440899425316 0.14627926959604132 0.14890647881213823
0 0.5766003569552162 0.7424432321488459 0.1462338054894186 0.14734397881213823
0 0.6071182342313894 0.6049586427004245 0.14001254922121245 0.20157645250377917