3 0.583864178662757 0.6593451627143881 0.08515873920022692 0.0700793762235353
3 0.7803001798438832 0.5727007906672041 0.11141370435383653 0.10688989546082901
3 0.7927828216765153 0.5941665628997226 0.12097224282842393 0.15716271397248321
3 0.43467267739681253 0.41894339592416524 0.12742065027015242 0.11837303248413758
3 0.6039558684189871 0.09232878830495136 0.11513890507947586 0.12418652286549074
3 0.47821431315417673 0.18745529374724695 0.06922620435383635 0.10541667549789593
3 0.493591287293461 0.11260906117044214 0.08156251324684405 0.10116568511654282
3 0.4213021142426358 0.21525540073348864 0.058978185116542826 0.08008929328391083
3 0.34498269482000765 0.404084776957024 0.06442957694917481 0.10212798439090331
3 0.3145784322061359 0.42939480100364114 0.08564981252120454 0.0841418762235353
2 0.8732713859270003 0.3903297455691947 0.08830358656782167 0.11544643992586616
2 0.8489956161415524 0.5687374877646464 0.0625396947351895 0.09269842068857255
2 0.6372272477225653 0.4627132101746502 0.08704862141421188 0.07950893992586625
2 0.5751910391923776 0.4781770082678845 0.054181557711881115 0.07680060217691817
2 0.6228051052569612 0.3185093423886354 0.09222719473518967 0.09373513103285873
2 0.5739360409216581 0.19584565790506475 0.0840327488188736 0.0825248125212045
2 0.42847226269868977 0.28618545962649605 0.08877481252120453 0.08425100362819711
2 0.4852977038905003 0.6142906122589012 0.0686260036281972 0.08822917549789597
2 0.5401786660488851 0.6851189782308176 0.052946439925866076 0.08612103847458741
2 0.5970611270261437 0.8356621260538993 0.07229664065150558 0.10396330290255769
2 0.6297248048862922 0.7406571609002897 0.1110119110699257 0.050694459163159955
2 0.38868563183546695 0.8491963803150686 0.08641370435383652 0.10601687622353531
2 0.38365588065434064 0.9291566988267228 0.06010417549789597 0.06764385698624195
2 0.4428076474445636 0.7862945870311577 0.07750993030721923 0.07449405771188111
2 0.4444222219466677 0.7205331777753307 0.08118056733052796 0.09022818511654282
2 0.43867816423478667 0.6456423051799923 0.06651786660488845 0.07254961179556503
2 0.33734878801125123 0.5662673184268362 0.06975199400955016 0.07578373920022692
2 0.29693955362034785 0.5066666291339422 0.06322917549789597 0.06775298439090331
2 0.1615179195922642 0.4589880756832304 0.05018353847458741 0.05169147477225664
2 0.1778398679556509 0.6351959116180799 0.051964293283910834 0.05799603847458741
2 0.2648462723173366 0.30441464837123594 0.03326885698624169 0.05890377404661713
5 0.5 0.5 1 1