5 0.49921875 0.45390625 0.9984375 0.84921875
4 0.3984375 0.671875 0.13515625 0.0921875
4 0.14921875 0.5984375 0.11640625 0.0921875
4 0.43203125 0.53984375 0.10546875 0.075
4 0.78203125 0.59375 0.1296875 0.0828125
4 0.90078125 0.54921875 0.1203125 0.07578125
4 0.59296875 0.51484375 0.09765625 0.0703125
4 0.11484375 0.5046875 0.1109375 0.078125
4 0.11015625 0.44453125 0.1046875 0.05390625
4 0.1359375 0.4 0.08828125 0.0640625
4 0.18125 0.34609375 0.0875 0.06875
4 0.0625 0.2859375 0.084375 0.0578125
4 0.09140625 0.24140625 0.09296875 0.05859375
4 0.2796875 0.390625 0.08828125 0.06484375
4 0.359375 0.40234375 0.1015625 0.06171875
4 0.44765625 0.38671875 0.09140625 0.07578125
4 0.24296875 0.2125 0.078125 0.06484375
4 0.50546875 0.6359375 0.06328125 0.0859375
4 0.2953125 0.5046875 0.1015625 0.0765625
4 0.725 0.4125 0.103125 0.0765625
4 0.88125 0.42265625 0.11015625 0.084375
4 0.55859375 0.41328125 0.1203125 0.06796875
4 0.60546875 0.35390625 0.0875 0.0640625
4 0.62890625 0.3921875 0.08359375 0.06875
4 0.2703125 0.271875 0.078125 0.0640625
4 0.2796875 0.1625 0.08046875 0.05625
4 0.36015625 0.14921875 0.059375 0.0640625
4 0.4234375 0.1515625 0.06640625 0.0578125
4 0.390625 0.296875 0.0859375 0.06484375
4 0.3296875 0.33046875 0.08046875 0.04765625
4 0.3796875 0.34296875 0.09296875 0.06015625
4 0.46875 0.2140625 0.08359375 0.05234375
4 0.53671875 0.28046875 0.09375 0.0859375
4 0.5875 0.221875 0.09765625 0.0578125
4 0.6609375 0.253125 0.11796875 0.06171875
4 0.7359375 0.3125 0.09140625 0.06015625
4 0.87890625 0.2796875 0.08828125 0.05859375
4 0.76484375 0.21484375 0.08203125 0.0484375
4 0.740625 0.13828125 0.06875 0.05
4 0.6109375 0.1515625 0.06875 0.03671875
4 0.6609375 0.18671875 0.078125 0.04609375
4 0.98203125 0.28671875 0.0359375 0.0546875
4 0.98671875 0.4609375 0.0265625 0.0921875
0 0.1421875 0.52421875 0.0671875 0.05859375
0 0.23125 0.48359375 0.07109375 0.04453125
0 0.26015625 0.440625 0.05703125 0.05390625
0 0.15 0.471875 0.03046875 0.03203125
0 0.321875 0.503125 0.12578125 0.0640625
0 0.26015625 0.3203125 0.12265625 0.0625
0 0.6046875 0.4796875 0.16171875 0.078125
0 0.33359375 0.2 0.05 0.0984375
0 0.39453125 0.23671875 0.08828125 0.0625
0 0.66796875 0.3140625 0.08203125 0.09609375
0 0.77265625 0.353125 0.06875 0.05234375
0 0.50703125 0.28671875 0.0328125 0.05234375
0 0.51328125 0.32421875 0.0953125 0.05078125
0 0.6359375 0.17734375 0.12734375 0.04375
0 0.64609375 0.2359375 0.059375 0.0296875