5 0.5 0.47578125 1 0.9515625
4 0.40879693170829795 0.7409260566495777 0.17180487765916688 0.14009381275401314
4 0.2567454288585064 0.6693044414298583 0.1719139804327085 0.14478131275401332
4 0.15761955746760367 0.5699396065132921 0.16846167211208343 0.1305550384437538
4 0.41570481440145785 0.5447094759168831 0.09989351006798622 0.13476450361804454
4 0.2367641564414232 0.45498963591193436 0.14353440729444458 0.1323698439616777
4 0.3704858462209371 0.4089667277259054 0.136920731382639 0.11641729534115867
4 0.6416646363054508 0.6928283141128097 0.17529355357097245 0.15588258706427283
4 0.5736082333794092 0.5325326232487781 0.18750261284152786 0.1440376843053107
4 0.5248103235195136 0.38293209294562486 0.16497299620027786 0.1147662641334942
4 0.3494122396476733 0.3086325350528517 0.14309799620027785 0.11361984396167771
4 0.19101916460954835 0.2747975248760864 0.17718205547083343 0.10292136137453216
4 0.04742797273954856 0.17788930461341282 0.09485594547909712 0.12538950361804463
4 0.17832240890996517 0.11628234000494879 0.09883884992375007 0.08945200361804462
4 0.37914133292190966 0.04495675627580725 0.13979115824437507 0.0899135125516145
4 0.3831534196435415 0.19996354195025667 0.15218205547083344 0.1016111668924562
4 0.7423225189986107 0.4916985040723299 0.14313436379145833 0.1151823439616777
4 0.8504233468865273 0.6077595160581175 0.15403549620027804 0.11419305404758599
4 0.5669666816113887 0.11386118837764056 0.14157186379145834 0.1151004568065479
4 0.5123324265773956 0.18148910165205212 0.0788172906531944 0.10088747060135787
4 0.9647975842530899 0.45428927804390506 0.04854790919430556 0.07433161465389268
4 0.8068779411106941 0.3665889614447046 0.13662979065319442 0.10391729534115868
4 0.6464138730064233 0.321158032000634 0.13059799620027784 0.11296474672063965
4 0.9476497178961804 0.28586350463815674 0.09109908510611149 0.09216756784239592
4 0.7228887200803819 0.15328777928710052 0.11133884992375016 0.09010710085908262
4 0.5070799224933331 0.27305912596231163 0.1586502610179167 0.11131371551297517
4 0.903302265483229 0.17972636929204927 0.13314111474138884 0.08812852103089912
4 0.0200455689120311 0.40732449909548885 0.0400911378240622 0.10253850180902227