2 0.25546875 0.80234375 0.0734375 0.071875
2 0.16796875 0.63984375 0.06640625 0.059375
2 0.03125 0.5875 0.03984375 0.04296875
2 0.053125 0.43984375 0.065625 0.03828125
2 0.1140625 0.359375 0.05390625 0.05078125
2 0.240625 0.365625 0.0640625 0.04609375
2 0.59453125 0.66328125 0.06875 0.06640625
2 0.73203125 0.5640625 0.04921875 0.05234375
2 0.7390625 0.4921875 0.059375 0.04609375
2 0.9125 0.4984375 0.06015625 0.05
2 0.58203125 0.61484375 0.04375 0.0328125
2 0.2359375 0.4953125 0.053125 0.04453125
2 0.19140625 0.24765625 0.03984375 0.03046875
2 0.24453125 0.190625 0.05 0.05390625
2 0.42578125 0.1984375 0.0546875 0.05859375
2 0.46640625 0.15390625 0.046875 0.05
2 0.60625 0.2109375 0.0515625 0.05
2 0.72109375 0.184375 0.0546875 0.04609375
2 0.82265625 0.278125 0.05078125 0.05
5 0.4984375 0.5265625 0.996875 0.890625