2 0.7907099385167993 0.8569181273742462 0.0911522408266178 0.09484592721213972
2 0.6027695769822851 0.9067425372179905 0.07704428903121965 0.08637845574818712
2 0.3703934142181066 0.9688153512192091 0.05349770472226432 0.06236929756158176
2 0.2980775318027452 0.8917702388323484 0.06289088544042354 0.07009848428423453
2 0.3301264416400572 0.7620485055815712 0.0613829275949012 0.07940070967712831
2 0.711920300542293 0.47053967162605925 0.08487496974937905 0.08986732878371625
2 0.6359612676593933 0.3022027404849781 0.06598861436318479 0.06555653349844608
2 0.5608340026322786 0.2768345593438969 0.06135565651766228 0.0747132096771285
2 0.6011903161585828 0.09829433643220217 0.06448974687674217 0.07642125889134015
2 0.6580322312604523 0.4711539476809071 0.04249657220870695 0.05508991439185813
2 0.46546449882164964 0.799593509096228 0.056622704722264314 0.0666823858558109
2 0.1966917729239506 0.7831700266740205 0.03934430113146816 0.0502568651776464
2 0.14630088748352704 0.713653739246633 0.0675511143631847 0.06562930810555194
2 0.1912992492144331 0.5275193401562558 0.0738465661585828 0.07373290653397521
2 0.15272256254434552 0.47495511228216236 0.06128293364502548 0.06221320967712849
2 0.24021749648395857 0.34391062758364327 0.06288179508134402 0.06853598428423427
2 0.23401697257804935 0.21787466645877274 0.059756795081343926 0.06839043507002263
2 0.35225791246959076 0.1359055365988179 0.0628636143631847 0.06541098428423427
5 0.5 0.5 1 1