5 0.5001910009885832 0.5 0.9996179980228337 1
4 0.6449384041817942 0.321244993163055 0.16121602570316257 0.12551175911805573
4 0.8914698473754428 0.441407450325659 0.1423386917107738 0.121950348023889
4 0.5892534313678315 0.4515695792190967 0.12582235376405232 0.09971167211208343
4 0.23494132167228013 0.33469773584795115 0.1545840237259962 0.11599128875333342
4 0.10461449311709883 0.360408863507118 0.14320085475263547 0.10479921561506958
4 0.4187180968811511 0.45006489665777744 0.1194450197716634 0.0964412017473613
4 0.9121099526223698 0.5449318406182632 0.13388952174883 0.10614351006798621
4 0.9083747989720482 0.6067960609829853 0.12186968281352506 0.07932643692972227
4 0.8749057243711995 0.6490205817845479 0.10812551779449713 0.08681162860909737
4 0.8189714007589342 0.6964599326582285 0.10675401878308044 0.0914627610179167
4 0.9326611690477229 0.7806147674799992 0.10149351581733086 0.07729115824437507
4 0.8951903439525826 0.8205864572595132 0.10949701680591417 0.08216049620027803
4 0.7233604704168669 0.6337800543334716 0.1081891847906915 0.08837412860909737
4 0.6433082144853678 0.6074916176880898 0.12056185079830276 0.08554006933854179
4 0.5487132974891734 0.6081293569545135 0.11169618676785795 0.09782186379145834
4 0.7342210104544854 0.8235510691511105 0.09556185079830275 0.08495818787965277
4 0.5284194076418353 0.3403788125015968 0.08538835475263547 0.103453614741389
4 0.7254256947137043 0.5117414001731591 0.12438718775644109 0.10280030452090294
4 0.2656514466908707 0.5318266557758331 0.12594968775644108 0.10283667211208343
4 0.1045574377936221 0.49334865007624995 0.1357066897336074 0.1124298776591667
4 0.4380822036109529 0.5606569045415621 0.14138368676785795 0.098512848023889
4 0.3800269644853678 0.6136195568020135 0.10493685079830276 0.08517639342673622
4 0.36180620509382766 0.5694701665094094 0.10356535178688589 0.08982752583555573
4 0.7143276631162239 0.7575448626540966 0.09549818380210837 0.08339568787965276
4 0.6875980198460256 0.8692097144777078 0.09680601581733086 0.07718205547083343
4 0.6015331858536368 0.8680849319926385 0.07662084980971962 0.07983427678548623
4 0.5368976828878873 0.8555135032310414 0.0826161818249421 0.07372974715020816
4 0.5935403192380033 0.7103087995838189 0.10500051779449712 0.08673889342673605
4 0.6621802312912818 0.6868154417762842 0.09486151384016442 0.06777068787965276
4 0.612787726348366 0.6645053371028815 0.10949701680591381 0.08216049620027785
4 0.49953033406675085 0.7828760902370135 0.09974001482874754 0.07256729065319441
4 0.43990598326844815 0.7013728235195136 0.11845552273741297 0.11046733415618064
4 0.3786939106447658 0.7536269609623261 0.11412084980971962 0.08070709897381949
4 0.3064714007589341 0.7083885025654512 0.13631418479069152 0.08902874525034736
4 0.2377585514435061 0.6341346913950345 0.10949701680591399 0.08216049620027785
4 0.08479271893399211 0.6416049653307291 0.10793451680591397 0.08212412860909737
4 0.1931729047132668 0.7297933367216318 0.09642401384016445 0.06780705547083343
4 0.20592225551156956 0.8123876311745484 0.08392401384016442 0.06751611474138883
4 0.34240092497922187 0.82250490074184 0.08022601087441492 0.05338087955902786
4 0.2959914985914873 0.777447627090486 0.09160917984777565 0.0645729526972918
0 0.8876219471851623 0.5196961044859715 0.08586851581733086 0.07692748233256949
0 0.7885769521280782 0.5454611303215271 0.08529551285158128 0.0628649823325695
0 0.7526367935348407 0.5846152025098605 0.07148768083635879 0.06878767401194459
0 0.8709729580595772 0.5716950155801381 0.03909167490485963 0.03993532218833344
0 0.6979546107213155 0.509252833018819 0.14588018577927464 0.09393445079743082
0 0.7334795697322949 0.7093976501731591 0.14269151878308026 0.09229921561506949
0 0.40133693729933045 0.48409505775194417 0.18583402372599628 0.11671864057694456
0 0.6387175094659023 0.8210819922131245 0.07639535672980173 0.11261040919430557
0 0.5803983320895846 0.7716099754956245 0.10806185079830274 0.08524912860909736
0 0.30854855391496405 0.6442168997919095 0.10777269072219058 0.11646276101791671
0 0.2068467910633828 0.5855887418318748 0.0839876808363588 0.06907861474138902
0 0.47115598326844815 0.7006454716959024 0.04623301285158128 0.06195579255305557
0 0.4710631413673939 0.6599841041047219 0.11074118182494211 0.07438436379145834
0 0.32000200155723685 0.7909646132227776 0.14192751482874763 0.07354921561506948
0 0.3190496552075584 0.729209495631597 0.06890650889724856 0.04375130642076393