5 0.49921875 0.475 0.99765625 0.94921875
4 0.4265625 0.76015625 0.1671875 0.1296875
4 0.2734375 0.68203125 0.16796875 0.13515625
4 0.171875 0.57734375 0.165625 0.121875
4 0.42890625 0.56640625 0.096875 0.1296875
4 0.2484375 0.4671875 0.140625 0.1234375
4 0.38046875 0.428125 0.134375 0.10859375
4 0.65625 0.725 0.171875 0.1453125
4 0.58515625 0.56171875 0.184375 0.1328125
4 0.53359375 0.41015625 0.1625 0.1046875
4 0.35703125 0.32734375 0.13984375 0.10546875
4 0.1984375 0.28515625 0.1734375 0.09296875
4 0.05 0.18203125 0.09921875 0.11953125
4 0.18203125 0.1265625 0.09609375 0.0828125
4 0.38046875 0.05859375 0.1375 0.0984375
4 0.3875 0.2203125 0.14921875 0.09375
4 0.75234375 0.5296875 0.140625 0.10703125
4 0.8625 0.65078125 0.15078125 0.10625
4 0.56953125 0.14453125 0.13828125 0.10703125
4 0.51640625 0.20859375 0.07578125 0.096875
4 0.975 0.5046875 0.05 0.07265625
4 0.8140625 0.40859375 0.13515625 0.096875
4 0.653125 0.35546875 0.128125 0.1046875
4 0.95390625 0.3359375 0.0921875 0.08671875
4 0.725 0.19140625 0.10859375 0.084375
4 0.51328125 0.3 0.15546875 0.1015625
4 0.9046875 0.228125 0.1296875 0.08046875
4 0.02578125 0.4078125 0.05078125 0.09921875