2 0.8057999775829169 0.1783280138582481 0.08946384992375016 0.08845037799792803
2 0.8772243019554518 0.3572299557526962 0.07823540919430556 0.07544095574818703
2 0.9942630655388196 0.4250274237019923 0.011473868922360709 0.04945634449948209
2 0.9682925187110765 0.5781181904512153 0.06341496257784698 0.05156680810555194
2 0.8998136956665285 0.6557209596816376 0.06391833605604162 0.06384848428423417
2 0.7687448804120492 0.6360163893749767 0.07474673328249999 0.059670406533975394
2 0.4361434006449308 0.2909608703494421 0.08306837955902786 0.08190927956950453
2 0.28025838297750033 0.3811236056671337 0.060793336056041716 0.06370293507002263
2 0.2640170935585768 0.45617926364885103 0.07005923328250008 0.05945208271265763
2 0.08434712414378509 0.43169945616247174 0.07016833605604171 0.06413958271265781
2 0.4428304649494795 0.3430499092245716 0.052508057370694416 0.04302656203449331
2 0.7890729513661116 0.5013310202683888 0.06377286569131932 0.057598484284234176
2 0.8045940742756257 0.7649568726257537 0.04774782218833344 0.03968323821317572
2 0.7424947709889937 0.818685494213541 0.06239220364722229 0.06533820967712849
2 0.5549577501874312 0.792225809762691 0.06726154160312507 0.07336903349844608
2 0.5074658075581258 0.8351068225829724 0.05763196846486114 0.061994885855811074
2 0.3681292442035076 0.762604738008288 0.06075696846486114 0.06214043507002263
2 0.24572756734177145 0.7792550446660977 0.06380923328249999 0.05916098428423435
2 0.1509216007767714 0.6710487464853433 0.06075696846486114 0.06214043507002245
5 0.5 0.4984375 1 0.996875