5 0.49140625 0.5 0.9828125 1
4 0.6094326379480993 0.6362094245085897 0.13006371551297527 0.1583773360381265
4 0.46515925825620136 0.8674985604672859 0.1259560696514182 0.13957278896022557
4 0.48783095488598394 0.5691837913925626 0.10646908525525056 0.12518300649282174
4 0.6407567175491401 0.23248045251176697 0.12036116689245624 0.15196369480442443
4 0.6303658514249095 0.1024929435833132 0.11197545680654794 0.1408898271096728
4 0.5083116304848674 0.40220084293469005 0.09816526232447184 0.11567163879807012
4 0.36216041101516333 0.8782121436660388 0.11148413387576941 0.1315148271096728
4 0.3017142339459419 0.8677734756469754 0.08582903663473136 0.11857845048646709
4 0.26375388851392617 0.8311405004037418 0.08986143939369332 0.1061602711033185
4 0.22303371325372695 0.7725643413131322 0.0961114393936934 0.10626936525911965
4 0.1292250802824687 0.8764921363624382 0.08328389077317437 0.09980117694751697
4 0.0937722591607125 0.83677507142763 0.08681832654882311 0.10766822402541756
4 0.2957109746736877 0.6839069902574721 0.09134205223856365 0.1046250446422686
4 0.33015125169748066 0.6086575742670037 0.09051653663473136 0.11866027110331849
4 0.33975198100526577 0.5149893948838548 0.10260710085908258 0.11106595941492117
4 0.10841569256151207 0.6767279155834313 0.0892882293077851 0.09522277110331831
4 0.6038144810052658 0.5195986229664622 0.10442190637700666 0.08612050649282174
4 0.4138468210102146 0.6976985292176979 0.10638719810012062 0.12362050649282175
4 0.44466628957540744 0.24391501014297443 0.10638719810012062 0.12362050649282175
4 0.4996890615108178 0.08926446631148463 0.11773413387576923 0.13162392126547412
4 0.39762311397652395 0.41043430843869116 0.1040810696514182 0.13919095941492116
4 0.35233826944901947 0.34943257873123057 0.08977955223856356 0.10459777110331832
4 0.39686619742275214 0.3353524878218401 0.09430327792830413 0.10155459172016937
4 0.17473673338011494 0.6645921542193456 0.0877257293077851 0.09519549756436803
4 0.06880763794809926 0.6267727800317721 0.07999511646291486 0.0966216298696164
4 0.07865735074754097 0.5432744874180984 0.0820555834462281 0.07636367694751697
4 0.09912033695273106 0.481074496346552 0.07761374491161735 0.08096935633066593
4 0.2339213828597166 0.549894454543657 0.09126016508343389 0.1030625446422686
4 0.2498495980340075 0.6189853737805364 0.0721007293077851 0.09492276217486459
4 0.2765249626879001 0.5725331136342666 0.08838082654882307 0.10769549756436803
4 0.1741955800553261 0.451106352677218 0.07687011646291486 0.09656708279171564
4 0.25901099332973765 0.39941321347211084 0.11379026232447184 0.11594437418757356
4 0.21549336669005745 0.3345325073036006 0.08550148801421234 0.11232845048646736
4 0.2674520143606368 0.2681904870110612 0.09602290818602892 0.13436709172016936
4 0.348030306988262 0.20782177718910302 0.08673643939369331 0.10610572402541765
4 0.35671366745828303 0.057054163958578194 0.08501016508343388 0.10295345048646734
4 0.2585450831075438 0.15465013839103298 0.0721007293077851 0.09492276217486464
4 0.17696753448702482 0.1594819143656153 0.07144563206674706 0.08242276217486459
4 0.15277868272343104 0.29277565543716155 0.057219357756487586 0.07905230032431163
4 0.20108338591193436 0.25139272483619657 0.06873006784239592 0.09018071509696393
0 0.3891699683421096 0.8552246570587194 0.07925813206674714 0.0825591298696164
0 0.3748385526928488 0.7556649878218401 0.0668400192218769 0.08390344155801373
0 0.3400850944159629 0.7175240596565071 0.07243492198083885 0.07151253571381488
0 0.3401935577812315 0.8348206538123085 0.04102779172311397 0.038181838473758486
0 0.41996734622498516 0.670436599834549 0.1011198439616777 0.14226141233702042
0 0.21968406320829842 0.6872717236183806 0.09947545680654794 0.14067163879807013
0 0.4773449135015541 0.38132923538620817 0.12660452283992144 0.18173301542127546
0 0.12114142186929718 0.583114283278183 0.11478619629109836 0.07537392126547413
0 0.17626933514370874 0.5309029468330193 0.08977955223856364 0.1045977711033185
0 0.32962446574011783 0.27553142856907475 0.1226739393936934 0.10673301542127547
0 0.39946333220303265 0.18135078043551392 0.07144563206674714 0.08242276217486463
0 0.2573732502271426 0.43066321347211084 0.06174972749876275 0.046348894480112965
0 0.2970532259168831 0.4344836887153445 0.07908771370395282 0.10909435633066593
0 0.18505227216255293 0.27378987621616835 0.07908106965141819 0.13875458279171565
0 0.24578505427472855 0.2787597942352316 0.04727114767057934 0.06795115909060953