5 0.5 0.5 1 1
4 0.5509766992788193 0.2557143272261917 0.18306968597979179 0.15472952283992142
4 0.7111498266536456 0.330595897782121 0.1863401563445141 0.16114329715018094
4 0.820613786000451 0.43332582937389824 0.18132534802388917 0.14683513568479167
4 0.5612199489944787 0.4541485051999243 0.11417421561506949 0.14487648801421232
4 0.7498810990707288 0.5485137381257541 0.15788784802388883 0.14560682835784533
4 0.6190116523573607 0.5924983542499846 0.14967530452090294 0.12800989258219672
4 0.3191987159963192 0.2998859718445533 0.19124586189159737 0.1707639586155702
4 0.40222615549149265 0.4630244589542545 0.20192878875333342 0.1603996687014785
4 0.46435986673815927 0.616463719469704 0.17780030452090295 0.12948386137453216
4 0.6495148103173953 0.6934367345077094 0.15436280452090295 0.12825555404758582
4 0.8136857598805548 0.7309820793738983 0.18539459897381932 0.12051829715018095
4 0.9482406382053119 0.8311159554477514 0.07020601006798621 0.13320864767057933
4 0.8396637655801381 0.8919129353213634 0.10527068787965277 0.09759205223856356
4 0.6431141142696173 0.954148547319523 0.15105596656499998 0.09170290536095393
4 0.6250577113435757 0.8032278143358929 0.16188436379145835 0.11616498982323478
4 0.23549194396048573 0.5020006705105008 0.15596167211208342 0.12989994120271575
4 0.11469109432107608 0.3822503352552504 0.16533667211208342 0.13039126413349428
4 0.44553190587274233 0.8876836222286661 0.15283667211208343 0.12973616689245623
4 0.4956059474758674 0.8199096240376884 0.08837412860909737 0.10919129353213641
4 0.020016986797881737 0.5349448880596409 0.040033973595763474 0.07926477611928177
4 0.18092911768808975 0.628204644391219 0.147858231382639 0.11699050542706697
4 0.34720742790857584 0.6760290699901024 0.1433525693385418 0.1245573439616777
4 0.047831555852083055 0.7071407926276253 0.09566311170416611 0.10047139077317446
4 0.2846132428787146 0.8448333016727367 0.11780705547083344 0.09980964947960161
4 0.4922828853555202 0.7274355189947344 0.16991506933854178 0.1259494255988834
4 0.09916670535965211 0.8139949802122963 0.14120818787965286 0.09947545680654812
4 0.9692662254956245 0.5999035769990491 0.03833776101791671 0.10500840456798421