3 0.21042405680956686 0.3347159196435415 0.10424488229073817 0.09455139342673621
3 0.2461031440357277 0.31592889884197894 0.09638691818411545 0.09280705547083343
3 0.560208478821113 0.7364530722852425 0.06321070533113407 0.07954333605604162
3 0.41322216706348824 0.824192074469444 0.06169366943775678 0.08106946846486096
3 0.5974790905913732 0.15316779359989532 0.08875627461060631 0.09887521751493064
3 0.7817354524946472 0.501765028497916 0.0935801669304741 0.10367182028847229
3 0.6760918915949523 0.751712436742291 0.11167694906292773 0.13532186379145833
3 0.3032166812492533 0.7947429234432637 0.06536423871722893 0.09989220364722229
4 0.14930939740093999 0.5032126529260414 0.11210284639736087 0.096295731382639
4 0.1754961611909935 0.622834168693611 0.14462584138279594 0.14077308320625015
4 0.28664660985821 0.6397651359242011 0.12390416442319178 0.12623780452090294
4 0.3647452146353481 0.7730120873872219 0.12537573620994652 0.12314917211208343
4 0.3853629061764286 0.5742290952710066 0.12073370031656908 0.12460256933854179
4 0.2996563898790926 0.43413273176388867 0.12850073620994645 0.12322190729444457
4 0.42111620124100596 0.49922844206062467 0.12872805674305993 0.13103440729444457
4 0.45570884692608626 0.6787698184855204 0.1237223079967011 0.11998780452090294
4 0.5413879341522472 0.6588190347661801 0.113938131037097 0.1057070989738195
4 0.5494481382297399 0.5696292481970481 0.12073370031656908 0.12460256933854161
4 0.5547564491959419 0.789668991263194 0.08554034639736088 0.0956774823325695
4 0.6251658890876698 0.7310375672512495 0.09790395407749272 0.0912809230620141
4 0.6859933919906636 0.5992414001731591 0.09040970282385175 0.10203658510611113
5 0.465625 0.5 0.93125 1