4 0.490625 0.6609375 0.103125 0.078125
4 0.384375 0.6125 0.12265625 0.08515625
4 0.2984375 0.55390625 0.09296875 0.08125
4 0.4796875 0.5375 0.07421875 0.0796875
4 0.3390625 0.46640625 0.10546875 0.08828125
4 0.134375 0.44140625 0.10546875 0.0828125
4 0.10546875 0.31796875 0.1203125 0.08046875
4 0.1203125 0.2359375 0.11875 0.0921875
4 0.26875 0.325 0.1109375 0.0765625
4 0.4 0.340625 0.096875 0.078125
4 0.43125 0.4265625 0.08828125 0.07890625
4 0.40703125 0.25078125 0.10703125 0.08828125
4 0.371875 0.0953125 0.1125 0.0921875
4 0.54296875 0.1625 0.10546875 0.084375
4 0.90234375 0.45546875 0.1140625 0.07421875
4 0.7015625 0.48203125 0.10390625 0.06328125
4 0.5828125 0.5171875 0.11015625 0.071875
4 0.6390625 0.6265625 0.11640625 0.0875
4 0.79296875 0.56640625 0.10703125 0.06328125
4 0.54140625 0.4015625 0.103125 0.07578125
4 0.4953125 0.31015625 0.08984375 0.07421875
4 0.64609375 0.28203125 0.0953125 0.06875
4 0.6296875 0.365625 0.09296875 0.0484375
4 0.74140625 0.38203125 0.0921875 0.08671875
4 0.86328125 0.30859375 0.09296875 0.05625
4 0.80859375 0.22734375 0.10625 0.08515625
4 0.675 0.1953125 0.090625 0.0875
4 0.50703125 0.221875 0.071875 0.07421875
4 0.234375 0.18203125 0.08359375 0.053125
5 0.5 0.3890625 1 0.778125