4 0.33230657062014635 0.48449063487736144 0.08940914772652384 0.11141158510611113
4 0.39111060065191844 0.38425555195545175 0.09754893019392785 0.1303434230620139
4 0.45892143790786094 0.3053324245806254 0.09080800649282175 0.1020729526972917
4 0.4557440706201463 0.48736367458062535 0.08735572402541755 0.08325021751493047
4 0.5416697082004004 0.35571559070878517 0.09886596834337488 0.11631729065319459
4 0.5881703814944694 0.1543719494662505 0.09415119480442442 0.11464568787965286
4 0.7134840271923983 0.13931260676069504 0.09439665665497757 0.12870818787965285
4 0.7935709476470935 0.1630605377064937 0.10377165665497756 0.12892639342673623
4 0.6895538291415629 0.30132164427975755 0.08798301542127547 0.11918771751493065
4 0.6599600121781599 0.42959146143409777 0.08773755357072233 0.10512521751493065
4 0.5712560223244296 0.4517554425323963 0.08757391233702042 0.09575021751493065
4 0.7487634135581317 0.4465081641313895 0.09886596834337488 0.11631729065319459
4 0.9069441063339614 0.4290875408406258 0.10366256249917641 0.12267639342673622
4 0.8228303847441756 0.5912589260992368 0.09571369480442442 0.11468205547083343
4 0.49358362094775315 0.9165433347248616 0.08647506249917622 0.12227634992375017
4 0.4877405442418222 0.7139813791777782 0.07375687418757337 0.10948540919430556
4 0.4656354935104735 0.5923239315144796 0.08326824188232518 0.11751611474138883
4 0.3507684241114385 0.635762847358299 0.09902960957707689 0.1256922906531944
4 0.394875159907979 0.7954476250937157 0.07381142126547413 0.11261040919430557
4 0.5849309642894804 0.5638378684442019 0.08628414772652385 0.11133884992375016
4 0.6809116659937636 0.5277750415062158 0.08450345941492117 0.0988024823325695
4 0.6930826091766302 0.6812455336224312 0.07833528003177222 0.10334451196784719
4 0.6114740990303605 0.6551174850854519 0.05794095941492117 0.09818423328249999
4 0.5829888145343617 0.7646554860353824 0.09705800649282174 0.10221842306201409
4 0.6440336343404338 0.894253373478195 0.06578073295387128 0.09992857123840296
4 0.7300217272784192 0.8485791571975353 0.09571369480442442 0.11468205547083343
4 0.7760490677807725 0.7191286997505909 0.09703073295387128 0.1006559230620141
4 0.7672894967568844 0.5493246928167368 0.08261367694751698 0.08001611474138884
4 0.8352481586868677 0.2828288302595493 0.06249209172016919 0.09048083605604171
5 0.5803349675358912 0.5020729526972917 0.8393300649282176 0.9958540946054166