3 0.7892946927514052 0.5877950591435184 0.10739542401336308 0.10338617328319835
3 0.753593550087496 0.6097813751069531 0.09952838001272682 0.09833480024766886
3 0.4016186860279987 0.18765608788445345 0.0650079293443632 0.08423375889134013
3 0.5497738280155902 0.08929986290584405 0.06504429201145392 0.08735875889134015
3 0.3977264527768586 0.7936342601341944 0.09022610534690845 0.10414815260503385
3 0.18568679272754265 0.4400320328792735 0.09654883068109026 0.11068925103345731
3 0.2803249413589988 0.1761086199351574 0.1156806386855446 0.1443750463187276
3 0.6657715453532719 0.1159457919800106 0.06993178668045381 0.10476458271265772
4 0.8435174740610881 0.4109564232877075 0.11678860534690863 0.10538532092583353
4 0.8092595580442252 0.2882659400369305 0.15012836401972648 0.15222608767505647
4 0.69185388204168 0.2749740355698698 0.1264908693507266 0.1339469685684686
4 0.6019635840229081 0.14080455087135074 0.12959768801718105 0.1325300177826803
4 0.5942072700509067 0.34752758581753884 0.1264908693507266 0.13394696856846852
4 0.6904384747374058 0.48921847208763447 0.13272268801718107 0.13267556699689198
4 0.561522586728179 0.4272172398703148 0.13125109468490823 0.14041529238978612
4 0.5140374173694984 0.24260895347638461 0.12799882535009016 0.12933224317557449
4 0.42676468403881634 0.2662155814743127 0.11687951201463562 0.11319782092583344
4 0.42316806405154306 0.36018390529563027 0.12492836935072642 0.13387419396136266
4 0.40408006735359 0.13047928867024172 0.08864542401336309 0.10251287799792799
4 0.3344857300286351 0.1954728959900053 0.10109088001272663 0.09840757485477489
4 0.2790453467138615 0.33484791914936907 0.0934056493475448 0.10898120181924557
5 0.51640625 0.49923586662538855 0.9671875 0.9984717332507771