3 0.29140625 0.71796875 0.0734375 0.084375
3 0.28125 0.68125 0.071875 0.0765625
3 0.75625 0.46640625 0.06640625 0.0453125
3 0.8046875 0.62109375 0.06953125 0.04375
3 0.21015625 0.31953125 0.0796875 0.065625
3 0.58671875 0.21328125 0.08515625 0.07109375
3 0.7984375 0.36015625 0.11328125 0.08125
3 0.75 0.71796875 0.0875 0.04296875
4 0.4359375 0.8078125 0.071875 0.0921875
4 0.55625 0.80625 0.11015625 0.11484375
4 0.59921875 0.7046875 0.09921875 0.09609375
4 0.74375 0.65625 0.09765625 0.0984375
4 0.56015625 0.59921875 0.09921875 0.09453125
4 0.40703125 0.653125 0.096875 0.1015625
4 0.49765625 0.5515625 0.1046875 0.09921875
4 0.6765625 0.553125 0.09453125 0.0984375
4 0.678125 0.46953125 0.08125 0.090625
4 0.5953125 0.44453125 0.1 0.09375
4 0.80625 0.48125 0.0796875 0.06328125
4 0.7671875 0.40390625 0.0703125 0.078125
4 0.65625 0.321875 0.0828125 0.06796875
5 0.49140625 0.54296875 0.846875 0.77890625