4 0.5011256131569153 0.35215211388836765 0.12960859514371953 0.10763327488562516
4 0.6005740321989606 0.42244447046163136 0.15019387978345583 0.11748105357097245
4 0.6779201307078926 0.5010584733114231 0.11867109514371954 0.1073787017473613
4 0.48397991409398744 0.4852737384134024 0.09822220282385156 0.10221842306201392
4 0.6137463189502678 0.586869993163055 0.13148934389007838 0.11860714247680555
4 0.8250498803121811 0.649874566966909 0.1329154515702104 0.11395601006798621
4 0.8257365389293853 0.7872654641933673 0.1469779515702104 0.11428331838861112
4 0.7905144412783832 0.8708416836081592 0.14885870031656906 0.1252571859797918
4 0.6550663377548862 0.7498596492232286 0.135813131037097 0.10621624525034719
4 0.5204018327403214 0.709273629655937 0.12175063103709682 0.10588893692972227
4 0.5076183394042388 0.6119810555677426 0.11237563103709683 0.10567073138263901
4 0.4918927363429605 0.8036236949104161 0.13461434389007837 0.11867987765916652
4 0.4938463782671171 0.951134474545694 0.13651181301126591 0.07656511284152785
4 0.32748324386480787 0.8730309243931942 0.1329154515702104 0.11395601006798621
4 0.044234418646333915 0.4980368032866319 0.08846883729266783 0.10080139342673622
4 0.23595995124100594 0.5035380016155206 0.12602895407749282 0.09193553970326392
4 0.3691361640939874 0.4879467563651733 0.13415970282385156 0.10305487765916688
4 0.33610000673042456 0.3622388947579164 0.1439893438900784 0.11889808320625014
4 0.15943220665128227 0.39679899876572905 0.1291539540774928 0.09200827488562506
4 0.38565241119099347 0.617942727679826 0.12951766693047428 0.10450827488562506
4 0.4122483519406511 0.7235017434473955 0.1137562746106063 0.09945709897381949
4 0.24742733399396255 0.7265572743169443 0.11835284639736088 0.0964412017473613
4 0.2842801278048987 0.640600937310972 0.11146634890464338 0.07442073138263901
4 0.1698371945770884 0.6026671390583331 0.11885295157021036 0.11362870174736131
4 0.0401941248353978 0.6590106708778125 0.0803882496707956 0.08197865824437507
4 0.06479330806320809 0.7558486500762499 0.12958661612641617 0.1155548776591667
4 0.1964893081297151 0.8136221696435415 0.11572795157021036 0.11355596656499997
4 0.3791199517032243 0.8156171614754164 0.09491534639736088 0.09589568787965277
4 0.6582642309326842 0.9082715612673258 0.10213681301126591 0.07576502583555574
5 0.497863186988734 0.5617998708222218 0.995726373977468 0.8764002583555565