4 0.42112737595482025 0.308059068825257 0.2396999413589988 0.20289529977412107
4 0.6683472739497296 0.331134734850269 0.24604084802672616 0.2110718208208085
4 0.8934007232654576 0.4476264719078508 0.20194540268936265 0.17883617349399666
4 0.721406449912504 0.6020772954300824 0.18125109468490805 0.14484060509226265
4 0.73204341056655 0.6943635059675436 0.13239542401336307 0.10608194198043534
4 0.5862763772279139 0.7418894953030255 0.14823860001590833 0.1257419945971538
4 0.41841616788673247 0.8094395583019132 0.13061474801081766 0.08724093671876361
4 0.1647104598981865 0.7398984159544247 0.20143632535009015 0.13508617349399668
4 0.09287138230029698 0.5623719264071813 0.18574276460059397 0.17360264192396552
4 0.30359333593254856 0.4788559581889739 0.22389312802354439 0.18636024715740263
4 0.6221615225970941 0.4759158848079167 0.2720579080203628 0.16574391026922974
4 0.5357416699156857 0.5894694215690324 0.1876465453532717 0.15770462613895014
4 0.3476956825668682 0.7144070503388184 0.1834499413589988 0.19961911035393456
5 0.49971818933004564 0.46796875 0.9994363786600913 0.9359375