4 0.5415315742518105 0.6773290973217977 0.25903969847574826 0.21843907759274242
4 0.2934480773750684 0.6110976582214926 0.2637726502711465 0.2263879699126104
4 0.09405608967170856 0.4528090997625732 0.18387607201231526 0.18813180047485362
4 0.27380215612487896 0.32333924544765347 0.1946408551898026 0.15876254922121244
4 0.2748055990414825 0.2272000313410308 0.1412613251355732 0.11346676959604132
4 0.4285982195529872 0.2031905668386967 0.15856699980360817 0.13427937476889076
4 0.6080766412941561 0.1620246945770884 0.1395988311856975 0.09623380548941865
4 0.8572368248409855 0.27901465162408207 0.21176472267624505 0.14832515439406196
4 0.9027578822189696 0.473767210478713 0.1944842355620608 0.18385347743445787
4 0.6828418546006274 0.5224106136191338 0.24018061416679296 0.19914350831327016
4 0.3590498305965223 0.4708841836900287 0.290062439498758 0.18028585972519587
4 0.4608163427949665 0.3686875347062431 0.20250789734428026 0.16836486975432585
4 0.6673294423274283 0.2736010405787378 0.19962833703942984 0.2104614415410805
5 0.5000863584112564 0.5002952358807421 0.9998272831774873 0.9994095282385158