4 0.56484375 0.6640625 0.22890625 0.1796875
4 0.3203125 0.61875 0.23359375 0.18671875
4 0.1015625 0.4828125 0.1921875 0.15859375
4 0.27578125 0.3453125 0.1734375 0.12734375
4 0.26640625 0.253125 0.1265625 0.09296875
4 0.41171875 0.21953125 0.14140625 0.1109375
4 0.57890625 0.16796875 0.12421875 0.075
4 0.82734375 0.2609375 0.1921875 0.11640625
4 0.89765625 0.44296875 0.184375 0.153125
4 0.684375 0.50625 0.21328125 0.1625
4 0.3703125 0.4796875 0.26328125 0.13828125
4 0.4578125 0.375 0.17890625 0.1375
4 0.64609375 0.26953125 0.171875 0.18046875
5 0.5 0.503125 1 0.84453125