3 0.3203125 0.62578125 0.1328125 0.12109375
3 0.46640625 0.60625 0.128125 0.12421875
3 0.57265625 0.66796875 0.05390625 0.09609375
3 0.59453125 0.5734375 0.07578125 0.0625
3 0.5546875 0.53671875 0.06796875 0.03671875
3 0.4328125 0.45546875 0.08515625 0.05546875
3 0.60390625 0.5109375 0.05078125 0.03203125
3 0.828125 0.46796875 0.090625 0.0625
3 0.83671875 0.440625 0.06484375 0.0375
3 0.75859375 0.4515625 0.04921875 0.0734375
3 0.16328125 0.534375 0.02890625 0.03828125
3 0.17265625 0.50390625 0.0671875 0.04375
3 0.278125 0.3265625 0.05078125 0.03125
3 0.275 0.30234375 0.05703125 0.0265625
3 0.359375 0.27890625 0.05546875 0.03515625
3 0.33359375 0.31015625 0.04765625 0.034375
3 0.2828125 0.409375 0.06484375 0.02890625
3 0.290625 0.36015625 0.06328125 0.03359375
3 0.296875 0.25625 0.0328125 0.0453125
3 0.41328125 0.24921875 0.053125 0.053125
3 0.35234375 0.2453125 0.07421875 0.03671875
3 0.465625 0.25234375 0.05625 0.059375
3 0.50859375 0.2375 0.0375 0.04765625
3 0.471875 0.221875 0.0328125 0.02578125
3 0.359375 0.21484375 0.05546875 0.05234375
3 0.75703125 0.190625 0.040625 0.05390625
3 0.67734375 0.24453125 0.053125 0.03828125
3 0.6390625 0.17734375 0.05078125 0.0375
3 0.78828125 0.315625 0.0390625 0.034375
6 0.73203125 0.58671875 0.17734375 0.1890625
6 0.51328125 0.64609375 0.12109375 0.20859375
6 0.1703125 0.32578125 0.190625 0.0875
6 0.3140625 0.18671875 0.171875 0.078125
6 0.5453125 0.18515625 0.09921875 0.09296875
6 0.71640625 0.190625 0.0796875 0.08046875
6 0.78828125 0.37421875 0.1140625 0.1046875
6 0.853125 0.334375 0.06640625 0.1
6 0.646875 0.32421875 0.075 0.04140625
6 0.56640625 0.4125 0.11328125 0.0640625
6 0.41640625 0.33984375 0.11640625 0.05703125
6 0.28984375 0.52734375 0.19609375 0.12421875
6 0.36796875 0.43046875 0.19453125 0.0609375
3 0.578125 0.46640625 0.0578125 0.04609375
5 0.5 0.49453125 0.99765625 0.88671875