3 0.6734878044092556 0.6870262822237173 0.15161553262324468 0.16230300542706697
3 0.6229718567669829 0.5378174983025193 0.1530506986308559 0.15925989258219672
3 0.6649763315581119 0.42074286295641194 0.11074118182494211 0.07752521370395282
3 0.563908580075237 0.4084298914505429 0.08012785178688589 0.09151247060135788
3 0.5345685899610688 0.45366714834794786 0.05155718281352524 0.07910100180902227
3 0.4761724526223697 0.589372274987628 0.07263368676785795 0.0989155348257091
3 0.4990966635733344 0.4058128245126582 0.044543178859192525 0.06002345318850324
3 0.4095553666156335 0.17893938602347598 0.08388952174882984 0.1073012449116173
3 0.3796768656270504 0.1726960300760107 0.04980368182494192 0.07433161465389256
3 0.4071107989348671 0.2528715309805219 0.08529551285158128 0.0652775192218769
3 0.6119321749792219 0.8599857473980081 0.04677684091247105 0.03831222749876275
3 0.5796780904925415 0.8528383107178483 0.05930601581733086 0.07794793758467122
3 0.37799357368662756 0.7627511420163697 0.042980678859192524 0.05994156603337366
3 0.3533119086675995 0.7692534475342938 0.04004667984777566 0.06446529172311397
3 0.31165630786929677 0.6844347122336149 0.04785917984777566 0.06487472749876275
3 0.34848514581601825 0.7081931168015991 0.045978344866803765 0.056980340343632994
3 0.46085515323039206 0.7491633548158114 0.045179848821136306 0.07564845318850325
3 0.40851140323039203 0.7464201351189648 0.046615014828747546 0.072605340343633
3 0.3011445722037528 0.7517074214150119 0.053217841901054184 0.04332727611928178
3 0.27052463049297903 0.6316062833553711 0.06660917984777566 0.06585737336031983
3 0.2785718938388519 0.6951741383983252 0.05337435079830275 0.08543288896415202
3 0.26285936912427255 0.5774134283124169 0.0730501808363588 0.07087242198083885
3 0.23929719372512115 0.5348607581406004 0.05653384288963732 0.04817855042954129
3 0.2307326186299809 0.573390991632257 0.03277800790866543 0.03913774310259512
3 0.2464451433445603 0.6911517017181652 0.06517401384016441 0.06890048620519007
3 0.14095655832640727 0.2833591338757694 0.06453734387822055 0.05327548620519007
3 0.2118539901513493 0.3587962251239136 0.05098417984777566 0.06503850180902226
3 0.15139133402956984 0.40552073891872353 0.04923067885919248 0.06026911465389251
3 0.26144813045579796 0.23666227555345493 0.04247134288963732 0.04744156603337348
6 0.5495211334215475 0.2657920120973293 0.2320962114824372 0.22420986318355451
6 0.6543372619001792 0.484890572137809 0.24080536661563343 0.17009557326946273
6 0.3981389304164294 0.8745075135676673 0.12884387749004844 0.21568031094499068
6 0.22663932072087803 0.7407865315463488 0.11551620653952135 0.194712713703953
6 0.1779312707974277 0.5020206026681049 0.11727502471457937 0.12308337516934209
6 0.14889373372555867 0.32509293249628846 0.10075868676785786 0.10038950361804452
6 0.3220036284786316 0.23048087460351524 0.13203786167271767 0.1410078595655099
6 0.2671768656270504 0.16680015490666855 0.11593801779449713 0.09027087516934214
6 0.299336744105682 0.38209096223361483 0.05812551779449713 0.08724105042954129
6 0.405231258440138 0.45546426447217847 0.08803319368794008 0.1324650192218769
6 0.3627930435348407 0.6192910690855913 0.08340936068413445 0.13378185775648746
6 0.5793040642950874 0.7288652221832376 0.16678954646340927 0.22858310266810483
6 0.4641618839530201 0.6581255970138955 0.10234504448624282 0.215850729307785
3 0.45827800399151375 0.4371956213241549 0.060486513840164416 0.06865482473980081
5 0.5 0.5 1 1