3 0.61915068175058 0.6809828164061826 0.1402960306460784 0.15313895250377918
3 0.6006128818643106 0.5238451505929322 0.1431663626613009 0.14707096302712266
3 0.6709174060845984 0.4051791796027146 0.10717051285158127 0.067034852532014
3 0.5679024940313199 0.38935602950389253 0.07368685079830276 0.08690773677523315
3 0.5278385681378769 0.43533565841485283 0.045179848821136306 0.07589464206513981
3 0.43645753996325654 0.5739346978068045 0.0647575197716634 0.0972992052052021
3 0.5018464125103891 0.3846300031249461 0.038229511862998146 0.058343121018452494
3 0.46090171342242253 0.1461814241292812 0.07438718775644108 0.1040952367752332
3 0.43081496539958886 0.13858102673188227 0.04498884783255317 0.07120714206513994
3 0.4414076141069946 0.2229182293768356 0.08191584486680377 0.05932876834526431
3 0.5160853956672942 0.8576733899990014 0.04189833992388792 0.03361613680346807
3 0.4820923976444604 0.8503005057557822 0.051429848821136305 0.07625866311182747
3 0.2944252543742622 0.7505566529414194 0.038165844866803765 0.05678062101845249
3 0.267671753385679 0.756791242389841 0.032170512851581276 0.06266659997176519
3 0.2440525226630509 0.6669775844690984 0.041481845855386903 0.06165013154179633
3 0.2773133502296491 0.6923192187123176 0.04116351087441492 0.053837631541796147
3 0.38374242235903977 0.7391193530261241 0.03567751482874763 0.07222361049510884
3 0.3309357573400117 0.7344010319229669 0.04030134783255317 0.07093412628012441
3 0.2185949248304977 0.7370471607633401 0.051464340912470964 0.038849668373499215
3 0.21359570152224344 0.6110761949642072 0.06173067885919252 0.06127069994353036
3 0.20779668768207898 0.6768832054875509 0.04393568380210837 0.08361613680346806
3 0.21745021338524148 0.5547351897025352 0.06810801285158127 0.06475972099021768
3 0.20292213977297605 0.5095969949500896 0.053281508897248565 0.04519067363517095
3 0.18567363137001908 0.5503507975668082 0.029589340912471007 0.037575594710093266
3 0.17523885566685654 0.6725443159826596 0.06029551285158128 0.06430469468185826
3 0.159121696122217 0.24559467910860439 0.05965884288963732 0.04867969468185844
3 0.21505867832771983 0.3265114791650741 0.044543178859192525 0.06026964206513998
3 0.1414010024342769 0.37444772120197917 0.04441584486680372 0.057144642065139986
3 0.2949928705327852 0.20104947660482536 0.03921900889724857 0.04437162628012441
6 0.5864508586697872 0.2401904874105177 0.21414470752810466 0.20576269454068408
6 0.6448695592406283 0.4706067585277923 0.23210152866891215 0.1491332629424182
6 0.29046331315778 0.8669174003105835 0.10534271049385406 0.21345482622365458
6 0.14357767878483038 0.7227109159544247 0.09514003954332698 0.19259629465362363
6 0.14826381467783584 0.4738106843702762 0.10595552273741302 0.11372784200867017
6 0.15812027022877403 0.2892991764777684 0.09262785178688593 0.09268729991529537
6 0.3583059540308824 0.19658251350711548 0.11915585969555131 0.13164338410204496
6 0.3166078853615328 0.12964491346476317 0.11236734882113639 0.07980786831702943
6 0.3004722549057348 0.3534919371422865 0.04862318380210837 0.08388915258848365
6 0.3938774036131405 0.43300586091863186 0.07534219269935694 0.12753273677523325
6 0.3121923690127294 0.6014366134788807 0.06921952669174569 0.13029371572854592
6 0.5115000078343034 0.7215461741998684 0.14622237847863176 0.22207096302712265
6 0.4086243586326061 0.6449220319935541 0.07734504448624299 0.2149417315135615
3 0.45304415657888997 0.41553066360593754 0.054172846843970036 0.06706567363517095
5 0.49453125 0.49959047632247666 0.9890625 0.9991809526449533