5 0.5004999866724997 0.5159836103584794 0.9990000266550005 0.9649077792830412
4 0.5103038900381801 0.2546776181603955 0.1264545066836355 0.13155097241038013
4 0.37637378536758936 0.23277271992398935 0.12334768801718106 0.13294969810012064
4 0.42005215471831575 0.358686766735486 0.10906701201463562 0.11346271370395282
4 0.618970912714816 0.3224649044564426 0.09204314401654479 0.12662445499752567
4 0.5668640673933609 0.41274906773085424 0.06355451734563573 0.09390048620519006
4 0.7279464707192703 0.34958624717492487 0.10739542401336308 0.10400582654882315
4 0.9173736920750875 0.5053847885593546 0.12123974801081765 0.08599281094499105
4 0.8142026913987698 0.4396546472203534 0.12476473734881743 0.12053158525525039
4 0.6703163313971789 0.4354695154922906 0.12156701201463563 0.11411781094499088
4 0.7611600547421784 0.5166985040723299 0.12158519334818116 0.11568031094499105
4 0.8991969514242232 0.6228146279984765 0.11222837468172671 0.11675148801421234
4 0.7952816107574503 0.627478873814605 0.10741360534690844 0.10556832654882306
4 0.8426207821053133 0.7320944527382773 0.09302384134309065 0.07670634215265544
4 0.6385134427514052 0.5911363393275803 0.09033519334818116 0.11404256784239593
4 0.5984236974060876 0.504902268205824 0.11366360534690845 0.1058958751693421
4 0.5678645880808144 0.5659150113084191 0.11335452267663584 0.0793333751693421
4 0.4841339307367695 0.49134878053029596 0.110484061346272 0.10104460085908258
4 0.24890331337522534 0.29573746664462897 0.14182496801399935 0.1104948439616777
4 0.2775470287237246 0.4060231914298583 0.1295067813494538 0.12546474672063965
4 0.17792828938572486 0.3768480257805976 0.12169428134945379 0.12505531094499087
4 0.2479146200668151 0.4794949909548885 0.12294769867918127 0.09857469810012062
4 0.12732940006363344 0.4623628018998794 0.1420067813494538 0.1261198439616777
4 0.39217369740608754 0.5157113726829513 0.10930336935072642 0.13377521370395282
4 0.7547662461011772 0.7062113834255435 0.09803860534690827 0.10507700361804453
4 0.7617980434436313 0.7730713348050244 0.11355451734563574 0.09652087516934209
4 0.27390550274504183 0.5633410464728124 0.12140338001272663 0.10005531094499087
4 0.141056640077951 0.5671764546588414 0.1309056493475448 0.11148413387576941
4 0.48239071208622325 0.6102625548405555 0.12292951734563573 0.09701219810012063
4 0.5688191080919504 0.6479462613084191 0.11215564934754489 0.11050148801421251
4 0.6519872387809947 0.808531879241672 0.10744996801399935 0.10869332654882306
4 0.5963997627704952 0.7340541796712132 0.1105931493475449 0.11041960085908258
4 0.3380230940881323 0.6318996166900575 0.1184056493475448 0.11082903663473136
4 0.4605708034293137 0.6833249185899368 0.11991360534690862 0.10622342378986112
4 0.5012963481062679 0.7570180461341283 0.11041133601209037 0.09479460085908258
4 0.5091366674490402 0.8261808039360442 0.10114542401336309 0.10367827792830439
4 0.42502529678544915 0.8532589603130509 0.10906701201463562 0.113462713703953
4 0.4155315707749496 0.7763655896662645 0.11211928668045382 0.10737648801421251
4 0.3508872681014953 0.7297229630265843 0.11838746801399935 0.10926653663473136
4 0.18772364942708658 0.6812079771600785 0.105669292011454 0.08986143939369348
4 0.24036793877304055 0.7714744510407967 0.11210110534690845 0.10581398801421234
4 0.32407132411676737 0.8436969318189199 0.07287497334499946 0.08970430913596843