5 0.49786137635071154 0.5134308757261257 0.9957227527014231 0.9731382485477488
3 0.6618974293909531 0.4343126482663169 0.098284852532014 0.10898120181924557
3 0.5353363874387526 0.6007082437992561 0.07733531570031094 0.09709763192686935
3 0.4775414850620304 0.8706419081911143 0.09892188936371689 0.1199187018192454
3 0.4109216744116299 0.7436299520286426 0.13393392619541977 0.1324572431755744
3 0.29144509036605465 0.9221616745260526 0.0944318104386391 0.09633565260503403
3 0.4133395610739236 0.5549677123677247 0.12683405773721593 0.1710830955329392
3 0.4479391581325041 0.2284587162966662 0.1254843893637169 0.12115587014004517
3 0.31844210295553693 0.32486929756158184 0.12759292093374786 0.13060364474715094
3 0.38015387670364736 0.38900026406313587 0.08981990514873237 0.1241695541766104
3 0.16738158994253163 0.48383553680821495 0.12575740514873238 0.12584337014004526
3 0.21980936895231395 0.5468406509524041 0.09121580517696729 0.0946276033908223
3 0.26522828476556437 0.5696574127392283 0.058327710466874017 0.06504711124870503
3 0.11494204550066958 0.7955928281645438 0.1326444419804353 0.1370719685684687
3 0.22164634278512904 0.702581228702663 0.08255343671876351 0.1331806811410811
3 0.2730415137894641 0.6495439658823814 0.057841863055357656 0.11021406203449331
3 0.17333983247354684 0.9299999073625447 0.10420165258848364 0.05004284946188094
3 0.24736740862661435 0.7559223984712047 0.04804265785015547 0.048985463606069854
3 0.28308510074822396 0.771399695204217 0.1398646787556686 0.20753001778268027
0 0.6166465715972673 0.5423820134439634 0.18733194198043535 0.13961907981717375
0 0.462390253054359 0.4217891852794196 0.1537297576807463 0.23154971463952717
0 0.24589299779268706 0.43343096836358086 0.06812691567207611 0.12627570967712848
0 0.14653992697187865 0.6811471844508501 0.15809946828879456 0.14604886228216235
0 0.2205557376928664 0.8818320810600279 0.11207433674699833 0.10494867328319835
0 0.3890404271836402 0.8919047861890423 0.17269258930724707 0.18256855913900907