5 0.415625 0.5 0.83125 1
6 0.30416759927824694 0.3324556502274615 0.07512201680591399 0.08261618182494201
6 0.36413945996238145 0.20499649509426518 0.0890518656270503 0.15649935079830274
6 0.3933401872249684 0.3141778355124446 0.08149935079830276 0.08599584980971961
6 0.4690604288220115 0.357173101824067 0.0963550296574951 0.14431768577927473
6 0.6504192222824902 0.5539393083635884 0.09221135771838504 0.11919035178688589
6 0.6894936511416825 0.4976229827741565 0.08427152372599629 0.115747016805914
6 0.6953431086326061 0.6997584857399061 0.043617348821136305 0.07509284190105418
6 0.2505677554000264 0.38035463935304653 0.05659219269935693 0.12553851087441492
6 0.16288070749092348 0.20853403608328586 0.06494852076024667 0.10092051285158128
6 0.141190096806789 0.33755303262324476 0.06093218281352519 0.07891817885919253
6 0.3737506570360005 0.8525545860067361 0.1501803666156336 0.1636698636498842