5 0.47421875 0.61875 0.91875 0.76171875
6 0.2828125 0.66171875 0.0703125 0.06015625
6 0.1671875 0.60078125 0.1375 0.065625
6 0.26953125 0.578125 0.07109375 0.0671875
6 0.31328125 0.509375 0.12421875 0.07421875
6 0.5046875 0.34921875 0.1015625 0.071875
6 0.453125 0.31015625 0.0984375 0.065625
6 0.6421875 0.31328125 0.065625 0.03203125
6 0.32578125 0.71328125 0.1125 0.0375
6 0.1625 0.7875 0.08828125 0.04921875
6 0.28046875 0.81328125 0.06796875 0.0484375
6 0.76953125 0.61953125 0.1359375 0.12265625