5 0.5285569732654577 0.4991999129940277 0.9428860534690846 0.9983998259880554
4 0.28329846992363994 0.5557538118360067 0.13119655068427197 0.1327060100679862
4 0.2926451032384135 0.6922179886977429 0.13430336935072643 0.13121624525034736
4 0.403701329248913 0.6123103235195135 0.11382723734881743 0.11668096656499997
4 0.32381547660727544 0.42984462205649276 0.1261454240133631 0.10134690729444458
4 0.4235154846037756 0.4532983462209371 0.09296929734245421 0.06933318787965277
4 0.32513362328932016 0.31656337205649276 0.10443405601527207 0.1149002610179167
4 0.4317125293205006 0.08445742724298574 0.08737382535009015 0.12543771751493066
4 0.3920404073042741 0.2048796832269094 0.12180336935072651 0.13092530452090284
4 0.4208637466184113 0.3455767651988886 0.11553518801718106 0.12921733415618064
4 0.4791949619669106 0.2325305981207982 0.11551700668363551 0.12765483415618065
4 0.548300592655955 0.06612304170003426 0.11698860001590834 0.11987870174736119
4 0.5776148279758193 0.1646326236720134 0.1075590560152719 0.11497299620027786
4 0.6675409413192279 0.08834092097472165 0.07768974267981754 0.09865701196784729
4 0.5796120379535477 0.328604204694062 0.11518974267981755 0.09952983415618064
4 0.5046569439449571 0.39361291527513853 0.10761360001590833 0.11966049620027785
4 0.5709086526098208 0.40534854264996484 0.07947041868236297 0.11744337955902787
4 0.5181461845958214 0.5096736731589232 0.10130905601527207 0.11482752583555574
4 0.38280593189055045 0.7971217346136802 0.11104768268618086 0.14629573138263902
4 0.48427807256527744 0.7354010249825343 0.12654541335136288 0.13572190729444458
4 0.4783542418841872 0.841760127756076 0.12491018801718105 0.1294355397032639
4 0.5607405752307775 0.742212763014687 0.10145450668363551 0.12732752583555573
4 0.57337584054746 0.864541704694062 0.12511018268618096 0.1466230397032639
4 0.5640666645846857 0.5906138954235065 0.1341215560152719 0.11559124525034736
4 0.6641244926400467 0.1805829723614925 0.10741360534690844 0.10247299620027786
4 0.7261341439767739 0.1541464525098605 0.09665791868236298 0.11784342306201401
4 0.6378666965706863 0.6919932510468397 0.10301700668363552 0.1273638934267362
4 0.6707508272199598 0.8193181640408674 0.11093859468490823 0.136920731382639
4 0.6341439019335031 0.474951221411562 0.09832950668363552 0.1272547906531946
4 0.6501058039465479 0.37851197929534663 0.11070223734881743 0.11660823138263901
4 0.7875159919637289 0.2487854988626382 0.11064769334818117 0.111920731382639
4 0.7272501066200021 0.32672996732749937 0.11070223734881743 0.11660823138263901
4 0.6880490572485949 0.6080351719246522 0.11235564401654478 0.12445709897381967
4 0.7091439019335031 0.47320557703489524 0.10768632535009015 0.12591049620027786
4 0.7723438832750027 0.41159462338767294 0.0950590560152719 0.11468205547083343
4 0.8367336472788207 0.3819785521492701 0.10434314934754489 0.1070877610179168
4 0.8827359432686392 0.4558875244138534 0.11380905601527189 0.11511846656499998
4 0.8104882259309578 0.48959168360815913 0.10913973734881743 0.11657186379145834
4 0.7799189312540037 0.5660639178405896 0.10921246268299925 0.12282186379145835
4 0.7708786438972319 0.7388838220009022 0.09189769334818117 0.11148432028847229
4 0.8459882792409588 0.6605938614198257 0.10447041868236298 0.1180252610179167
4 0.8963979065881855 0.5571045322976381 0.08839088534372692 0.07859908510611113