5 0.5675365601747792 0.525 0.86201717682659 0.95
3 0.43673650422314214 0.3484375 0.0961141335443795 0.08125
3 0.622099691211876 0.421875 0.08927310015828453 0.0609375
3 0.8963782771843958 0.39296875 0.10852320533113406 0.078125
3 0.7846929679340533 0.49921875 0.11898934389007856 0.115625
3 0.9617806536691461 0.56171875 0.04597774122451135 0.0765625
3 0.6010022780423255 0.55625 0.1605858105039836 0.0953125
3 0.27630014324430485 0.6265625 0.10626202335696497 0.1078125
3 0.39452965452707595 0.725 0.11398359514371963 0.1046875
3 0.4461125380714554 0.64375 0.11450042069139794 0.06875
3 0.5783614337565357 0.82421875 0.11085859514371954 0.1046875
3 0.6289130147144905 0.7515625 0.08504024122451134 0.0765625
3 0.6437173122863502 0.69921875 0.05917642319868044 0.046875
3 0.8914668390085275 0.7765625 0.12202341567683313 0.1125
3 0.7811945802330389 0.7 0.12663670783841638 0.05625
3 0.7196947905787379 0.665625 0.10573317445232178 0.0359375
3 0.8277573431651625 0.65703125 0.04332410266556721 0.0390625
3 0.8367519099373524 0.61640625 0.19826766693047446 0.1015625
0 0.5512620054767833 0.359375 0.11433058762187223 0.1703125
0 0.46207617036219356 0.5515625 0.22041545157021042 0.1109375
0 0.5137510159681316 0.7625 0.12314799498543501 0.04375
0 0.7733389646353481 0.78203125 0.1258758413827959 0.1375
0 0.9461125380714555 0.64375 0.07304034639736087 0.09375
0 0.9198635897999503 0.471875 0.13690426959604132 0.140625