5 0.503125 0.659375 0.99375 0.68125
0 0.25703125 0.4984375 0.04140625 0.09140625
0 0.140625 0.709375 0.0453125 0.053125
0 0.153125 0.94765625 0.07265625 0.10390625
0 0.3328125 0.98046875 0.03359375 0.03046875
0 0.3984375 0.89140625 0.09921875 0.14140625
0 0.35078125 0.734375 0.0484375 0.06171875
0 0.47890625 0.765625 0.05234375 0.08671875
0 0.3625 0.60703125 0.1203125 0.065625
0 0.49921875 0.4953125 0.121875 0.1109375
0 0.55703125 0.628125 0.10078125 0.075
0 0.6546875 0.475 0.121875 0.08671875
0 0.66953125 0.6890625 0.1078125 0.10546875
0 0.759375 0.6453125 0.0578125 0.04296875