5 0.4785476396415206 0.5 0.9570952792830412 1
6 0.31061543193046154 0.3452432699917527 0.08591756784239583 0.09142663354437941
6 0.33395999943417315 0.210192320070895 0.11295810266810502 0.16085859514371964
6 0.39072233378491233 0.3109113855894435 0.09381195499752559 0.09321645407749282
6 0.4749269154221182 0.33988348324044554 0.11707239258219673 0.15005748746358769
6 0.6992352758921392 0.49696151200768685 0.10803158525525039 0.1263926669304741
6 0.7217000961093842 0.4344304197669612 0.09989153663473135 0.11991534639736087
6 0.7810728533454735 0.6296125391255757 0.05549308344622812 0.07650031551854859
6 0.2722799502478272 0.40263222116625164 0.07686347241038013 0.12704588479802065
6 0.1434069205105008 0.25067125290299386 0.07884205223856364 0.105261813011266
6 0.15719386080870532 0.37978209138279595 0.07309001922187686 0.08481292069139794
6 0.5126857807533792 0.8370994640401157 0.17150758706427283 0.176603267088759