5 0.396875 0.5 0.79375 1
0 0.5595000799650016 0.24144542161583482 0.1007090720082724 0.06384720282385156
0 0.36995741665340975 0.08685852467711323 0.06315452800763603 0.05806856426490725
0 0.1289511559914095 0.05950772915031747 0.11984088001272668 0.09720527210332375
0 0.05581200596754695 0.23735759600164946 0.03795453333863612 0.04015363855894431
0 0.13295521395609294 0.3194593906705154 0.16557155068427193 0.13446123119538153
0 0.30112395862509284 0.2973844992085772 0.07102157200827239 0.06298338479802065
0 0.2426563832750027 0.42248143910030506 0.09923747867599957 0.07161423871722886
0 0.4280404472867749 0.33039792451882866 0.09220677601845359 0.13857441818411545
0 0.5121143605983668 0.4880536486545813 0.1391908640197263 0.1493133413827959
0 0.3656297119271397 0.5258982926238019 0.09822041868236289 0.11844377461060632
0 0.5000763425764132 0.6500679153476285 0.11413632001909005 0.14389841567683312
0 0.28008201591345855 0.6291346043814267 0.12963405068427197 0.13341555674305994
0 0.30626216056655003 0.7283389825155298 0.055469297342454114 0.06877874373179385