5 0.5062234237898611 0.6071123708222218 0.9875531524202777 0.7857752583555564
0 0.26959204149597144 0.45757153818465257 0.06165455223856364 0.10443423328249998
0 0.12575458955066357 0.6682031797115278 0.05952548620519007 0.06380923328249999
0 0.11862924355282096 0.9053765246012848 0.09192190637700662 0.0864115851061115
0 0.3840085820874317 0.89450653410059 0.1352425384437536 0.16857077488562525
0 0.34831566429046434 0.7209060331506595 0.06626680913596861 0.07332970364722229
0 0.482308883987311 0.7701949054914927 0.07399077792830404 0.10160017401194459
0 0.3725643125268706 0.5865849313270484 0.14216756784239584 0.092262848023889
0 0.529946365331261 0.4851464518442704 0.15399918249628824 0.13935605357097244
0 0.5799540886461523 0.6333832768823954 0.12374511646291494 0.09807643692972227
0 0.6972157524863908 0.48281761958795083 0.1495639880142125 0.1142833183886113
0 0.6936281642904644 0.7128687954997563 0.13640224672063966 0.13114351006798622
0 0.7942113404551747 0.67689296827743 0.07161605042954129 0.05628767401194459