5 0.51328125 0.45546875 0.95703125 0.78984375
4 0.51640625 0.715625 0.1109375 0.11015625
4 0.65078125 0.728125 0.10859375 0.1125
4 0.59453125 0.6078125 0.096875 0.09609375
4 0.40234375 0.65625 0.078125 0.11171875
4 0.44375 0.5640625 0.053125 0.08359375
4 0.29140625 0.6375 0.096875 0.08671875
4 0.0875 0.49765625 0.11171875 0.065625
4 0.196875 0.5546875 0.11015625 0.1
4 0.3390625 0.5484375 0.109375 0.09453125
4 0.240625 0.475 0.1078125 0.09609375
4 0.0921875 0.38125 0.1 0.09921875
4 0.19375 0.36875 0.096875 0.08828125
4 0.13671875 0.26953125 0.08515625 0.0609375
4 0.353125 0.39375 0.078125 0.1
4 0.40234375 0.47578125 0.10234375 0.0875
4 0.42578125 0.41328125 0.10390625 0.06015625
4 0.5171875 0.48125 0.0984375 0.08359375
4 0.7703125 0.6578125 0.12890625 0.08671875
4 0.7296875 0.55078125 0.1140625 0.10390625
4 0.83203125 0.57265625 0.10703125 0.1046875
4 0.7515625 0.47734375 0.11171875 0.07890625
4 0.871875 0.48515625 0.12734375 0.10234375
4 0.6046875 0.45078125 0.0921875 0.11640625
4 0.22578125 0.28828125 0.084375 0.090625
4 0.2125 0.2234375 0.10078125 0.07734375
4 0.71640625 0.3953125 0.109375 0.08125
4 0.84765625 0.38359375 0.11796875 0.08984375
4 0.50625 0.3640625 0.11171875 0.07734375
4 0.41640625 0.33359375 0.09765625 0.09296875
4 0.31640625 0.18046875 0.09375 0.09140625
4 0.37890625 0.25078125 0.09765625 0.09296875
4 0.64609375 0.3328125 0.10625 0.09140625
4 0.51875 0.29140625 0.1078125 0.0875
4 0.47109375 0.22109375 0.09921875 0.07734375
4 0.45546875 0.15390625 0.0890625 0.0875
4 0.5359375 0.12109375 0.0953125 0.09453125
4 0.55390625 0.19609375 0.0984375 0.090625
4 0.621875 0.23828125 0.10546875 0.08984375
4 0.7890625 0.27421875 0.09609375 0.07265625
4 0.7265625 0.1890625 0.1 0.08671875
4 0.6359375 0.12421875 0.0625 0.07578125