5 0.41171875 0.49921875 0.82265625 0.84921875
3 0.57421875 0.67265625 0.084375 0.07109375
3 0.40390625 0.59609375 0.078125 0.053125
3 0.15 0.609375 0.096875 0.06796875
3 0.25546875 0.515625 0.10078125 0.10078125
3 0.059375 0.45 0.103125 0.06953125
3 0.4265625 0.47109375 0.14140625 0.08125
3 0.728125 0.421875 0.09140625 0.0953125
3 0.62109375 0.32578125 0.09921875 0.09296875
3 0.571875 0.39921875 0.1015625 0.05703125
3 0.45390625 0.22578125 0.0953125 0.09296875
3 0.4046875 0.2890625 0.07421875 0.06640625
3 0.390625 0.3375 0.0515625 0.03984375
3 0.1625 0.25390625 0.10546875 0.09765625
3 0.26328125 0.33046875 0.1140625 0.046875
3 0.31953125 0.36484375 0.096875 0.02890625
3 0.03203125 0.3421875 0.059375 0.0921875
3 0.21875 0.36796875 0.03828125 0.03515625
3 0.209375 0.40390625 0.17578125 0.084375
0 0.46875 0.65703125 0.09375 0.15234375
0 0.5546875 0.48359375 0.196875 0.09296875
0 0.51171875 0.28515625 0.1109375 0.03515625
0 0.271875 0.2546875 0.10703125 0.121875
0 0.10078125 0.3734375 0.0765625 0.084375
0 0.09765625 0.53515625 0.1828125 0.1234375