1 0.31640625 0.55859375 0.06875 0.1203125
1 0.26953125 0.48828125 0.06484375 0.075
1 0.328125 0.44921875 0.0671875 0.05546875
1 0.25625 0.396875 0.0578125 0.065625
1 0.2890625 0.334375 0.05703125 0.0515625
1 0.3203125 0.28046875 0.053125 0.059375
1 0.39765625 0.2125 0.04921875 0.0609375
1 0.51953125 0.1953125 0.0203125 0.04765625
1 0.50390625 0.22734375 0.04921875 0.0640625
1 0.68203125 0.51484375 0.03125 0.0390625
1 0.60234375 0.52265625 0.0390625 0.0703125
1 0.590625 0.440625 0.0109375 0.03359375
1 0.55859375 0.43203125 0.0484375 0.05859375
1 0.6234375 0.3859375 0.05078125 0.05390625
1 0.64921875 0.36640625 0.053125 0.03203125
1 0.59921875 0.3 0.021875 0.02890625
1 0.5578125 0.27578125 0.0265625 0.040625
1 0.4 0.51875 0.03515625 0.08125
1 0.446875 0.50546875 0.04921875 0.08203125
1 0.41796875 0.45 0.04765625 0.05625
1 0.4578125 0.428125 0.04296875 0.03359375
1 0.49375 0.42890625 0.0375 0.05703125
1 0.30234375 0.40625 0.05546875 0.0734375
1 0.29921875 0.36484375 0.02265625 0.02890625
1 0.35703125 0.39296875 0.0671875 0.065625
1 0.3859375 0.365625 0.053125 0.04296875
1 0.434375 0.34296875 0.0640625 0.053125
1 0.43984375 0.38046875 0.03046875 0.0265625
1 0.5359375 0.39921875 0.03203125 0.04140625
1 0.5234375 0.35625 0.0484375 0.046875
1 0.56171875 0.35234375 0.03984375 0.0265625
5 0.43046875 0.55390625 0.8609375 0.8921875