4 0.33828125 0.690625 0.18515625 0.15234375
4 0.32109375 0.41171875 0.16015625 0.07890625
4 0.55625 0.53828125 0.159375 0.11640625
4 0.80859375 0.50390625 0.1671875 0.11875
4 0.9453125 0.521875 0.1046875 0.1140625
4 0.68515625 0.3953125 0.15234375 0.0828125
4 0.8859375 0.26640625 0.128125 0.07734375
4 0.69921875 0.2171875 0.12578125 0.06796875
4 0.68203125 0.13359375 0.11328125 0.0453125
4 0.04296875 0.5125 0.08515625 0.11484375
4 0.05703125 0.390625 0.11328125 0.1078125
4 0.065625 0.24609375 0.10859375 0.05546875
4 0.0984375 0.203125 0.1125 0.03828125
4 0.32109375 0.2828125 0.14296875 0.09140625
4 0.4640625 0.2625 0.09453125 0.046875
4 0.51328125 0.27265625 0.0640625 0.0734375
4 0.41953125 0.13125 0.12109375 0.06640625
5 0.5 0.49375 1 0.91953125