1 0.509796953352577 0.68359375 0.14013691818411544 0.090625
1 0.4274330827403213 0.721875 0.09138116943775679 0.0796875
1 0.3965755393250966 0.6546875 0.07106866943775678 0.0796875
1 0.32897285068701 0.72265625 0.07860838479802065 0.0703125
1 0.27008959567244506 0.67890625 0.06445495658477522 0.0671875
1 0.2189506444979461 0.6375 0.07217652837152996 0.0640625
1 0.16223529473537296 0.54609375 0.07369356426490725 0.0625
1 0.16600881558505548 0.41640625 0.05394335391920828 0.028125
1 0.19666778219896064 0.43671875 0.07681856426490725 0.0625
1 0.5281942300082474 0.29296875 0.04640363855894449 0.0375
1 0.5226141682506226 0.37734375 0.08114235141192587 0.05
1 0.43431018619731115 0.378125 0.03639214106622681 0.015625
1 0.42011965406485763 0.409375 0.07047763605166182 0.059375
1 0.3832166991294349 0.33515625 0.06427310015828454 0.0609375
1 0.3676969992085771 0.3046875 0.043960600158284534 0.0609375
1 0.28988423627645343 0.34765625 0.03514788981258556 0.0265625
1 0.2566936515575751 0.3875 0.04787521034569906 0.034375
1 0.48286003180324927 0.5890625 0.09203438730530315 0.0484375
1 0.4773290973217977 0.5375 0.09561402837152996 0.0640625
1 0.4141698677757688 0.56015625 0.06730717194503928 0.0578125
1 0.39749684481451525 0.515625 0.04212531551854841 0.0515625
1 0.40564196542677095 0.47734375 0.06547188730530315 0.0484375
1 0.3475242738856904 0.67578125 0.08798338479802066 0.0703125
1 0.3030839520989358 0.67265625 0.03523881802583091 0.0296875
1 0.34380589199066364 0.615625 0.08048913354437941 0.08125
1 0.31980610233636264 0.58125 0.05494356426490725 0.0625
1 0.3049683640148452 0.52734375 0.06785274122451135 0.0765625
1 0.34483484606815645 0.5265625 0.03381271034569897 0.034375
1 0.381270102732074 0.42890625 0.04961956677218975 0.040625
1 0.33497176425227193 0.4359375 0.05793217194503919 0.0578125
1 0.337739063077773 0.39453125 0.03569345909205772 0.0453125
5 0.4993635025072825 0.521875 0.998727005014565 0.95625