4 0.6394233531223902 0.6858865732415952 0.18252033016686758 0.20512494668999892
4 0.35307309532047404 0.6821915979471843 0.10423819990914299 0.171421561346272
4 0.5151514507021124 0.44997743992682154 0.14182008706427282 0.17342041335136288
4 0.5162856620312162 0.18996664059518512 0.1454364099950512 0.18283177601845368
4 0.5540014252601992 0.054939849299819724 0.1326221494796016 0.10987969859963945
4 0.38835101255161447 0.3070097846117298 0.1069537641334942 0.163645424013363
4 0.2856298835370851 0.09193077196054726 0.0962685696514182 0.13853633601209037
4 0.20947906207664468 0.27864097863622866 0.08837418249628844 0.1368829293443631
4 0.1206246019907364 0.2906057239815463 0.062473423789861114 0.11940452800763594
4 0.41736248812981336 0.9601796906031392 0.1270405348257091 0.07018632535009033
4 0.29433110187919476 0.9389688566200022 0.12242827792830413 0.10136360001590816
4 0.14835686058562203 0.923490401973274 0.06946705223856364 0.1038704346753633
4 0.10854741011065219 0.8935034573122284 0.054660923789861114 0.1193136213399086
4 0.22169694256151207 0.6712279206317743 0.11435682835784541 0.15592383068109025
4 0.22084152872127363 0.5236716679662743 0.05992827792830413 0.10063634667409058
4 0.23826472410786081 0.4742801952975926 0.0834543091359686 0.07280224801081765
4 0.08154001130841908 0.5596466253182735 0.08656602103089917 0.13217724801081765
5 0.5 0.5 1 1