4 0.5020858335725966 0.14339182332888872 0.20400797603820103 0.28678364665777745
4 0.41652038892222515 0.3742109114754163 0.15500499164729753 0.23623105357097235
4 0.43922629045832196 0.7333495221327427 0.13750995680090713 0.2717321424768057
4 0.33086569735189636 0.8992856062889235 0.1393601442797027 0.19059124525034718
4 0.1879093271188108 0.7462359543128124 0.09726192431676957 0.14745818787965295
4 0.27084084509016015 0.5238141340243401 0.06891866950744614 0.14055357123840295
4 0.15113345798203354 0.1856984978157985 0.11074407095872499 0.1758741286090973
4 0.18658482994439965 0.05898987424069428 0.050892866604888544 0.07143989532659725
0 0.7116146341129017 0.36108743674229105 0.19768854336872863 0.3855413757593057
0 0.5901910458157995 0.5335826454235064 0.20002482576804842 0.18419708130638898
0 0.5944743295658815 0.9025326671749994 0.1121428798517325 0.17122299620027803
0 0.4301712050716267 0.5412165735195135 0.0682440577118811 0.07652743882958327
0 0.42902045515644466 0.8665075142489579 0.06801093393541642 0.1592672036472223
0 0.42189249063580714 0.9534626535916317 0.07293155771188112 0.0766365416031249
0 0.26314494009550227 0.7288471261405554 0.089285733209777 0.14258884992374998
0 0.17685277603035168 0.720691093655486 0.046805567330527965 0.08851829255305557
0 0.2767684081595188 0.4024839946816664 0.12462303248413757 0.12623780452090294
0 0.20361613955519728 0.5019222566495137 0.10476688947037927 0.18354115824437506
0 0.16136660825218602 0.2996155274510762 0.07322422359113019 0.1297251740119445
0 0.2628943588003402 0.09474422986402756 0.10572918874473984 0.16639002583555565
0 0.3905183617955651 0.05682796219659707 0.07435021397248329 0.11365592439319414
5 0.5 0.5 1 1