4 0.5542703409094599 0.1897931442018657 0.21111672094004205 0.31293815770898115
4 0.4026348405707757 0.4066481732822352 0.15940373473485198 0.2476169945971538
4 0.3292803912274596 0.7746022417545564 0.1395759136130958 0.2854054209337479
4 0.17421335368821705 0.9065033880835924 0.1391864099950512 0.18699322383281505
4 0.07113037652813851 0.7211686156861935 0.09996677973732644 0.15380681043863903
4 0.21573794889309017 0.5187933155591367 0.07003361827193721 0.14739021046687384
4 0.18592645465884133 0.14561414981647336 0.11418640999505122 0.1873473525320139
4 0.25576199909548886 0.03918911554501917 0.050976001809022266 0.05125866311182732
0 0.704906669494448 0.4704879493082458 0.20032306309269748 0.4042156050922626
0 0.535244865446862 0.6126314047252094 0.20489329715018095 0.1941881577089811
0 0.4416155376548435 0.9479424892648949 0.1099216338757694 0.10411502147021032
0 0.3717113099289381 0.5780303496188293 0.06963747060135787 0.08038472099021768
0 0.2816540394638658 0.9058298549510884 0.0678912641334942 0.16595819994353037
0 0.2526006252849431 0.9769898288191969 0.06988977611928178 0.046020342361606126
0 0.15250320726083316 0.7235571392931297 0.09042800542706693 0.15013577886860804
0 0.06635434532047405 0.6926795946395061 0.04529256784239586 0.09142863680346806
0 0.25423828414834054 0.39722142342340955 0.12998847241038014 0.13218941567207612
0 0.15355885346107442 0.4791245998305908 0.10661957146044046 0.1915798262236546
0 0.16485928086898022 0.2634995998305908 0.07562852103089916 0.13525423151356133
0 0.32189161013133677 0.09319334705858054 0.10621677973732649 0.1541708314853265
0 0.4627589495704587 0.08180706797821101 0.07448210085908258 0.11337923151356136
5 0.5 0.5 1 1