1 0.31112564891727856 0.5754535620921392 0.08042694906292791 0.1341489034085665
1 0.2573808717993899 0.4995535353067779 0.07428459765100212 0.08406708279171564
1 0.3185851447606435 0.4561132268647915 0.07525606426490725 0.06378185633066594
1 0.2380649189755383 0.3992671631477993 0.0661993130112661 0.07455571509696383
1 0.2704394982841404 0.3311171810047068 0.06574467194503919 0.058930715096964015
1 0.3015470942857898 0.2730961753226639 0.059767456584775315 0.06819662094116259
1 0.38217731716790115 0.19954167288703192 0.05664245658477531 0.06814207386326192
1 0.5135948017284949 0.18075253692833565 0.024983279625171127 0.0535341030842551
1 0.49818876207419394 0.2148411647693571 0.05673338479802066 0.07126707386326192
1 0.7056281551854848 0.5276799042160503 0.03560253087881229 0.042787517856907445
1 0.6199861718785322 0.5363361095737815 0.04597774122451135 0.07732615909060954
1 0.6033322178010394 0.4470281477232286 0.013591138558944494 0.037718188311602674
1 0.5679259152146147 0.4378207430968459 0.05659699247815268 0.06657957386326192
1 0.6359568496960661 0.387471915580136 0.059585600158284534 0.0619466209411625
1 0.6634680842566599 0.3668690892812421 0.058858174452321776 0.03694662094116259
1 0.6051494674053279 0.2947934918790299 0.024346782132453625 0.031659103084255055
1 0.5590868096460537 0.26822130924946996 0.029397994985435005 0.044240923701106105
1 0.40045492187853216 0.5325041773512588 0.04160848997087001 0.08818183847375849
1 0.45075879875899405 0.5169843173671449 0.05732441818411545 0.09157957386326174
1 0.41621866270733215 0.45703657304918777 0.05650606426490725 0.06345457386326192
1 0.4576787370013692 0.4327729586008468 0.04796613855894449 0.038318206168510116
1 0.49676396905468057 0.4342360470746054 0.04400606426490725 0.06323638555165925
1 0.2883604356685857 0.4102961663942102 0.06486413354437941 0.08234094155801355
1 0.282354476576528 0.3649018457773591 0.025909282132453627 0.031686376623205524
1 0.34806204460235896 0.3957211976437983 0.07557431301126609 0.07471935633066593
1 0.37686299452321664 0.36577064488385475 0.05922188730530307 0.04944662094116259
1 0.4276753367639424 0.34088942166921593 0.07204013605166182 0.06060230925276526
1 0.43591138558944353 0.38241840259449245 0.03363085391920819 0.02869774431795715
1 0.5418802407622929 0.4014468664736405 0.03564799498543501 0.04435001785690744
1 0.5264992816702352 0.35588890462308737 0.05618781551854859 0.05251707386326192
1 0.5669878893503671 0.3519105166357962 0.044568353919208194 0.028888659090609538
5 0.46244645651826827 0.53515625 0.9208011434404952 0.9296875