4 0.8375 0.5390625 0.275 0.1640625
4 0.6171875 0.42265625 0.21640625 0.12421875
4 0.2640625 0.39609375 0.25546875 0.1
4 0.1015625 0.26640625 0.203125 0.11015625
4 0.28359375 0.14921875 0.134375 0.078125
4 0.48984375 0.2609375 0.1328125 0.05
4 0.83359375 0.190625 0.1640625 0.08671875
4 0.96015625 0.24296875 0.0796875 0.0421875
0 0.59375 0.71171875 0.36171875 0.14453125
0 0.440625 0.5703125 0.16015625 0.17421875
0 0.0796875 0.52421875 0.159375 0.0875
0 0.45234375 0.41328125 0.06796875 0.0578125
0 0.1359375 0.3671875 0.15078125 0.04609375
0 0.04296875 0.34921875 0.084375 0.06015625
0 0.290625 0.22578125 0.13203125 0.06953125
0 0.309375 0.1421875 0.0828125 0.03359375
0 0.60703125 0.28359375 0.1109375 0.1078125
0 0.51953125 0.1984375 0.17109375 0.08046875
0 0.721875 0.184375 0.121875 0.0546875
0 0.91640625 0.31171875 0.1671875 0.0828125
0 0.9390625 0.44140625 0.121875 0.0578125
5 0.5 0.52890625 1 0.9421875