4 0.2796875 0.35449303652788916 0.1796875 0.210948956979289
4 0.55859375 0.29337470982525343 0.1015625 0.17364778003177203
4 0.46484375 0.5496986221622738 0.140625 0.18057961850553053
4 0.534375 0.7977036996789837 0.1421875 0.188419392044481
4 0.53515625 0.9328463129095086 0.1296875 0.11788870373287814
4 0.62578125 0.6570456976503889 0.1046875 0.16745232710967278
4 0.784375 0.8378711834469292 0.0953125 0.1422886858759707
4 0.8078125 0.6429308303626742 0.0859375 0.1374375446422686
4 0.88984375 0.6118114695677814 0.0625 0.12140344155801372
4 0.41875 0.040640816559661244 0.125 0.08128163311932249
4 0.5421875 0.04501862500164765 0.121875 0.0900372500032953
4 0.68828125 0.03414358035937894 0.0703125 0.06828716071875789
4 0.73671875 0.04849640665827283 0.0546875 0.09699281331654566
4 0.68828125 0.2739235060923752 0.1125 0.15821369480442443
4 0.7296875 0.4130445073101912 0.059375 0.10416139448011297
4 0.72578125 0.4654564411575671 0.0828125 0.07644549756436803
4 0.8546875 0.347581374194164 0.0859375 0.13275004464226878
5 0.5 0.5 1 1