0 0.4166594842570313 0.7246441626127782 0.12699221741393635 0.2433525693385416
0 0.501494740682822 0.7570585787409378 0.1367253616727176 0.1374298776591667
0 0.2623712322798649 0.7116869548814933 0.095434516805914 0.08183318787965277
0 0.5293836828507062 0.4837490185204518 0.08545202174882985 0.10501611474138901
0 0.26304771151961825 0.6133585576550349 0.10971719269935694 0.12587412860909736
0 0.20237680836358835 0.6759481702122223 0.09476335475263546 0.10367182028847229
0 0.3924063117864484 0.30182425845246563 0.07786501482874764 0.07205814437666672
6 0.3349903315952929 0.7890865626890281 0.10044035178688589 0.08975479065319458
6 0.3507798162722538 0.7168667237831947 0.1254695266917457 0.12936280452090293
6 0.5567287273369491 0.6951229296146184 0.12658635771838506 0.11846167211208361
6 0.6335591882879137 0.5119305295383686 0.08057352076024671 0.1002195119678472
6 0.718269769314553 0.5029750632577089 0.12218801779449713 0.08713893692972227
6 0.6316531314815622 0.637548125378056 0.0990688527754692 0.09440592306201392
6 0.6138422544858053 0.4302986698309727 0.09556185079830275 0.08495818787965295
6 0.526839661596168 0.38300413611163237 0.09243685079830274 0.08488545269729171
6 0.4861390657407811 0.3227381301277087 0.095434516805914 0.08183318787965285
6 0.4142932406456409 0.36009135334222253 0.11625635277546902 0.09480596656500007
6 0.3063534066532521 0.35445698955076416 0.07206068380210837 0.0828501740119445
6 0.4511313488583174 0.478805638961424 0.11325868676785796 0.09785823138263901
6 0.11105412999868744 0.6184064675149307 0.09801568874502423 0.10686955547083343
6 0.19013018186212305 0.47116975123427096 0.0779923488211364 0.0751831443766667
6 0.26828701536022026 0.47376938079329883 0.08842051285158128 0.06293771751493064
6 0.3707262658545118 0.4784952080156253 0.07375051779449712 0.08601154160312507
6 0.3226044422422464 0.5234251950978475 0.10331068380210837 0.08357752583555574
6 0.35737337307860517 0.5913582307170488 0.12352502471457942 0.11995143692972228
6 0.3248447159682426 0.6358706437110766 0.13408052273741297 0.11083101006798621
6 0.43341194965662017 0.5611271764804864 0.08988485376405234 0.09887521751493064
6 0.49833661269848195 0.5454671153100698 0.11931768577927464 0.0933162017473613
5 0.5013370069200822 0.5328125 0.9973259861598356 0.934375