6 0.6198998482162864 0.32494236205190075 0.07235801542127547 0.12087242198083885
6 0.5574407585247119 0.31932312584671063 0.051445497564368024 0.08543288896415202
6 0.4939844103117208 0.5052329703742153 0.08261367694751698 0.08238313206674697
6 0.4960532451320313 0.34191077679665033 0.07685460064862308 0.11018058344622812
6 0.43706443425770825 0.6750641135222388 0.08913641233702041 0.09833568068726617
6 0.33332400528159634 0.8393136420163698 0.10366256249917623 0.12563516508343398
6 0.3349930142067548 0.34050764981828585 0.08601141233702041 0.09817190637700665
6 0.35858802151035546 0.1087187392574078 0.08230575973923263 0.15417624491161736
6 0.030868170454695244 0.023512743102595036 0.028888659090609514 0.045223968792335534
6 0.08615431940233031 0.4400694793077851 0.08186938311602718 0.1291762449116174
6 0.17119970089679973 0.5852801599950512 0.08844666558343128 0.1482537935321364
6 0.034683322648741195 0.8248262596109385 0.06936664529748239 0.1090275192218769
6 0.1102388814977647 0.6282212545225557 0.05802278003177212 0.10451043758467105
5 0.37265625 0.5 0.7453125 1