4 0.059533357734048345 0.2578125 0.11906671546809669 0.19375
4 0.3004664569910413 0.37578125 0.11163532092583343 0.115625
4 0.1911085736164298 0.3921875 0.201425566996892 0.13125
4 0.04015831141532075 0.4421875 0.0803166228306415 0.10625
4 0.510158172459138 0.53671875 0.17032111621110388 0.134375
4 0.5286299983473702 0.34140625 0.26512419396136266 0.1234375
4 0.8276111538478881 0.36328125 0.2184332845319034 0.1609375
4 0.9464916246926685 0.5953125 0.05665672249741007 0.109375
4 0.8587133347840815 0.68515625 0.14644266046291676 0.0578125
4 0.6382017816409283 0.67265625 0.14030397642635145 0.09375
4 0.3071272560003652 0.76953125 0.13256425103345731 0.0953125
4 0.3879170295740138 0.86328125 0.076494033498446 0.065625
4 0.9348262628247909 0.89609375 0.04956766046291676 0.0578125
4 0.7284200591435184 0.78203125 0.10505568114108108 0.075
4 0.0415837626153938 0.73828125 0.0831675252307876 0.0828125
4 0.0713095723780847 0.884375 0.10959763192686944 0.071875
4 0.2008279443801567 0.971875 0.0916823858558109 0.05625
4 0.3198155388796387 0.95 0.08416098428423435 0.0625
4 0.391851050666463 0.996875 0.058103598428423456 0.00625
4 0.6066819921466264 0.91328125 0.07783820967712848 0.0609375
4 0.5092697988044362 0.790625 0.08230738585581072 0.05625
5 0.5 0.5 1 1