5 0.5036825926364371 0.6006042718238687 0.9926348147271258 0.7987914563522626
3 0.37671617431930765 0.9536141644060653 0.06506271034569906 0.03773237336031983
3 0.4015426780802313 0.9194505263464243 0.0781082796251713 0.057137470601357876
3 0.45487696357789725 0.7625144516066236 0.06633570533113406 0.08148237336031983
3 0.5167692098169736 0.7921333525565634 0.08347774122451135 0.08082063206674714
3 0.10830818896729104 0.683654625735169 0.10884145407749282 0.09463082654882307
3 0.25375473277822713 0.7613182010407968 0.10558006175762476 0.08977955223856356
3 0.29626884171200035 0.7434413042747285 0.09629598997087019 0.09241322930778502
3 0.30918872736795083 0.649653682723431 0.07819920783841657 0.06026247060135788
3 0.3968933158477529 0.6520992520361649 0.12147784639736088 0.09997342378986111
3 0.2438077682758931 0.6076985560837509 0.08325042069139794 0.07300813206674714
3 0.15100049115800437 0.5374480110812765 0.08821070533113406 0.08262879353213641
3 0.227966156439126 0.4935099033247889 0.10259145407749282 0.09430327792830404
3 0.2802477219576745 0.5424110707830719 0.0644094924781526 0.06890048620519007
3 0.3163299744649569 0.5186117226375228 0.10451766693047429 0.10688516508343397
3 0.27022420110799195 0.41305111940359096 0.04346049498543501 0.04596095318850324
3 0.3243206677218971 0.38987256897404965 0.10999477711788871 0.08065021370395282
3 0.4251784740692456 0.36033115389061576 0.08114235141192587 0.05417624491161739
3 0.4032245692129652 0.4663288483726918 0.10061977711788864 0.08015889077317447
3 0.4183925796378064 0.530476557554089 0.1164266335443795 0.08722776232447202
3 0.5005291297169487 0.5566871754873418 0.0816424565847754 0.07136374491161739
3 0.542659142253361 0.44493744798857904 0.04157974623907634 0.03494156603337366
3 0.5759740959351424 0.37981373699815957 0.09124477711788863 0.07966756784239584
3 0.5328271526782024 0.5103953516520521 0.07009720282385157 0.10352114767057934
3 0.5907904168639673 0.5394377204898162 0.0724038489046432 0.07555992198083886
3 0.6079301042484128 0.6175660425160835 0.024210389812585477 0.027790807326946165
3 0.49711227619345183 0.6812744176854257 0.02439224623907634 0.034040807326946344
3 0.7997395195295344 0.5676092288575592 0.061148100158284535 0.06404921189493056
3 0.7019575859060125 0.4608446517429091 0.060966243731793844 0.057799211894930556
3 0.6615371743858146 0.4700049677762827 0.03353992570596276 0.026719630257724704