5 0.5 0.5 1 1
1 0.2151872428697213 0.7231026501853345 0.04243293969514968 0.04366071996293304
1 0.27065547198887413 0.5867633569014237 0.04248748184962743 0.053035719962933214
1 0.23333169222923247 0.34973707205503335 0.05346134328594587 0.05966766587924912
1 0.243974276439992 0.4329761579898827 0.03619203005422929 0.045004965153609786
1 0.17751244252382006 0.1571155516366133 0.05813975292686626 0.05826885698624169
1 0.45874880698520054 0.14495033521705922 0.0362829336450254 0.0606299651536097
1 0.49363234621281205 0.09684765191461499 0.026817030054229463 0.04467758293962454
1 0.3649028373340175 0.004208806445936715 0.04855567466803503 0.00841761289187343
1 0.5085099959929792 0.6394071741471337 0.04563066256778647 0.05626984736759475
1 0.4760015021412993 0.5584944800449161 0.040952252926866176 0.05766865626060227
1 0.4137116221618248 0.8654190918404812 0.06141019867214013 0.08337798439090349
1 0.7332463755796703 0.5862375010114903 0.04873748184962743 0.05325397477225664
1 0.7960038881708981 0.22537935736475978 0.0644261143631848 0.06473711179556503
1 0.6225780829342134 0.905009837579312 0.055014752926866174 0.05815972958158007