5 0.5 0.5 1 1
1 0.8167842292769343 0.2593960773404834 0.04553267589344294 0.045787688998963995
1 0.7541635069572633 0.39381177274958823 0.04910334486680377 0.05687073821317572
1 0.7796887248654911 0.6360527766785297 0.05873301285158128 0.0635573858558109
1 0.7730938735728967 0.5510420758927413 0.0409725098858317 0.0486943651776464
1 0.8245568503783731 0.834342573411542 0.06498301285158128 0.06384848428423454
1 0.5400717624316518 0.8256761646012551 0.04467051285158128 0.06290241439185813
1 0.5028237718231919 0.8720267797789016 0.0331600098858317 0.048330492142117265
1 0.5171954061589605 0.3218790765119139 0.052355678859192525 0.060141287427387446
1 0.5456652574515548 0.4058709327982202 0.047795512851581276 0.06304796360606986
1 0.6239706936879401 0.09930625558608047 0.07062551779449713 0.08750430810555188
1 0.28780899509426516 0.3591758310600279 0.055353344866803766 0.05716183664159917
1 0.20385573672848922 0.7192293813076969 0.07148768083635879 0.07038958271265763
1 0.4158597633458728 0.04403236642050072 0.0617943458553869 0.06214043507002258