5 0.5035689323698804 0.6140105381527422 0.9928621352602391 0.7719789236945156
3 0.3616678358395056 0.9590208494341024 0.06515363855894432 0.03861821509696384
3 0.3872983216537406 0.9265259492719465 0.07976170783841656 0.05761367694751698
3 0.44708719563120863 0.7785327341749827 0.06785274122451135 0.0777079886359143
3 0.505922638030219 0.81267986323382 0.08504024122451134 0.07800799756436802
3 0.11334502995437556 0.6718010876629796 0.10888691818411549 0.09247960064862308
3 0.2511381981384911 0.7600669265437752 0.1072334899708701 0.0893273271096728
3 0.2937432352855096 0.7468169042226409 0.09790395407749282 0.0907261858759707
3 0.3106375671013941 0.6558509849857617 0.07824467194503919 0.05914890340856669
3 0.3968933158477529 0.6652884403434929 0.1215233105039836 0.09738528896022594
3 0.24989864390271369 0.6100123794658745 0.08637542069139795 0.07022277110331832
3 0.16166520651826827 0.5326061741081431 0.08981866943775674 0.08121481818121908
3 0.23957124617256928 0.4968538603911511 0.10263691818411554 0.09237050649282175
3 0.28794656169111776 0.5475981542226409 0.06762542069139794 0.0698954886359143
3 0.3249009924116456 0.5281935892878327 0.10773359514371972 0.10651482710967279
3 0.2850452190546806 0.42102201745316564 0.04502299498543509 0.04451365909060954
3 0.33847409593514244 0.40367483035937896 0.10852320533113406 0.07997960064862308
3 0.4387325087089816 0.383946937097082 0.08123327962517113 0.05451595048646736
3 0.41195471153283325 0.48446513433713845 0.10222774122451135 0.07830800649282174
3 0.4239977219576745 0.5491316063339612 0.11490959765100203 0.08477619480442442
3 0.5023189502500621 0.5813753161559194 0.0832049565847754 0.06860572402541756
3 0.5492955871596539 0.4765963129095086 0.04162521034569906 0.03508411201270896
3 0.5850452190546805 0.4157854979747004 0.09285274122451134 0.07814436525911965
3 0.5362476693712497 0.5385741615295367 0.07317673871722885 0.09966480925276536
3 0.5911768617702601 0.5727894744357501 0.07396634890464338 0.07312958279171547
3 0.6035835850480827 0.6499559464325728 0.024255853919208193 0.02853410308425506
3 0.4918026505666312 0.7034957780064726 0.02443771034569906 0.03478410308425506
3 0.7933674990755633 0.6177223246806314 0.06271060015828453 0.06200116801906326
3 0.7041111192921075 0.5051598693229 0.06252874373179385 0.055751168019063255
3 0.6644037616119756 0.5105428445661337 0.03202288981258548 0.02710797077900686