4 0.909375 0.76328125 0.18125 0.1640625
4 0.646875 0.62265625 0.0875 0.09765625
4 0.75 0.61953125 0.171875 0.10234375
4 0.93203125 0.5921875 0.1359375 0.08671875
4 0.46328125 0.4484375 0.1421875 0.109375
4 0.4328125 0.62890625 0.234375 0.0875
4 0.15625 0.57421875 0.1828125 0.128125
4 0.040625 0.34140625 0.08125 0.096875
4 0.15 0.26953125 0.1296875 0.0375
4 0.35390625 0.30625 0.1203125 0.07265625
4 0.66875 0.25390625 0.1109375 0.0765625
4 0.6 0.15703125 0.0625 0.0546875
4 0.065625 0.0609375 0.09765625 0.04453125
4 0.27734375 0.19375 0.0890625 0.059375
4 0.93203125 0.315625 0.1015625 0.06875
4 0.89609375 0.17265625 0.09375 0.05625
4 0.7828125 0.06328125 0.0765625 0.06875
4 0.66953125 0.08359375 0.06953125 0.04921875
4 0.60625 0.015625 0.05 0.03125
4 0.4 0.08515625 0.065625 0.05
4 0.48203125 0.2109375 0.07109375 0.04375
5 0.5 0.5 1 1