6 0.31484375 0.3573601497331699 0.1265625 0.09265702669174569
6 0.3015625 0.41775648026551754 0.0890625 0.06612901878308027
6 0.4765625 0.5170746838392895 0.0890625 0.09581651878308026
6 0.31640625 0.4832050667293643 0.115625 0.09689885771838505
6 0.63515625 0.6063493839530201 0.10625 0.1058918557412186
6 0.784375 0.7413358320895845 0.1328125 0.12259919467652339
6 0.29453125 0.6416887287826428 0.10625 0.10276685574121877
6 0.07421875 0.5733366823192336 0.1484375 0.10917336463846716
6 0.3625 0.9061769931170989 0.1328125 0.10384919467652338
6 0.515625 0.8499163587441492 0.1546875 0.11567803262324468
6 0.73203125 0.9934077376798914 0.1171875 0.013184524640217177
6 0.55078125 0.918536366158523 0.109375 0.07789418973360754
5 0.5 0.58828125 1 0.8234375