0 0.3453125 0.68203125 0.07421875 0.225
0 0.41953125 0.7265625 0.10859375 0.1140625
0 0.19921875 0.64453125 0.0796875 0.0640625
0 0.50859375 0.47109375 0.06484375 0.08984375
0 0.221875 0.55078125 0.084375 0.10703125
0 0.14921875 0.60078125 0.07421875 0.0875
0 0.41640625 0.275 0.06484375 0.0578125
6 0.2515625 0.73046875 0.0828125 0.071875
6 0.2828125 0.6640625 0.1 0.1078125
6 0.4875 0.67734375 0.10234375 0.0953125
6 0.60234375 0.515625 0.059375 0.0875
6 0.68671875 0.5203125 0.10546875 0.06484375
6 0.571875 0.634375 0.08046875 0.0765625
6 0.60234375 0.434375 0.08046875 0.0671875
6 0.528125 0.37421875 0.07578125 0.06875
6 0.503125 0.31015625 0.07890625 0.06484375
6 0.425 0.334375 0.09765625 0.0734375
6 0.321875 0.3109375 0.0546875 0.07109375
6 0.43359375 0.453125 0.09453125 0.07578125
6 0.0734375 0.53046875 0.07734375 0.08984375
6 0.18359375 0.40234375 0.06328125 0.0625
6 0.25859375 0.41875 0.07578125 0.046875
6 0.35625 0.43984375 0.05703125 0.07265625
6 0.3 0.475 0.08671875 0.06328125
6 0.31875 0.54453125 0.09921875 0.0984375
6 0.27578125 0.58203125 0.11328125 0.08515625
6 0.3984375 0.52890625 0.0703125 0.0828125
6 0.4640625 0.52421875 0.10078125 0.07109375
5 0.45703125 0.55546875 0.9140625 0.8203125