4 0.2569768047083341 0.9251759831529723 0.1888469072944446 0.13474457146044044
4 0.38551480632385476 0.6673524378118136 0.11330139342673622 0.10737648801421251
4 0.39903440529767426 0.7777167277259054 0.1263482137152085 0.19857469810012063
4 0.4441319658025008 0.9341404681149669 0.10203658510611113 0.0927407779283044
4 0.5532977991056601 0.44892890716997613 0.13343336189159735 0.1677341338757694
4 0.3567676380114934 0.44045574513875996 0.11693815254479185 0.26362648801421235
4 0.3880481267092363 0.13766825983808104 0.1563630220358335 0.2141930540475859
4 0.6257273518236112 0.016305594188820282 0.11082970364722229 0.032611188377640564
4 0.7123571424768057 0.09094823157109264 0.05334581838861112 0.14637038896415205
4 0.6940838404244447 0.31405153889803894 0.09062761284152784 0.13896068068726608
4 0.7815358211414937 0.6434690439864216 0.09193553970326392 0.12810506784239592
4 0.8780822064001047 0.5570601532132472 0.06573540919430557 0.07523237336031982
4 0.9274353221883335 0.013957442900196338 0.05799564437666689 0.027914885800392676
4 0.8068182701359724 0.21740783299600216 0.07264002583555573 0.10368492198083885
4 0.7408614954377786 0.9123319086403143 0.07990701196784719 0.08065685775648745
4 0.8909335774097578 0.8739610481702933 0.0680252610179167 0.1065642605154494
4 0.977441854292153 0.7390737138195538 0.045116291415693864 0.08921298620519007
4 0.9640755642076394 0.6221694968362407 0.05963087955902786 0.0811548247398008
4 0.9354725598392364 0.33425341700805716 0.05952177678548622 0.07646732473980081
4 0.8088211004924309 0.4378841073062617 0.05341724715020853 0.08238977611928178
5 0.5 0.5 1 1