5 0.5 0.5 1 0.98671875
1 0.2328125 0.23359375 0.03515625 0.0359375
1 0.3640625 0.2703125 0.0453125 0.0359375
1 0.58125 0.209375 0.0484375 0.04296875
1 0.5046875 0.228125 0.0375 0.02890625
1 0.75625 0.13671875 0.046875 0.0484375
1 0.78984375 0.39765625 0.05234375 0.028125
1 0.8375 0.425 0.0390625 0.021875
1 0.940625 0.29453125 0.05625 0.040625
1 0.33359375 0.496875 0.046875 0.03671875
1 0.40625 0.45859375 0.05078125 0.03203125
1 0.115625 0.434375 0.06953125 0.0484375
1 0.40234375 0.7015625 0.04296875 0.03984375
1 0.74296875 0.72109375 0.05234375 0.05390625
1 0.09609375 0.6328125 0.046875 0.0453125