0 0.7477913763407888 0.673968643239305 0.2546575748547749 0.10581881458888916
0 0.7997305578961549 0.5968963437523952 0.13721751778268027 0.1311798776591669
0 0.7002721751407159 0.8291477589306245 0.08092897642635144 0.09553201196784719
0 0.5269394131490038 0.4828027018442704 0.10669095574818713 0.0789627610179167
0 0.6002336337843871 0.7970639171749996 0.1280950748547749 0.10287303970326392
0 0.6517833252645504 0.8795484556439925 0.10407537799792799 0.08982752583555573
0 0.31115605541495556 0.5683810984051387 0.07224318114108108 0.07660017401194459
6 0.7948911623204343 0.77845546827743 0.0903767510334573 0.09731271751493047
6 0.7250302725356821 0.7394124584937842 0.13045809553293922 0.12009690729444458
6 0.7484719648444149 0.5206618052834022 0.11803087014004507 0.12136846656499997
6 0.5787137748119937 0.3853997185617704 0.10178513192686936 0.07416615824437507
6 0.587774097599854 0.29446559403673567 0.08365587014004525 0.12056837955902786
6 0.7057514638109577 0.4262403112673258 0.09342897642635144 0.0958229526972918
6 0.49084990177646437 0.3796238036678815 0.08405397642635144 0.09560474715020835
6 0.42321294561399264 0.4554972790665969 0.08532537799792798 0.08939111474138883
6 0.3531016528099217 0.47824575446531226 0.08234592721213971 0.09244337955902786
6 0.3750730062007438 0.5637650271667358 0.0927397717116218 0.11453658510611113
6 0.3457922286981538 0.673940114172708 0.08430653349844608 0.06751611474138901
6 0.5040884181114025 0.5631084508943399 0.09571922249741008 0.11148432028847229
6 0.5713552706736552 0.9494628717721524 0.10669095574818713 0.0789627610179167
6 0.4382259394087395 0.8282080804533678 0.07693068114108108 0.07670927678548622
6 0.4595872090534467 0.7495011989944789 0.060252603390822126 0.08724673328249999
6 0.4860340849844601 0.6456488471708677 0.08601458271265763 0.0706774823325695
6 0.5210490938758003 0.7089658115516663 0.08122007485477489 0.1017820119678472
6 0.5977378724118475 0.6931031157882288 0.12101032092583353 0.11831620174736131
6 0.6367854098392349 0.7422484773954856 0.10760279238978612 0.13205139342673605
6 0.5842874944139196 0.6058213213353121 0.09924232878371626 0.08659342306201392
6 0.5817938870941559 0.5354906375397217 0.09132282092583352 0.11762521751493046
5 0.5553424714639527 0.5011520051309023 0.8893150570720947 0.9926045269729175