5 0.4984375 0.66171875 0.93203125 0.67578125
3 0.4171875 0.984375 0.0609375 0.03125
3 0.43671875 0.9453125 0.0703125 0.04375
3 0.47421875 0.790625 0.0546875 0.06953125
3 0.53671875 0.815625 0.071875 0.065625
3 0.13046875 0.7375 0.09453125 0.075
3 0.27890625 0.803125 0.09296875 0.071875
3 0.31875 0.78359375 0.08203125 0.0765625
3 0.32265625 0.69140625 0.06953125 0.04765625
3 0.40859375 0.6875 0.10625 0.07890625
3 0.25546875 0.65546875 0.07421875 0.05703125
3 0.15859375 0.59375 0.0765625 0.0671875
3 0.23046875 0.54609375 0.08828125 0.0765625
3 0.284375 0.5890625 0.05546875 0.0578125
3 0.31796875 0.5640625 0.0890625 0.0890625
3 0.2640625 0.46484375 0.03671875 0.03828125
3 0.31328125 0.43828125 0.096875 0.0625
3 0.409375 0.40390625 0.07265625 0.0390625
3 0.39765625 0.50703125 0.0890625 0.0625
3 0.41875 0.56875 0.103125 0.065625
3 0.5 0.58828125 0.071875 0.05703125
3 0.53046875 0.478125 0.0359375 0.028125
3 0.55703125 0.4125 0.0796875 0.06328125
3 0.52734375 0.54140625 0.0546875 0.090625
3 0.5859375 0.565625 0.06171875 0.0625
3 0.609375 0.63984375 0.01953125 0.02578125
3 0.5078125 0.709375 0.01953125 0.03046875
3 0.79140625 0.57890625 0.05234375 0.053125
3 0.68671875 0.48203125 0.05234375 0.04765625
3 0.6484375 0.49375 0.02890625 0.021875