6 0.2859375 0.38515625 0.1140625 0.06640625
6 0.28515625 0.446875 0.08046875 0.04609375
6 0.47421875 0.50078125 0.07421875 0.078125
6 0.31328125 0.50703125 0.1015625 0.07109375
6 0.64609375 0.5484375 0.090625 0.08359375
6 0.81875 0.6421875 0.11640625 0.0953125
6 0.325 0.66640625 0.090625 0.0796875
6 0.0953125 0.6546875 0.14375 0.07421875
6 0.03046875 0.98515625 0.0609375 0.0296875
6 0.4453125 0.90703125 0.11953125 0.0734375
6 0.58125 0.81484375 0.13984375 0.08125
6 0.83046875 0.95234375 0.1 0.0953125
6 0.62890625 0.871875 0.1 0.05234375
5 0.5 0.63671875 1 0.72109375