5 0.5 0.5 1 1
0 0.512583375874258 0.41247642121628375 0.6876485710303566 0.8249528424325675
0 0.5501531162098965 0.8066329121200557 0.04416815651766246 0.07391268899896417
0 0.49686448974646336 0.7809822487616549 0.1072317587805987 0.17369867328319835
0 0.6891656192349586 0.7915622220876345 0.1996919695529872 0.22486737510244392
0 0.8011413609453392 0.293244538465354 0.050445427594901206 0.07889128742738745
0 0.7978936410977643 0.2722963376795656 0.07725336729005097 0.12231595574818703
0 0.8575873245463981 0.458629789913096 0.08928066861791066 0.04164815260503385
0 0.7878066105525556 0.5533108972328596 0.026707945745273777 0.026237168320799496
5 0.23783336074894743 0.44920367163056846 0.22575449980360823 0.14016704342324343
5 0.24592363758172292 0.6309074358985921 0.17128516842151909 0.17511993217453856
5 0.18969480083688056 0.23419940984374418 0.09306926483072289 0.1558562018192456
5 0.29252033986810033 0.3122451730783105 0.1351022287263694 0.1312586162111037
5 0.3077509510098312 0.5123714516143578 0.19112496974937895 0.09481600206691461
5 0.4202362737095175 0.2359651552956302 0.22423849336070062 0.4165839942090318