5 0.49765625 0.496875 0.9953125 0.940625
0 0.41640625 0.48125 0.7640625 0.5984375
0 0.82734375 0.4890625 0.06875 0.0375
0 0.79453125 0.5390625 0.15859375 0.08984375
0 0.8328125 0.3515625 0.196875 0.17578125
0 0.36015625 0.18671875 0.07109375 0.0421875
0 0.3390625 0.18828125 0.1125 0.0640625
0 0.53125 0.15 0.0265625 0.08515625
0 0.6140625 0.22890625 0.021875 0.02421875
5 0.4296875 0.75625 0.10625 0.2140625
5 0.61015625 0.76796875 0.15 0.153125
5 0.2109375 0.7796875 0.14140625 0.078125
5 0.303125 0.68671875 0.11171875 0.121875
5 0.50234375 0.69375 0.06640625 0.1828125
5 0.24765625 0.55390625 0.38515625 0.18046875