5 0.5 0.50703125 1 0.9859375
3 0.859375 0.6140625 0.096875 0.06640625
3 0.78125 0.20625 0.08359375 0.0734375
3 0.7828125 0.30390625 0.0859375 0.04921875
3 0.8765625 0.50390625 0.090625 0.07265625
3 0.77734375 0.428125 0.08359375 0.090625
3 0.79453125 0.52265625 0.09921875 0.0640625
3 0.6828125 0.5734375 0.084375 0.103125
3 0.7765625 0.61171875 0.07890625 0.090625
3 0.65390625 0.18359375 0.08984375 0.11328125
3 0.58046875 0.1828125 0.1015625 0.1171875
3 0.45 0.1609375 0.0953125 0.12109375
3 0.234375 0.2203125 0.13515625 0.06484375
3 0.33203125 0.22421875 0.0625 0.06953125
3 0.234375 0.278125 0.075 0.0875
3 0.3234375 0.30546875 0.0796875 0.078125
3 0.22578125 0.34453125 0.08828125 0.075
3 0.12890625 0.39765625 0.10859375 0.1390625
3 0.27421875 0.4859375 0.12421875 0.1015625
3 0.1953125 0.5515625 0.1046875 0.065625
3 0.13515625 0.60234375 0.07109375 0.09375
3 0.15 0.6578125 0.09375 0.0875
3 0.21328125 0.6375 0.065625 0.08125
3 0.2578125 0.60625 0.0765625 0.06875
3 0.60078125 0.4015625 0.03671875 0.0296875
3 0.25546875 0.72890625 0.078125 0.0921875
3 0.31484375 0.68515625 0.11015625 0.0890625
3 0.4046875 0.7046875 0.04609375 0.04375
3 0.4875 0.72109375 0.09609375 0.0765625
3 0.3984375 0.80703125 0.08671875 0.0765625
3 0.49375 0.7921875 0.10859375 0.065625
3 0.59609375 0.8046875 0.090625 0.08515625