5 0.5 0.5 1 1
3 0.626700642044481 0.12038930091882309 0.07046823295387128 0.10083830290255764
3 0.2138790880667214 0.2059424320364999 0.0780625446422687 0.08861112141421197
3 0.31312511160567175 0.20404013693849055 0.05311709172016936 0.09086310217691826
3 0.5146546095770769 0.10554060563547929 0.07819891233702041 0.09642362141421193
3 0.4382478425309483 0.20670629075202207 0.09525004464226879 0.08921132213985139
3 0.5348501071414449 0.187698341207509 0.06896028003177221 0.10390873920022684
3 0.5852785754848198 0.3000693664352525 0.1077500446422686 0.08964783175849825
3 0.6242671631477993 0.20490071017465022 0.09360572402541774 0.08446925843752054
3 0.19114279179959964 0.33650295127379354 0.11879663879807004 0.09627977767481415
3 0.19087578489974075 0.4107762649761245 0.12213982710967279 0.10888890507947586
3 0.16894801217156935 0.5428720023622527 0.12515573295387142 0.10274803248413758
3 0.2290299443940921 0.7604389590783418 0.07117734496658024 0.14146330290255768
3 0.2319855746707455 0.6610565179713493 0.07299321509696392 0.0665724303072194
3 0.2876236943940921 0.7583928202409348 0.09198867694751697 0.08128969473518968
3 0.31498898944339787 0.669102141747814 0.08113299756436802 0.08559524881887377
3 0.35500210916674446 0.766984081040708 0.07817163879807003 0.09486112141421188
3 0.4082828421206159 0.8636209788637899 0.14415119480442443 0.11746529691210768
3 0.4979339029982343 0.7150892204262693 0.10689665665497756 0.1302182680561673
3 0.5641822402541768 0.7932935767795387 0.06906937418757338 0.11015873920022692
3 0.6152595450427152 0.8532662883049514 0.09659435633066593 0.07676588584218251
3 0.6712777199616374 0.8380207450210406 0.09075345941492116 0.09998513103285873
3 0.6498333680951982 0.7738863231513416 0.0839852621748646 0.0700793762235353
3 0.6185600486961632 0.7288565653467934 0.07170345048646727 0.08214286660488845
3 0.411669525971287 0.38586800109630837 0.03190456493480802 0.03859127404661713
3 0.7428742560824894 0.7299875010114902 0.09673072402541774 0.08457838584218216
3 0.6988418380634261 0.6705505028255889 0.09415119480442442 0.11571925843752044
3 0.7191349728043065 0.5791616109929569 0.046130706168510116 0.04845734736759475
3 0.7356445884704632 0.494940378416152 0.08140573295387146 0.10122024881887377
3 0.8224099772685332 0.5841541566391204 0.08124209172016919 0.09184524881887376
3 0.8074377678536122 0.4877429481089327 0.06912392126547431 0.11328373920022675
3 0.8197002142828896 0.384126874787955 0.08913641233702023 0.09680556733052796