5 0.5 0.5 1 1
3 0.6858909519812281 0.1422810079950318 0.08726473734881743 0.11456246974937896
3 0.23719891331159193 0.16154707493918152 0.09178860534690844 0.10052724082661783
3 0.3417318719764556 0.1754373789975159 0.06678860534690845 0.10038179508134397
3 0.5698846913192279 0.10722877624360028 0.09187951201463562 0.10833974082661783
3 0.4734722206397285 0.20120551433974362 0.11057496801399935 0.1037613251355733
3 0.5774330146403649 0.19712252321853815 0.08415791868236297 0.11610678903121974
3 0.6134421452896384 0.325465691836449 0.12465564934754489 0.1054056383672898
3 0.6700199566359105 0.2304758995837754 0.10893974267981754 0.0975022347764936
3 0.19267565929345637 0.294890840064492 0.13568405601527198 0.11328177088084708
3 0.18004784261618414 0.3729476623713949 0.14209768801718106 0.1273806323171655
3 0.13549731659773046 0.5086351774967055 0.14514996268299923 0.12114881303532492
3 0.1639564818985047 0.7486607346782977 0.09240677068745358 0.1536522408266178
3 0.18312519991250403 0.6456402738077134 0.08528406667727224 0.07861587939029935
3 0.22557523456400475 0.7576135538619427 0.10577838001272663 0.09435905405833438
3 0.26882634257641325 0.6664527435570923 0.09643974267981754 0.09742951190385654
3 0.2948792178946867 0.7775493248409857 0.09498633068109026 0.10679542154477702
3 0.3357758432129601 0.8887322645361355 0.1672431386855445 0.1400260780624393
3 0.4538365945655956 0.7472219962875668 0.1282897266868172 0.1491738190854491
3 0.5113303738860961 0.8420941347530524 0.08891814401654478 0.12238406010845856
3 0.555016191876233 0.9150094599868217 0.11041133601209037 0.0896988251355733
3 0.6168258485439602 0.9075560291704665 0.10755905601527208 0.1131181444174139
3 0.6051440085535053 0.8371708062978296 0.09783861067790856 0.08337610226293606
3 0.579208764560823 0.7831100201934761 0.08701019867918128 0.09268746974937887
3 0.416639323281366 0.385262351771957 0.036464758672817864 0.045521578258831144
3 0.7101951352244141 0.806529860356164 0.11206474267981754 0.09752041549465282
3 0.6727320452339591 0.7359946465587133 0.11402723201781732 0.13190450585373253
3 0.7081979252466859 0.6424446344584649 0.05377952800763595 0.05655907220870695
3 0.739675739258458 0.5559031464605175 0.09820223734881743 0.11462610226293642
3 0.8165280459102767 0.6657326644144984 0.09653064934754454 0.10524201190385654
3 0.8161836952578216 0.5610360740554187 0.08897268801718106 0.12707156010845858
3 0.8471257072724573 0.4533962908779315 0.1059783746817267 0.11154655405833439