5 0.5 0.5 1 1
0 0.5688937775051781 0.5567512905690911 0.8499901756675319 0.7492411739906387
0 0.15745528050040306 0.5767574540680634 0.07663691106992569 0.04993101581733086
0 0.18913435563547928 0.5209358769957568 0.18205358656782158 0.1197580375661607
0 0.16253710618363346 0.7224837895433269 0.23538197241000383 0.21710788144438134
0 0.6747146692529922 0.8646194817855732 0.08148810217691818 0.05480951680591417
0 0.6967260785088193 0.8616045697322949 0.12939981252120453 0.08640702669174587
0 0.49688728041558505 0.9160506947137044 0.04077382213985139 0.09527800790866507
0 0.40263133812746615 0.8371033409496521 0.02749008293962447 0.027644838935304606
5 0.5587028442875519 0.2660798696185641 0.14428574645662096 0.24460152866891205
5 0.36780502577589763 0.26612499608284834 0.18122026206571756 0.18525570357377186
5 0.7893005690598084 0.2269695845610425 0.16130457694917483 0.10643036661563351
5 0.6988169235989794 0.33124856627225374 0.1361607332097771 0.1459730276803289
5 0.4866071002780018 0.3366841882879137 0.09760915389834963 0.20369268577927463
5 0.7667806951985259 0.4685840815952929 0.4347470553496285 0.25175608996106896