0 0.6140776941662505 0.5512249010614814 0.13522698635114896 0.2595940852552504
0 0.6135189602963009 0.3384349739922598 0.12628001778268025 0.13443031094499086
0 0.7352378724118476 0.7430582762308233 0.09482031017246655 0.2621525192218769
6 0.24002807216417849 0.6189082095200813 0.04466183664159917 0.05533595318850324
6 0.23447373903723606 0.7004481365893028 0.0291823858558109 0.057642081637205675
6 0.19223058105551866 0.6803093769783645 0.029764582712657715 0.07014208163720585
6 0.1737481007002258 0.6014064490046318 0.026275709677128445 0.06216580732694617
6 0.1548525514860141 0.5972988031430748 0.01755568114108117 0.0757369843961678
6 0.14673183643220217 0.6070046737898611 0.025547963606069857 0.04654080732694617
6 0.14116673304138 0.5209852866347313 0.01693494292790545 0.028943871551297563
6 0.22810596091547355 0.5637293865893028 0.02220463978475227 0.04168953301668665
5 0.684375 0.5096626843053107 0.63125 0.9806746313893786
5 0.19083924730940366 0.5165744255988834 0.33478626219659985 0.7625973337849123