0 0.563078389772976 0.49543854694240935 0.13706755437207468 0.26370724317557437
0 0.5813031022439965 0.2778143992997742 0.12872186068413463 0.13543669396136276
0 0.6701865997353575 0.6799333633201288 0.09669722235685221 0.2680651033908223
6 0.17269878749179854 0.603294012201109 0.04441584486680368 0.05665241439185813
6 0.15991760319539858 0.6873244098437441 0.0288545118629981 0.057487168320799496
6 0.11849410714973127 0.6705393242356024 0.029427514828747635 0.0715496683207995
6 0.10692920745374246 0.590761933003108 0.025920512851581277 0.062029119106587774
6 0.08746162444993684 0.5901091155919312 0.017182182813525192 0.0772174714639526
6 0.07770462247277049 0.5999207632345664 0.026910009885831743 0.04803939371369381
6 0.08048872425965642 0.5124571505381192 0.01833350593149905 0.02892552067816432
6 0.16561579935479662 0.547480659843744 0.023530341901054186 0.04164384449948209
5 0.6593140612177948 0.49163092018282645 0.6813718775644105 0.9832618403656529
5 0.14970156965793274 0.5038419758071788 0.2994031393158655 0.7766910483856423