0 0.4765625 0.58203125 0.2453125 0.115625
0 0.684375 0.59453125 0.1234375 0.11484375
0 0.29375 0.68828125 0.25 0.0765625
6 0.3984375 0.2125 0.05234375 0.0390625
6 0.31796875 0.20234375 0.0546875 0.0234375
6 0.33671875 0.16171875 0.06640625 0.025
6 0.41328125 0.14921875 0.05859375 0.0203125
6 0.41640625 0.13046875 0.07265625 0.01171875
6 0.40703125 0.121875 0.04375 0.021875
6 0.490625 0.12265625 0.02734375 0.01640625
6 0.4515625 0.2046875 0.0390625 0.0203125
5 0.5 0.68828125 1 0.6234375
5 0.49609375 0.17109375 0.7234375 0.27890625