0 0.6 0.6646490824301752 0.159375 0.10835248982323478
0 0.44140625 0.6940543786758451 0.125 0.07998847241038014
0 0.4640625 0.7530232649264637 0.0625 0.08608798620519025
0 0.54609375 0.7026304392821517 0.0984375 0.07390889077317446
0 0.70859375 0.6081766751486575 0.040625 0.03806656603337348
0 0.7921875 0.5967644623492158 0.034375 0.07836401741285463
0 0.884375 0.5130268701965605 0.15625 0.08318871551297527
0 0.98359375 0.5640770358458213 0.0328125 0.1048446302577247
0 0.9578125 0.8537094239054621 0.084375 0.06535940637700648
0 0.93984375 0.7187136261894542 0.1015625 0.10376016508343397
5 0.5234375 0.6491303030315331 0.953125 0.6968261646291488
5 0.57578125 0.13113825672806284 0.5765625 0.2622765134561257