5 0.5 0.5 1 1
1 0.5415208114258139 0.6719360864484589 0.07748974801081765 0.08102390340856669
1 0.6668571660964047 0.6986604533324317 0.08370338534372693 0.07800799756436802
1 0.7667668067711315 0.7563035836090851 0.08375792934436319 0.08269549756436803
1 0.8938292934436312 0.7970631769541076 0.07421929734245439 0.06846935633066593
1 0.9656850174251776 0.6598438206234416 0.05390679734245403 0.06811480032431164
1 0.8066094620862232 0.6212058348269011 0.11364542401336308 0.10040119480442442
1 0.686433322087814 0.6350246473260773 0.07734429734245403 0.06852390340856669
1 0.6150753954089511 0.5464082065788426 0.08986247867599957 0.07030459172016937
1 0.7178544027291335 0.4477195162386449 0.08993520401018137 0.07655459172016954
1 0.9318998160804963 0.5768228149413988 0.08368520401018138 0.07644549756436803
1 0.8716435687459964 0.5692790961909868 0.06789657200827222 0.062110262174864775
1 0.8811725627386785 0.5151955681878096 0.08210452267663584 0.07485572402541774
1 0.8393743193825433 0.34792229343104325 0.07741702267663583 0.07477390340856668
4 0.5742605860916321 0.6651133421305018 0.16108404535327187 0.14965690097293455
4 0.7861798781030862 0.7458064143722059 0.16433631468809012 0.16064894805083546
4 0.9221777287157705 0.7917892958666753 0.155644542568459 0.17161372158978558
4 0.9288720767027258 0.6088404281719235 0.14225584659454854 0.19009098620028234
4 0.7619231234086328 0.5415007439175106 0.16913290268936265 0.17010576866768634
4 0.8531646467218156 0.3914404683499654 0.16589881468809012 0.16067622158978567
3 0.19043628536758933 0.24907092532595917 0.09631247334499946 0.0876011858759707
3 0.21959816872213384 0.4048436383943283 0.12004087468172653 0.11301028896022594
3 0.20387481341499622 0.5981260340922572 0.10076361600890867 0.06737050649282175
3 0.2508583540738148 0.5394816911542717 0.08190452800763603 0.05766822402541756
3 0.07584926340704205 0.5417550775167099 0.07425566000954502 0.07159435633066594
3 0.025676540738360336 0.5277840807631208 0.039571577339272454 0.04443183847375849
3 0.05440043006045177 0.4444533835230643 0.09992836935072646 0.12984323295387146
3 0.017517500716088635 0.36383067491892207 0.027580654678544914 0.08796365016215582
3 0.08300559337204368 0.28376529951353263 0.04293293467536326 0.06479888555165925
3 0.14750608740449672 0.5217504947249942 0.12327496268299924 0.12243983603812651
3 0.05744361405949726 0.4373675864451636 0.10616018801718104 0.12838982710967278
3 0.12850045404995225 0.36580050365344796 0.09186133068109026 0.10783186525911966
3 0.07327551002545338 0.18625905397775952 0.14389654535327182 0.14935689204448094
6 0.3070480034611305 0.9362379143689106 0.10292610001590834 0.11896028003177221
6 0.36362472012249436 0.8961799301972231 0.0804329346753633 0.06545345048646709
6 0.40594003679976665 0.9735821814150392 0.08326703333863605 0.04050799756436803
0 0.2500258441279032 0.938014648540598 0.10759541868236289 0.11747960064862326
0 0.34963439811422203 0.835474255278301 0.12476473734881743 0.11621710957707698
0 0.33815310013522104 0.990393580359379 0.06571590666772717 0.008957988635914304
0 0.39016958613140307 0.9613549168045425 0.07418293467536322 0.06534435633066593
6 0.16393435013522104 0.9934345799523419 0.09540340666772722 0.0094761858759707