5 0.5 0.5 1 1
1 0.6957326546230874 0.51640625 0.07946140340856651 0.0765625
1 0.7405894127407622 0.40078125 0.07798072402541756 0.08125
1 0.8109507313290184 0.3140625 0.08266822402541756 0.08125
1 0.869856352677218 0.19765625 0.06844208279171582 0.071875
1 0.7479619874180983 0.10703125 0.06652502678536117 0.0515625
1 0.6872308133099552 0.253125 0.0988114212654743 0.1109375
1 0.6814911022701808 0.371875 0.0669341298696164 0.075
1 0.5863246525944925 0.425 0.07027731818121907 0.0875
1 0.5054137974816425 0.31015625 0.07496481818121907 0.0875
1 0.6639142698855023 0.12578125 0.0780352711033185 0.084375
1 0.6461461172877146 0.18203125 0.06054776217486459 0.0671875
1 0.5958461083592608 0.16484375 0.07485572402541756 0.08125
1 0.4288767966708636 0.17734375 0.0747466298696164 0.075
4 0.6944059338440806 0.48515625 0.14960235389503396 0.15625
4 0.8051137885531887 0.29296875 0.15908644805083547 0.1625
4 0.8708324715897856 0.1640625 0.17002394805083512 0.1625
4 0.6951915434244527 0.12734375 0.1870205332781829 0.1515625
4 0.6041688973194868 0.28359375 0.16851599512873605 0.165625
4 0.4717228157455871 0.1703125 0.15908644805083547 0.1625
3 0.2340174533225458 0.78515625 0.08757391233702042 0.09375
3 0.38866404301412033 0.7828125 0.11298301542127547 0.1171875
3 0.5730759991826305 0.8296875 0.06893300649282175 0.1
3 0.5228890385498934 0.77421875 0.05766822402541756 0.08125
3 0.4977095807565302 0.94296875 0.07312958279171564 0.071875
3 0.4789010795387142 0.984375 0.04273297077900686 0.03125
3 0.400902764603906 0.946875 0.12828073295387146 0.0984375
3 0.31618289122711146 0.971875 0.08651024431795715 0.0328125
3 0.25075671427959445 0.89375 0.06323638555165915 0.0421875
3 0.4894237479648146 0.87109375 0.12243983603812651 0.121875
3 0.3961743542954805 0.94453125 0.1252375535707225 0.103125
3 0.336957267039538 0.8640625 0.10626936525911965 0.090625
3 0.15385444074064414 0.8921875 0.14793075973923261 0.15
6 0.917624840092021 0.7859375 0.12208528003177221 0.1015625
6 0.8852975353034825 0.72421875 0.06386367694751698 0.078125
6 0.9729217615643091 0.69765625 0.0541564768713819 0.08125
0 0.9209504374942334 0.8421875 0.14091710064862326 0.10625
0 0.8252094691508585 0.728125 0.1146000624991764 0.1203125
0 0.981291873777241 0.76328125 0.027680715096963838 0.0640625
0 0.9600520734529295 0.71015625 0.0794341298696164 0.075
6 0.9647743498312537 0.9359375 0.040698912337020235 0.09375