5 0.5 0.5 1 1
1 0.325 0.50703125 0.07109375 0.06875
1 0.28828125 0.62421875 0.06875 0.07421875
1 0.22578125 0.71484375 0.0734375 0.07421875
1 0.1765625 0.83359375 0.059375 0.065625
1 0.3015625 0.9125 0.0609375 0.046875
1 0.35078125 0.7640625 0.08671875 0.10078125
1 0.3484375 0.64765625 0.059375 0.06875
1 0.43828125 0.58671875 0.0609375 0.08046875
1 0.52421875 0.6921875 0.06640625 0.08046875
1 0.3828125 0.8859375 0.06796875 0.07578125
1 0.3953125 0.8296875 0.05390625 0.06171875
1 0.44609375 0.84296875 0.065625 0.0734375
1 0.60859375 0.815625 0.065625 0.06796875
4 0.32890625 0.53828125 0.13125 0.14296875
4 0.23359375 0.73515625 0.140625 0.146875
4 0.178125 0.86640625 0.1515625 0.14765625
4 0.35234375 0.88828125 0.1703125 0.134375
4 0.43046875 0.72734375 0.14921875 0.15
4 0.5671875 0.8265625 0.140625 0.14765625
3 0.75703125 0.20546875 0.07578125 0.0859375
3 0.60625 0.2203125 0.09921875 0.1078125
3 0.42265625 0.190625 0.0578125 0.09375
3 0.475 0.240625 0.04921875 0.075
3 0.48828125 0.0734375 0.0640625 0.06484375
3 0.5046875 0.0265625 0.03984375 0.0359375
3 0.58359375 0.05234375 0.11640625 0.1046875
3 0.6640625 0.02109375 0.08203125 0.0421875
3 0.73359375 0.10078125 0.05859375 0.0359375
3 0.50078125 0.14296875 0.10859375 0.109375
3 0.58828125 0.05625 0.11328125 0.10859375
3 0.6515625 0.13671875 0.09609375 0.08046875
3 0.828125 0.09375 0.13203125 0.13671875
6 0.0890625 0.2625 0.1109375 0.08984375
6 0.12578125 0.3203125 0.05625 0.07109375
6 0.0328125 0.35390625 0.065625 0.07578125
0 0.07578125 0.20859375 0.14453125 0.09296875
0 0.184375 0.3109375 0.1015625 0.11015625
0 0.0203125 0.28984375 0.040625 0.0609375
0 0.04609375 0.34140625 0.08671875 0.06640625
6 0.025 0.12109375 0.05 0.08828125