0 0.4924805907065436 0.3022866176914564 0.17174882535009015 0.1264103157455871
0 0.6491396707113161 0.3401702215864904 0.13544769867918127 0.09453302434972918
0 0.6491663953691802 0.27534010835596556 0.07605451734563573 0.09193412986961631
0 0.5555982087046345 0.28932869601894523 0.10723179201145391 0.08622960064862309
0 0.37228626937458903 0.3103428051922802 0.04578521467218159 0.04141593262955982
0 0.2907817307049528 0.2870495811668626 0.04780224801081765 0.0805057061685102
0 0.17721921737745253 0.32802736282348777 0.1652261053469085 0.10286372158978577
0 0.08630276869827128 0.23427163433384318 0.08254087468172658 0.11235572402541774
0 0.19345110268140842 0.11194839529089182 0.11538973734881748 0.1160534683433748
5 0.5 0.37357128246410876 1 0.7471425649282175
5 0.3314474721116767 0.8228471647726524 0.6041271627148159 0.35430567045469524