0 0.57109375 0.69140625 0.1484375 0.08515625
0 0.4140625 0.6984375 0.11796875 0.0609375
0 0.43046875 0.75859375 0.0546875 0.07578125
0 0.51484375 0.72109375 0.0921875 0.06015625
0 0.68046875 0.65078125 0.0375 0.03203125
0 0.76328125 0.6515625 0.02734375 0.07421875
0 0.859375 0.58203125 0.1484375 0.06015625
0 0.9703125 0.646875 0.059375 0.0984375
0 0.9234375 0.9265625 0.11953125 0.05
0 0.89609375 0.790625 0.09140625 0.0890625
5 0.5265625 0.6953125 0.94609375 0.60859375
5 0.59375 0.15 0.546875 0.21484375