5 0.4864458652541261 0.5005910333860949 0.9614832694917478 0.9988179332278102
4 0.39407230446220215 0.875624754948058 0.06330358656782158 0.11422763605166182
4 0.382911604369535 0.7697240959351423 0.08625001324684387 0.10084709765100222
4 0.4451735021926167 0.8231506243066724 0.10085815027015244 0.11688127461060631
4 0.43540417650938623 0.6774062152937569 0.10623513103285873 0.092063131037097
4 0.5079537883049514 0.6153896000917776 0.08296132213985138 0.09606866943775678
4 0.5364458652541261 0.5161170257977405 0.0766021947351895 0.09276181301126592
4 0.4484175863981855 0.5510937678801817 0.09395338584218216 0.09794941818411544
4 0.3726065653467933 0.6169257048689156 0.12547620435383652 0.10667120031656907
4 0.2914632035512283 0.6786922674844702 0.08043652286549072 0.11316524122451135
4 0.24710805754224507 0.5827743622324786 0.09482640507947586 0.12294941818411545
4 0.3921353592636764 0.4384058997752084 0.09200893992586626 0.0869664540774929
4 0.48454111407299977 0.43483828206594666 0.08581350362819702 0.08834709765100221
4 0.40841761289187345 0.35285484468150125 0.1020932680561673 0.10755173871722885
4 0.4667211862128511 0.34047451662654044 0.07849207694917482 0.10218227711788871
4 0.5751041158870983 0.3944609861434395 0.0891021947351895 0.09312552586424747
4 0.6116715876641299 0.3102822144358271 0.0763293762235353 0.084949313011266
4 0.5566691183341691 0.2281312924907879 0.08915675843752062 0.09468802586424747
4 0.610158706083117 0.1968418400626477 0.06777283175849824 0.10811402837152988
4 0.5679563371159758 0.10646088097058995 0.10311013103285874 0.09197220282385157
4 0.49231893085537354 0.1449263359060126 0.08948414065150559 0.10406302586424747
4 0.7167088064459367 0.19133964931299002 0.07147818511654283 0.08012542069139794
4 0.7251264524549199 0.28621188011266013 0.0712599303072194 0.07387542069139794
4 0.7013020281381503 0.43097881083318795 0.06054068511654265 0.0798071719450391
4 0.6296799992822099 0.4664329260351673 0.07298612141421187 0.07860838479802065
4 0.6822494385751038 0.5062826877136498 0.0750744110699257 0.04901181301126591
4 0.7603595696079626 0.41940246483153854 0.06166667549789597 0.06735263605166182
4 0.8012648226031874 0.4573487457103509 0.061994057711881115 0.07672763605166182
4 0.752090712621721 0.47703310840504776 0.0551438569862416 0.059358279625171304
4 0.7275321675237116 0.5756380929656416 0.06210318511654282 0.07985263605166182
4 0.690076807542245 0.5956634364600085 0.06517362141421187 0.07838106426490725
4 0.6352355401190499 0.5760807106749034 0.08221727767481415 0.11946070533113406
4 0.8103000275051782 0.5569312085633322 0.0682440577118811 0.07690949247815268
4 0.828447337579312 0.6419199740027386 0.06797123920022692 0.06909699247815268
4 0.7403818531884085 0.7003569481384911 0.060649812521204535 0.0829321719450391
4 0.6266095298674308 0.7111233004083466 0.07067957694917482 0.10195495658477541
4 0.7201288621740832 0.810035825018953 0.0760565577118811 0.07713681301126592
4 0.634109516620587 0.8098790491547054 0.07347719473518968 0.09267088479802048
4 0.686505341122691 0.8770952928864993 0.0888293762235353 0.0853130258642473
4 0.5172320406672041 0.7751965091046931 0.09902283175849824 0.10902331050398359
4 0.5717732077275796 0.8033729848897982 0.07380457694917482 0.10204588479802049
4 0.5325073218853973 0.8976398104374766 0.09864088584218215 0.0980858105039836
4 0.6035638663504346 0.9231686593421198 0.08430556733052796 0.08986413354437914
4 0.686505341122691 0.8770952928864993 0.0888293762235353 0.0853130258642473
4 0.6855752689828396 0.9640943899771877 0.0935168762235353 0.07181122004562468
4 0.8024180617185962 0.7154567624033983 0.07147818511654265 0.08012542069139794
4 0.7174205906593548 0.35011525573948077 0.09497024881887359 0.08236988229073816
4 0.709211209541678 0.7643596121659715 0.056106156260602266 0.04221624373179385
4 0.8613293033658938 0.48412184586863544 0.05881449400955034 0.07507420783841638
4 0.867041100826156 0.5445054164017489 0.051220248818873416 0.08109688730530315
4 0.6547196940173994 0.3764444235278848 0.05127481252120454 0.08265938730530316