5 0.5 0.5 1 1
4 0.8458185775714601 0.534021870192501 0.11607951795398108 0.08418464947960161
4 0.7483668606507516 0.5640601729968916 0.10680451190385654 0.10088082654882306
4 0.7838952944921688 0.49563107756487595 0.12565450585373253 0.11905097241038014
4 0.6497657341873184 0.5307762822237173 0.10377950585373252 0.11790455223856355
4 0.5744566619786114 0.4737206987774892 0.1036613311856975 0.09759205223856356
4 0.47443848126045224 0.4653549208491851 0.09893746974937905 0.09109639077317447
4 0.5279907281371943 0.5415765841235967 0.10842155405833438 0.110337713703953
4 0.6080054810640604 0.602002829035214 0.12108518052176756 0.13911781094499087
4 0.6849270502477054 0.6677340496365718 0.11929542154477701 0.09997342378986111
4 0.6040497549699697 0.7275384175698247 0.1303147347764936 0.1146091338757694
4 0.43470433645025475 0.6163508548158114 0.09744769262201594 0.10351450361804453
4 0.4107668667008758 0.5291850474888653 0.0958488311856975 0.09718261646291496
4 0.3511424027070334 0.6174386420163698 0.11784200585373243 0.11864153663473136
4 0.3250520804983264 0.5629625039567289 0.10833974082661779 0.09627521370395282
4 0.3509464391059745 0.4495108355939347 0.10056360226293623 0.10211577792830422
4 0.2641458758742579 0.43090359848423343 0.09267837939029935 0.08920634215265526
4 0.19972028239192036 0.4993802815463487 0.10212610226293628 0.10219766508343398
4 0.15728279751723084 0.45420057835784544 0.11140110831306052 0.08550148801421234
4 0.08185152634179614 0.5103853013340525 0.10377041549465285 0.11634205223856356
4 0.13612139070498083 0.5757104081860289 0.11151928298109555 0.10581398801421234
4 0.12857601453613532 0.3527266095655099 0.08796360831306052 0.08427318068726608
4 0.2151220477136226 0.3275838466752111 0.0801420179539809 0.08230124491161739
4 0.35567887002052545 0.3232349406368888 0.08478406615858276 0.07473440637700657
4 0.406024303665551 0.38523032960104087 0.08641019867214013 0.08575379353213633
4 0.43067887002052546 0.3271655240831169 0.05982951795398091 0.08123671189493056
4 0.3311510478118184 0.2688406897323777 0.07384656615858276 0.07416119629109837
4 0.3574408370394299 0.22335777136958343 0.08166815651766246 0.07613313206674706
4 0.38658798155503976 0.26627893373948386 0.0644170240041051 0.06429487336031983
4 0.48502548155503983 0.2714378245126582 0.08479315651766228 0.07629690637700666
4 0.5125464935570923 0.30333959972742885 0.08480224687674216 0.07785940637700665
4 0.5081862464839586 0.3593439382620396 0.12556360226293642 0.10342597241038014
4 0.4494465298578376 0.19693911352223878 0.08326701795398073 0.0824650192218769
4 0.5242238160603869 0.1625884469684669 0.07542724687674199 0.07736808344622807
4 0.5996328822189698 0.23683153041469499 0.08634656615858276 0.07481629353213633
4 0.6361748910977643 0.34262118498267924 0.10672269867214013 0.08681832654882307
4 0.7074044756031115 0.23545049411864785 0.08486587939029935 0.08879690637700657
4 0.7274084242752515 0.31772408355776977 0.09891928903121965 0.08797139077317437
4 0.7778078791939077 0.2547604160994867 0.09274201190385653 0.10014384215265544
4 0.7218447463857627 0.4353652849372508 0.1178238251355733 0.11551653663473135
4 0.7355709030998169 0.3782897693334185 0.10674087939029935 0.08994332654882306
4 0.8333135115110732 0.398251466529028 0.11000223477649378 0.11354460085908258
4 0.8399175146343312 0.3251824587271119 0.09898292154477702 0.09890889077317437
4 0.7778078791939077 0.2547604160994867 0.09274201190385653 0.10014384215265544
4 0.8807919786281737 0.2359462183380503 0.12406473477649342 0.11428158525525038
4 0.600050517855785 0.17437247399225986 0.0879636083130606 0.08427318068726608
4 0.2767953459182245 0.32300588930283636 0.09278746369925477 0.10795634215265534
4 0.6669021954506863 0.25441517808527425 0.048773843285945875 0.06035100180902227
4 0.3687959726762452 0.16147192503305657 0.08007838544042353 0.07136374491161734
4 0.4233652980082102 0.14402547546259786 0.0831670240041051 0.06527751922187686
4 0.3153856681269315 0.37813712460351523 0.08786361436318471 0.06708568068726617