5 0.5 0.46888378246410883 1 0.9377675649282177
3 0.10689872139558805 0.46036653003177214 0.12792610001590835 0.11939665665497756
3 0.2358771493873157 0.40169273376465037 0.17494655068427187 0.13271486282348768
3 0.14537832403722556 0.2767006420444809 0.09366018801718105 0.12817163879807011
3 0.23143345536281684 0.22118307345622484 0.08561133068109025 0.10772277110331832
3 0.40151014536918017 0.2710172524323367 0.09462270401018139 0.07663641233702041
3 0.5522186700349984 0.2673991489410445 0.10937609468490823 0.13625687418757346
3 0.7205232273631349 0.23206344114768124 0.1264545066836355 0.12718188311602718
3 0.768850544676954 0.0891861943940921 0.11515338001272664 0.0957409683433748
3 0.629460780673136 0.05863384942751184 0.12440111067790856 0.08496710957707684
3 0.4320857940006363 0.012228633519769003 0.10479658800127253 0.011202327109672778
3 0.47511872601049954 0.08562126907142818 0.28608404535327187 0.15183878408896187
3 0.4380192626909535 0.18651556736714486 0.14011701734563572 0.09305234496658024
3 0.2835766633513628 0.13773537378053638 0.11515338001272664 0.0957409683433748