5 0.5 0.4265625 1 0.85234375
3 0.11875 0.55 0.1046875 0.09375
3 0.228125 0.475 0.1484375 0.0984375
3 0.12890625 0.37578125 0.06953125 0.10625
3 0.20078125 0.31171875 0.06484375 0.08984375
3 0.36171875 0.3296875 0.078125 0.05859375
3 0.4984375 0.30234375 0.084375 0.1125
3 0.64765625 0.24296875 0.1015625 0.1015625
3 0.6734375 0.08828125 0.0953125 0.103125
3 0.540625 0.08046875 0.10546875 0.09765625
3 0.353125 0.04765625 0.0953125 0.0765625
3 0.40390625 0.1484375 0.25 0.09765625
3 0.384375 0.24609375 0.1203125 0.06640625
3 0.23671875 0.2265625 0.0953125 0.07109375