5 0.465625 0.5 0.93125 1
0 0.6606477141731297 0.4389339411421201 0.20085912100796702 0.19858337452429886
0 0.647919359791703 0.15229344559074437 0.16663723370266403 0.14880886760421674
0 0.4362220271843957 0.3747281555903068 0.1875527904457238 0.277634204562355
0 0.4783510058724948 0.18729448117973863 0.07405727711788863 0.07792868182494202
0 0.4335613430986555 0.171172074069376 0.11260295157021041 0.1153941897336074
0 0.5479574975592245 0.4232372983662135 0.07730194906292791 0.1358048488211363
0 0.4585550506078677 0.7335473986702247 0.2713534774344577 0.20769838935304658
0 0.26565346291948844 0.4441041911793011 0.17693823620994645 0.1273795365775774
0 0.21203436942512144 0.4096137860461049 0.1395746285298145 0.13053902866891215
0 0.2784967922280905 0.5122493547154544 0.089636813011266 0.07700285178688589