5 0.5 0.5 1 1
1 0.8428082557964924 0.7588677072595132 0.06246493882958326 0.06704333605604162
1 0.009587326653645587 0.6207118902926041 0.019174653307291175 0.07107621941479181
1 0.04691583396874941 0.7016521125571874 0.07038654160312505 0.0719126740119446
1 0.3434946675562492 0.9758467998681594 0.058321646276527785 0.023220600873680653
1 0.5766169452916658 0.9235712125778466 0.05788654160312508 0.07162173328250035
1 0.8581436214878119 0.7038528989388881 0.04825696846486131 0.06046602773541672
1 0.890250872722083 0.5321045322976381 0.04502286569131968 0.055705792553055564
1 0.94319403476618 0.5386805341974992 0.03081489532659738 0.04912848423243048
1 0.9342742828663191 0.4857919235401728 0.03557513050895835 0.052362587005972294
1 0.7739628704409721 0.060068490978853514 0.04941942496187508 0.04331489532659727
1 0.803503593655486 0.13277863915524238 0.05447060087368065 0.05904899810013893
1 0.39363959080569444 0.0626739994313191 0.04825696846486114 0.06046602773541672
1 0.27081707380385395 0.20686237015663173 0.04138871941479163 0.033758057370694504
1 0.2600847151432979 0.8692532673830901 0.049492160144236144 0.04643989532659738
1 0.20421657485069372 0.85415625066559 0.05763196846486114 0.06068423328250035
1 0.04973497549562454 0.5469827963527777 0.07994337955902785 0.07994337955902786
3 0.6302485848217707 0.09542737557187446 0.07859908510611113 0.08928201196784728
3 0.6203806627096873 0.21746602973218696 0.06780705547083343 0.09527743882958344
3 0.7398567081125345 0.2506032252112841 0.10414459897381967 0.11330139342673622
3 0.8703800094993053 0.24522278134770756 0.051236498100139014 0.054288762917777865
3 0.863456555852083 0.30785006791683955 0.09745818787965277 0.09440592306201392
3 0.8336235854873608 0.31479105214927017 0.06980466014423606 0.0469126740119445
3 0.748540070669722 0.3136480858686105 0.13801045269729162 0.09222648043270851
3 0.6252662248300345 0.30948987557187446 0.09182513050895835 0.05367182028847228
3 0.7179057068782635 0.4221152025098605 0.11639002583555573 0.10265483415618064
3 0.8410165517680206 0.39972909660218675 0.1031990416031249 0.07267639342673622
3 0.856930532866319 0.48759211930361046 0.11097517401194423 0.071295731382639
3 0.7927764606779857 0.5265650067464229 0.09774912860909737 0.1069059230620141
3 0.5905807938842358 0.39072234498666614 0.06722517401194458 0.07027743882958344
3 0.6246622403132635 0.5367245227983328 0.09400587955902787 0.08027068787965277
3 0.6567447756481244 0.70151306820118 0.1064695119678472 0.07899912860909737
3 0.5322792910344442 0.3124349972471176 0.06370013050895836 0.05301720364722229
3 0.5191967563651734 0.3713015041809718 0.07340243882958326 0.06729790919430556
3 0.4539731062889233 0.2884903106017357 0.09604115824437506 0.10061955547083343
3 0.2982686201566317 0.2686895697197914 0.10905030452090285 0.12278549620027786
3 0.169960475779965 0.3466353446054165 0.10000130642076392 0.06947865824437507
3 0.12188207921909675 0.5671667033628818 0.095060539703264 0.12558318787965278
3 0.20671167410885372 0.5456716034391318 0.11431837955902786 0.08074346656500016
3 0.416029509880555 0.677444361038576 0.06304682028847228 0.09204333605604162
3 0.3456254376922216 0.7165627188461108 0.06082970364722229 0.06388196846486113
3 0.2684433822213882 0.8120583632227774 0.04927395459715278 0.03706489532659703
3 0.3512532693798603 0.944433145707847 0.17398432028847227 0.09462543502986129
3 0.4276547280610757 0.8153801189223607 0.059194468464861136 0.060720600873680655
3 0.44329595222552004 0.9149618916237845 0.078200348023889 0.1392456443766669
3 0.6046711697404507 0.8253148973233675 0.048438806420763925 0.06827852773541672
3 0.50554595155993 0.689415724545694 0.02903418977951393 0.039717116641249994
3 0.4068753282691662 0.5339853017680205 0.052435322188333446 0.038700130508958354
3 0.476261107904444 0.5386169439604858 0.029179660144236053 0.04596711664124999