5 0.496875 0.4828125 0.99375 0.83984375
4 0.83046875 0.57578125 0.10546875 0.0515625
4 0.728125 0.58515625 0.08984375 0.07421875
4 0.78125 0.5265625 0.10546875 0.0859375
4 0.64140625 0.5328125 0.08046875 0.09375
4 0.58359375 0.4625 0.0859375 0.071875
4 0.4890625 0.43359375 0.08359375 0.065625
4 0.5203125 0.51796875 0.08828125 0.0828125
4 0.58203125 0.5921875 0.09375 0.1125
4 0.6390625 0.67109375 0.10390625 0.06796875
4 0.54609375 0.71171875 0.1109375 0.08046875
4 0.4109375 0.5703125 0.07578125 0.08125
4 0.41015625 0.48203125 0.078125 0.07421875
4 0.33046875 0.55390625 0.09609375 0.0890625
4 0.31953125 0.496875 0.09140625 0.06796875
4 0.3734375 0.39453125 0.08203125 0.078125
4 0.29375 0.3578125 0.07578125 0.065625
4 0.2140625 0.409375 0.08359375 0.0765625
4 0.184375 0.3578125 0.09921875 0.05625
4 0.096875 0.396875 0.08046875 0.09140625
4 0.13203125 0.46953125 0.09140625 0.0765625
4 0.1828125 0.25546875 0.07265625 0.06171875
4 0.2734375 0.24921875 0.065625 0.0625
4 0.4109375 0.27421875 0.07265625 0.05234375
4 0.44375 0.34375 0.0703125 0.0640625
4 0.48203125 0.29375 0.04296875 0.06875
4 0.4015625 0.21796875 0.0609375 0.0546875
4 0.43828125 0.17890625 0.06796875 0.0546875
4 0.45625 0.22578125 0.053125 0.0484375
4 0.55 0.2515625 0.07265625 0.05390625
4 0.56796875 0.28671875 0.0703125 0.05625
4 0.5484375 0.33984375 0.109375 0.06953125
4 0.534375 0.17265625 0.06796875 0.0609375
4 0.61640625 0.15625 0.0609375 0.059375
4 0.66953125 0.24140625 0.07421875 0.0515625
4 0.67734375 0.35078125 0.09375 0.059375
4 0.77421875 0.26328125 0.06796875 0.06796875
4 0.77265625 0.3453125 0.08359375 0.06171875
4 0.83828125 0.2953125 0.07421875 0.078125
4 0.73671875 0.45625 0.09765625 0.08671875
4 0.76484375 0.4046875 0.09140625 0.06171875
4 0.8546875 0.44375 0.08828125 0.0859375
4 0.8796875 0.37578125 0.08046875 0.0734375
4 0.83828125 0.2953125 0.07421875 0.078125
4 0.9453125 0.3 0.109375 0.08125
4 0.68671875 0.18203125 0.07265625 0.06171875
4 0.334375 0.2578125 0.071875 0.08515625
4 0.73046875 0.27265625 0.0359375 0.05
4 0.465625 0.12265625 0.06796875 0.05078125
4 0.52421875 0.1171875 0.0734375 0.04140625
4 0.3578125 0.31796875 0.0765625 0.04296875