5 0.5063116306058676 0.5720034325888232 0.9807578371934035 0.8559931348223536
0 0.4387286595755553 0.37081353763227526 0.17438567021222226 0.18293243217453847
0 0.15529725731510383 0.41783397104966796 0.12689242116215294 0.15418669396136267
0 0.39186727089847173 0.60326001054397 0.2581424211621529 0.16029976095825482
0 0.20225991024114537 0.5842616457806082 0.06864220364722229 0.06562930810555194
0 0.19021319871013836 0.6314084735308673 0.10225479065319454 0.10153257485477489
0 0.43138632541937466 0.4846577138109577 0.12790810087368065 0.06370724317557439
0 0.7461385032310413 0.5368581844463408 0.17137107940652802 0.2545891083532208
0 0.47411346039364516 0.7658563639347922 0.10378222948277802 0.1671575748547749
0 0.4430258081331938 0.8246298963997809 0.11377417211208343 0.12704199710451575
0 0.5395209080569439 0.7446577601296852 0.06591724715020834 0.08267125889134022