5 0.5 0.50078125 1 0.99765625
1 0.84140625 0.7328125 0.05546875 0.06015625
1 0.02109375 0.62734375 0.04140625 0.0671875
1 0.075 0.7015625 0.0625 0.0640625
1 0.3796875 0.9734375 0.053125 0.053125
1 0.5984375 0.89921875 0.0515625 0.06484375
1 0.8515625 0.68125 0.0421875 0.05546875
1 0.8703125 0.515625 0.0390625 0.05078125
1 0.921875 0.51953125 0.025 0.04453125
1 0.909375 0.46953125 0.03046875 0.0484375
1 0.72421875 0.0671875 0.04453125 0.0375
1 0.75859375 0.1359375 0.04765625 0.05234375
1 0.36171875 0.08046875 0.04140625 0.05546875
1 0.253125 0.221875 0.0375 0.02890625
1 0.29140625 0.85546875 0.0453125 0.03984375
1 0.2375 0.8421875 0.05 0.053125
1 0.06640625 0.553125 0.07265625 0.071875
3 0.58984375 0.1046875 0.06875 0.08203125
3 0.5890625 0.221875 0.05859375 0.0875
3 0.70546875 0.25078125 0.0921875 0.1015625
3 0.83046875 0.24140625 0.04609375 0.04765625
3 0.82890625 0.3015625 0.0859375 0.0828125
3 0.8 0.30859375 0.06484375 0.03984375
3 0.71875 0.3109375 0.125 0.07890625
3 0.60078125 0.309375 0.08515625 0.04453125
3 0.69765625 0.415625 0.1046875 0.090625
3 0.8140625 0.38984375 0.09453125 0.06328125
3 0.83515625 0.4734375 0.10234375 0.06015625
3 0.7765625 0.5125 0.0875 0.0953125
3 0.57265625 0.38828125 0.06015625 0.06171875
3 0.615625 0.52734375 0.08515625 0.0703125
3 0.65859375 0.68359375 0.096875 0.06875
3 0.51171875 0.315625 0.0578125 0.04609375
3 0.50390625 0.371875 0.06640625 0.059375
3 0.43515625 0.29453125 0.08515625 0.090625
3 0.28359375 0.2796875 0.09609375 0.11015625
3 0.1671875 0.3578125 0.09140625 0.0609375
3 0.13671875 0.5703125 0.08203125 0.1140625
3 0.2171875 0.54765625 0.1046875 0.06875
3 0.42734375 0.6671875 0.053125 0.084375
3 0.36171875 0.70703125 0.05390625 0.0578125
3 0.2953125 0.80078125 0.0453125 0.03125
3 0.3859375 0.940625 0.159375 0.1046875
3 0.4484375 0.79921875 0.05234375 0.053125
3 0.4703125 0.89375 0.065625 0.1296875
3 0.61875 0.80390625 0.04140625 0.0625
3 0.5125 0.6765625 0.025 0.03671875
3 0.40703125 0.53046875 0.046875 0.0328125
3 0.47421875 0.53359375 0.02578125 0.040625