5 0.44935253246410883 0.5 0.8987050649282177 1
3 0.5677902556754523 0.9419830519263506 0.11303756249917622 0.11603389614729878
3 0.47596917410155265 0.8298408935070022 0.12010576866768634 0.17059730799670092
3 0.3779874159838778 0.9425561906831508 0.12178527110331831 0.08787573620994635
3 0.30171919642268696 0.8677176635652621 0.1028989034085667 0.07951766693047446
3 0.3056685365212986 0.6913597520450641 0.07030459172016937 0.09106292069139812
3 0.2632747106294418 0.5441066673261856 0.12987050649282175 0.10372805674305993
3 0.1847524699649326 0.38487040815498563 0.12082278896022584 0.12220527210332381
3 0.03993484780595404 0.36425872829238765 0.06906937418757346 0.10976745658477531
3 0.04166276338938533 0.5079859962390764 0.06772506249917618 0.12222199247815269
3 0.10512306574229177 0.6542903463973608 0.12985468993316052 0.2817621285298145
3 0.2131673908233697 0.6707086197543258 0.08362279788867957 0.1383016335443795
3 0.20583395210472982 0.8321318530612786 0.08625687418757347 0.11026756175762457