5 0.5 0.5 1 1
1 0.12146630235620173 0.3382005286839537 0.07159435633066598 0.07425566000954502
1 0.922798751624853 0.22640653079244877 0.06698867694751698 0.07888861600890866
1 0.5607193116883973 0.01902709874281468 0.06293637662320535 0.02572725334181779
1 0.3441027816566252 0.11808966538031603 0.06855117694751697 0.07890679734245412
1 0.12049809172346466 0.39366927868395374 0.05586026217486464 0.06782384667409058
1 0.1314650450526011 0.5711766606858628 0.05106366801906326 0.06151930267345414
1 0.07666845089679972 0.5767903140117722 0.03527502678536121 0.05196248933799978
1 0.09924683441986401 0.6262817840149538 0.04316934740221223 0.05674089600572696
1 0.3655074395360093 0.9934789220241808 0.05342500892845372 0.013042155951638535
1 0.31792905601294497 0.9460783053787253 0.060493215096963926 0.06475339067472703
1 0.7433108855582498 0.9291486281030862 0.05586026217486477 0.0678238466740904
1 0.8298638145343616 0.7605900794477675 0.045994338473758486 0.03958975867281787
1 0.6740630170461286 0.10630092675840488 0.057150026785361165 0.052217028007636036
1 0.7326294935071782 0.10854522676635905 0.06364548863591431 0.0663522533418178
1 0.9521299212687694 0.3814667481301304 0.06550799756436802 0.0835579346753633
3 0.4999875795518953 0.9466339307367694 0.09080800649282175 0.10103633601209054
3 0.47947230235949706 0.8237140514003606 0.0815148271096728 0.10561474801081765
3 0.35222400974582324 0.8167635227164067 0.11780688311602719 0.126345418682363
3 0.22349899188891573 0.8496476533656804 0.05882162094116259 0.05848520934118149
3 0.21365243344692933 0.7870203840308622 0.1080773271096728 0.10592383068109026
3 0.24279050852800718 0.7740754887014529 0.07754434740221221 0.057140885343726744
3 0.3274927909954113 0.756307280712907 0.14875687418757355 0.10952154535327185
3 0.45133939407966644 0.7343061060629971 0.09955571509696384 0.06520792401336309
3 0.3302513725693109 0.6430351213796797 0.13014324188232518 0.1171158693507266
3 0.2137672560923752 0.6909084526973167 0.11241027110331832 0.0856658746817267
3 0.1761366168872681 0.6084226693586807 0.12178527110331831 0.08577496268299925
3 0.2301752804421045 0.5566970846992257 0.11298301542127547 0.1184783746817267
3 0.4661479622608854 0.6469606473981334 0.07633640340856669 0.07743520401018138
3 0.395083260149565 0.5101686247214975 0.10470686525911974 0.09182496801399935
3 0.3219884537361735 0.3553805800445434 0.11723413879807003 0.09353291868236298
3 0.5431683839333966 0.7111509640754056 0.06981366801906326 0.06173747867599957
3 0.5410797784135095 0.6517396014083147 0.0825591298696164 0.07594542934436319
3 0.6274206530081201 0.7191640060868597 0.10977619480442442 0.11375451201463563
3 0.7878496383976236 0.7054025927752677 0.12578302434972918 0.13581132535009016
3 0.8951457155072964 0.6019423327895852 0.10925799756436802 0.08406701201463562
3 0.8873952654245707 0.3744622227879944 0.11174779788867965 0.13721019334818116
3 0.807793540181337 0.4133878154439494 0.12507391233702023 0.09518632535009015
3 0.5662702877457051 0.3277481180776328 0.07359323295387146 0.09927384134309047
3 0.6273674748394918 0.2745418494191324 0.07000458279171565 0.07267497867599956
3 0.6793175328744411 0.16340490209258665 0.05386138555165907 0.042805665340545127
3 0.5608459967535891 0.0565361894095874 0.18768300649282174 0.10216357869190791
3 0.520151038556484 0.194371996737724 0.06677048863591431 0.0663886160089087
3 0.47961358766297957 0.09934985073199701 0.09790348620028233 0.14954656134627214
3 0.34150784131642753 0.2219868247135433 0.05596935633066593 0.07407384667409059
3 0.4754952832814783 0.335287350731997 0.033576159090609535 0.044131808004454334
3 0.6122668060096498 0.4681554894175416 0.057013659090609535 0.044404528007635946
3 0.5425719147759477 0.4767214200747693 0.036782979707460584 0.04885567067154532