5 0.48125 0.47265625 0.96171875 0.8640625
1 0.1921875 0.4578125 0.05625 0.0328125
1 0.10546875 0.46640625 0.04609375 0.05390625
1 0.45546875 0.4921875 0.05234375 0.05859375
1 0.49765625 0.48125 0.028125 0.04375
1 0.42421875 0.3703125 0.04609375 0.0453125
1 0.33203125 0.3015625 0.03828125 0.03671875
1 0.39296875 0.29453125 0.05234375 0.03828125
1 0.25390625 0.23671875 0.0578125 0.02421875
1 0.34296875 0.1453125 0.0484375 0.0484375
1 0.53125 0.21953125 0.04375 0.0484375
1 0.66796875 0.22578125 0.05234375 0.02890625
1 0.775 0.4125 0.0625 0.046875
1 0.68515625 0.39765625 0.05390625 0.0453125
1 0.725 0.440625 0.05 0.05
1 0.76796875 0.503125 0.0484375 0.05390625
1 0.74921875 0.52890625 0.03828125 0.04296875