5 0.5004909624809375 0.503633365254126 0.9990180750381249 0.9927332694917478
1 0.8882917013661114 0.5069170448435554 0.06664329255305575 0.04604167549789597
1 0.9759494766329861 0.4825767545548694 0.04810104673402762 0.06602679328391084
1 0.6022996499793407 0.514558452370102 0.06566267401194459 0.07098711179556502
1 0.5597309434823268 0.5332464541842005 0.03866376291777769 0.051309528855940555
1 0.6552454248649658 0.6393749138955146 0.0575228656913195 0.05665179328391083
1 0.7644762609210076 0.6965475184346855 0.04636716014423605 0.04689484736759475
1 0.7000143706284033 0.715218162081416 0.062028527735416714 0.04900298439090349
1 0.8580457293858685 0.7527032599971649 0.06642508700597247 0.0366666754978958
1 0.7762164607685077 0.8650246999230312 0.06075696846486114 0.06144842068857272
1 0.5640060950771881 0.8177032997376967 0.05606946846486114 0.061284729581580065
1 0.41662260201104234 0.8345783196079626 0.060247822188333446 0.03957342068857237
1 0.2732323586605562 0.6534969891154088 0.07478310087368065 0.06037699400955034
1 0.3725602114340978 0.6547196940173995 0.06533536569131951 0.05692461179556503
1 0.32237772026781303 0.6150322006408213 0.06075696846486114 0.06144842068857237
1 0.26703495041618097 0.555195898371236 0.06086607123840278 0.06613592068857255
1 0.2827320323881602 0.5241542294967619 0.046512630508958354 0.05314484736759475