5 0.5 0.5 1 1
4 0.5791515780980708 0.390009996541439 0.2552047421285156 0.3662153101589518
4 0.8271406809107209 0.8753435454569043 0.30275622136826924 0.24931290908619133
4 0.5197831201500367 0.9721007224100038 0.13255251482874755 0.05579855517999235
4 0.4469822901119807 0.9870436761308682 0.06252917490485962 0.025912647738263673
4 0.46023838790735283 0.6690476773968126 0.14829421444818677 0.23141866950744613
4 0.35865073570272504 0.3394023282151191 0.15856055239490824 0.2536210517214313
4 0.24495033304098665 0.40174358239147034 0.10929538144438115 0.23161707694917483
4 0.2806928093521715 0.6854018197775986 0.09246070851668779 0.20138393992586626
4 0.3191292041424255 0.9720337458236488 0.09636034684397003 0.05593250835270247
4 0.21335670661388345 0.9819518936467304 0.08915534190105419 0.03609621270653918
4 0.1617730074887359 0.8302554735911303 0.12221187551288212 0.20398315027015243
4 0.15778720855386877 0.5984151965492882 0.12415637749004849 0.21341271397248338
4 0.404629010948777 0.8551190974524128 0.10764003954332697 0.1909920769491748