2 0.5526736073311018 0.7249342839630541 0.07547269867214013 0.08168633723582168
2 0.20956746018321332 0.4347330274219507 0.05189884328594587 0.05811248184962743
2 0.10999016188041558 0.5079710604030462 0.04722952400410509 0.06121021077238851
2 0.2919112858097659 0.2194029432111911 0.04875566256778665 0.05496930113146812
5 0.5 0.5 1 1
2 0.11554124599297926 0.6563812893258073 0.029887487899751618 0.034547716822512696
0 0.3959635024358869 0.3781779795119363 0.13692834913967838 0.17110336123992678
0 0.324836894417414 0.10553640681225 0.15904878883482798 0.2110728136245
0 0.2215391775949013 0.07611707240509873 0.13682835518980258 0.15223414481019745
0 0.11983629791001431 0.18602788270994905 0.13839085518980254 0.15392495159900635
0 0.11545280405833439 0.1040193586076481 0.07866133118569744 0.0926420179539809
0 0.17198967125018946 0.2872904008603217 0.1085306383672898 0.1240647347764936
0 0.2591680052645573 0.5000716811109427 0.13532948770335987 0.16484427088084708
0 0.6053107104778009 0.23789282621572774 0.2757737222834617 0.4031533128389331
0 0.9098749697493791 0.3095531610156625 0.1802500605012419 0.2869919816532356
0 0.7483895865484506 0.5245701487190224 0.3090124273985097 0.2080408007386847
0 0.8942707548717739 0.7557605405041578 0.14623062626704134 0.15865790339440444
0 0.7656513720636289 0.940108790307766 0.10845791549465282 0.11156473477649342
0 0.3921502395500716 0.9313438861277946 0.14137040944452864 0.12894313231716553
0 0.42797358918072925 0.7772240126894235 0.05675906010845857 0.08782725292686636
0 0.4219230561996337 0.6772558289462023 0.1571055355151783 0.4165249455488823
0 0.07224524306611302 0.6003812742004968 0.1385272105759968 0.1773624515990065
0 0.024025390803176717 0.5037835301524252 0.04279655405833439 0.10493293969514958
0 0.08820554459036463 0.38934378025062105 0.0519715661585828 0.07061248184962743
0 0.4564136264634332 0.026975069576428357 0.12220225292686634 0.053950139152856715