2 0.29375 0.584375 0.065625 0.05546875
2 0.48203125 0.20703125 0.04609375 0.03671875
2 0.39296875 0.13203125 0.05078125 0.03125
2 0.69609375 0.23515625 0.04453125 0.03515625
5 0.5 0.5 1 1
2 0.259375 0.1703125 0.02734375 0.021875
0 0.57421875 0.36484375 0.14140625 0.09609375
0 0.8140625 0.23828125 0.1890625 0.1046875
0 0.81171875 0.13828125 0.12421875 0.09921875
0 0.68828125 0.06796875 0.1234375 0.1078125
0 0.76328125 0.04453125 0.07578125 0.06484375
0 0.6078125 0.13984375 0.09921875 0.0796875
0 0.43359375 0.2671875 0.13515625 0.09609375
0 0.74765625 0.52421875 0.34375 0.17890625
0 0.7609375 0.859375 0.22734375 0.2015625
0 0.51953125 0.71796875 0.1328125 0.26328125
0 0.34140625 0.91796875 0.1265625 0.1390625
0 0.13203125 0.82890625 0.11484375 0.075
0 0.059375 0.48359375 0.11875 0.11171875
0 0.21875 0.48203125 0.0765625 0.03515625
0 0.30859375 0.4546875 0.38828125 0.05234375
0 0.29765625 0.11171875 0.1421875 0.1140625
0 0.375 0.0421875 0.08984375 0.04296875
0 0.49609375 0.08671875 0.059375 0.034375
0 0.946875 0.33984375 0.1046875 0.1