5 0.5 0.5 1 1
4 0.59140625 0.7284407009116354 0.196875 0.16364538524403188
4 0.2609375 0.5241743399662961 0.184375 0.174510162371395
4 0.42109375 0.529793601771957 0.16875 0.1384817587805987
4 0.5921875 0.5526639960911751 0.1578125 0.13060562626704134
4 0.71171875 0.5330469085607659 0.140625 0.13050563231716553
4 0.89609375 0.6716195709321607 0.159375 0.12748971662612102
4 0.96953125 0.5845468178089028 0.0609375 0.1112920240041051
4 0.9296875 0.3452525136523726 0.140625 0.13675563231716562
4 0.825 0.4454247095940381 0.115625 0.08504768657189174
4 0.7828125 0.36705426989888845 0.078125 0.05982951795398091
4 0.7234375 0.208115086253863 0.1078125 0.06781473477649361
4 0.82734375 0.2540320951326576 0.078125 0.048892017953980904
4 0.6640625 0.3210509026088375 0.128125 0.08355790944452864
4 0.54609375 0.28755208049832637 0.1203125 0.10382495764913058
4 0.6125 0.17700092075921015 0.0703125 0.055096566158582806
4 0.478125 0.13871914987836304 0.115625 0.0959851865718917
4 0.34765625 0.13249135489521496 0.1171875 0.08505677693097136
4 0.27734375 0.17817603873663215 0.115625 0.09754768657189175
4 0.14765625 0.11414028893302389 0.14375 0.13677381303532482
4 0.0703125 0.3199403161585828 0.0984375 0.11151019262201593
4 0.10625 0.392024394417414 0.159375 0.11655221662612103
4 0.24765625 0.28659707191411943 0.084375 0.09424087939029935
4 0.39765625 0.30465724638576275 0.14375 0.10396131303532483
4 0.43125 0.3462589391059745 0.1203125 0.08663745764913058
4 0.45234375 0.27216290895354933 0.11875 0.07412836729005097
4 0.559375 0.38059809855050314 0.071875 0.04729315651766246
4 0.39453125 0.6772953156676035 0.1296875 0.15544199980360815