5 0.5 0.5 1 1
6 0.736834015891693 0.8247636375093398 0.1791038626613009 0.14916408404557516
6 0.9313056215957305 0.5236884429686557 0.1280851907221905 0.12125191567207594
6 0.8850911492760594 0.6579416166038268 0.19781937056996632 0.18766514192396572
6 0.8154631739162767 0.012943260876279544 0.15905134783255334 0.025886521752559087
6 0.5778968483268448 0.05534983973077011 0.07454369665368965 0.11069967946154022
6 0.4075843483268448 0.05817449096854219 0.06172536167271758 0.11634898193708439
6 0.684340368667162 0.9202273269295264 0.07435801285158128 0.06512374203690499
6 0.5178108073750052 0.6386118478350393 0.07862901878308044 0.09343075256024883
6 0.7070855771094877 0.32530966907937087 0.13019151878308044 0.09643392619541977
6 0.540583826615196 0.33265797944742276 0.20997186068413445 0.14160918927901225
6 0.09638147634836591 0.6741207684864386 0.07999520060802232 0.1652147472985769
6 0.25880185779274706 0.8933272528425974 0.10442751482874764 0.07622784200867017
6 0.38902786866716194 0.9374273213855059 0.11593801779449713 0.09092737884037305
6 0.2478630633065042 0.6825262607351051 0.04224584980971961 0.08040013154179633
6 0.5028436764620967 0.8094171714984453 0.03899351581733086 0.07709312101845249