5 0.49921875 0.47837060289470845 0.9984375 0.9567412057894169
1 0.17029749432125244 0.45465776206571756 0.06156479139585782 0.03806548439090331
1 0.08024919277912487 0.46323909918169337 0.05100912094116259 0.059558538474587405
1 0.4463963441590966 0.49087803737827906 0.057340941558013725 0.06446429328391083
1 0.4895969192401745 0.4790972891923776 0.032095479707460586 0.04952877404661713
1 0.411091864044599 0.3637872585223385 0.05084547970746058 0.05018353847458741
1 0.31384076298893876 0.2923809952754946 0.04289661201270878 0.04209821996293313
1 0.378080540992116 0.28446185707105964 0.05698638555165925 0.044151793283910834
1 0.23059761485537794 0.2245908053496284 0.06296365016215581 0.02874504809323426
1 0.3229408478092493 0.12931800008481803 0.05246252678536116 0.05336310217691827
1 0.520932288556484 0.20658737213200212 0.049337526785361165 0.05325397477225655
1 0.6631061517870089 0.21233391904410998 0.056822744317957155 0.03477679328391083
1 0.7785287800350674 0.40710576042125507 0.06808752678536134 0.05390873920022674
1 0.6842157183466702 0.3913046564302383 0.05865797970746058 0.0504563569862416
1 0.7264071724865854 0.43733640824433684 0.05564207386326192 0.05659722958157989
1 0.7729588441590967 0.5022818511654279 0.052571620941162675 0.059613102176918176
1 0.7529366704579905 0.5297248048862923 0.042978432629559825 0.046785719962933216