2 0.5611962603057613 0.713861061210433 0.06380251482874755 0.07315070967712849
2 0.17919813829010128 0.5203359629868973 0.042726010874414924 0.05345463978475244
2 0.09350603600892378 0.6140003798599548 0.03660334486680368 0.05628854135632881
2 0.22667926924019088 0.2927717351128038 0.04103617688202608 0.0502568651776464
5 0.5 0.5 1 1
2 0.12283675585713696 0.7553317012000731 0.02620967292769345 0.03085189371369381
0 0.3532669910655704 0.4202160308123588 0.1124893656270503 0.15807367328319835
0 0.23955329543764498 0.16818911207727455 0.12390170950527093 0.20851032092583344
0 0.13408454543764498 0.1731013980569199 0.11485036167271767 0.13946922249740998
0 0.05567634979112905 0.3033390157157657 0.1113526995822581 0.1398330955329393
0 0.03446123022833651 0.22537883560814187 0.06892246045667302 0.08288958271265771
0 0.11908033346091615 0.3882362464853434 0.09189302273741302 0.11188787799792799
0 0.23878404391758917 0.569805116006216 0.1121710306460784 0.15026117328319835
0 0.5347119451336338 0.23475791212005576 0.21658791110187642 0.37813792431665566
0 0.8839943621298282 0.21693028743189666 0.22106055239490843 0.25826207195929074
0 0.7206826427387256 0.4740621989282706 0.2889245316346617 0.1631722038861602
0 0.9033811017125238 0.659714946861356 0.1322288626613009 0.1449572431755744
0 0.8062183057434062 0.881795462162837 0.08790585969555131 0.12885705417661059
0 0.4366578808385464 0.9379963821362665 0.123559516805914 0.0852911447471513
0 0.4479839944884304 0.7939916710113959 0.04399935079830275 0.08470463978475244
0 0.42686768125628827 0.6998435647250896 0.08705691999912499 0.41421235731976347
0 0.06504143228205254 0.7151647735736486 0.1300828645641051 0.16050946856846854
0 0.0122493547154544 0.6348094935898592 0.0244987094309088 0.09913101282028158
0 0.054244559240628376 0.5058818188589188 0.04011034684397006 0.06580909057054055
0 0.35574332262368225 0.04372211311073183 0.11351335475263546 0.08744422622146367