5 0.5 0.5 1 1
4 0.565002043759279 0.3703876588633975 0.23199578697341572 0.35340604025277605
4 0.7234254596356824 0.8813849553362099 0.2891664778374469 0.23723008932758027
4 0.39790980325867575 0.9596814950809595 0.13180327792830412 0.08063700983808104
4 0.32155534317276746 0.9691228934867079 0.06355124491161739 0.06175421302658428
4 0.39446273518913727 0.6348551933504223 0.13333920171816532 0.22513719810012062
4 0.3526115863869042 0.2973684814554917 0.14073562188998173 0.24733974672063966
4 0.22704834237979798 0.34640908977780616 0.09304175033868427 0.22925813206674714
4 0.2112817429910534 0.6323056462002412 0.077423394391219 0.19883364767057934
4 0.19433110187919475 0.9481890561395216 0.09504026232447185 0.1036218877209567
4 0.08775355325867573 0.9521478768090222 0.08649077792830413 0.09570424638195547
4 0.06575347976207035 0.7633398829712583 0.11007212008095948 0.19742827792830403
4 0.1036949722988385 0.5326597710308991 0.11064533016686777 0.20836577792830405
4 0.30515349446139145 0.8142726984388048 0.09551829715018094 0.18731629353213605