5 0.5 0.5 1 1
6 0.4428801702956865 0.07468003571103057 0.18735891066226812 0.14936007142206115
6 0.1653676210744741 0.27128717904127503 0.1348871285298145 0.12958335099579193
6 0.2542602880049484 0.16672367541307795 0.20876254922121246 0.20084328130301127
6 0.0712107926238019 0.8072643737764646 0.1424215852476038 0.13848712504240906
6 0.2855829003704408 0.8337003550873252 0.1002226235152495 0.17207838584218216
6 0.43998324386480786 0.864990016705405 0.08038148495630519 0.13392362141421188
6 0.5234685922407257 0.017296594287551918 0.07806281551854859 0.034593188575103836
6 0.5624411978757937 0.3042484349469068 0.08558581050398359 0.09820437622353531
6 0.28456493580159975 0.5199925191524757 0.13273359514371963 0.10921628729346118
6 0.4314339241231172 0.5687152174310444 0.2122679824490227 0.16038197241000382
6 0.9386506937191585 0.4105207052805088 0.09990437476889084 0.16114088584218217
6 0.8787374507787875 0.1628669444807356 0.1054891335443795 0.08485120435383649
6 0.7860846010162144 0.0747890803229178 0.12184155925034226 0.11039684137714505
6 0.8122987938774431 0.354057428871639 0.05227320533113407 0.0798710384745874
6 0.6384988956850803 0.1579885046396874 0.050619777117888634 0.07669147477225655