5 0.49844414405253473 0.5125609387822052 0.9968882881050695 0.9063718775644105
4 0.5720720788121307 0.7216732950177155 0.18524918249628844 0.14319553756616052
4 0.22972852781676245 0.5613181378701718 0.172005554047586 0.15824753460041113
4 0.3854396172558844 0.5480899204934165 0.15910276232447185 0.1203018656270503
4 0.5552574722988386 0.549529039580508 0.149400213703953 0.11366986364988403
4 0.6697227640219525 0.5166130633065042 0.13245837516934209 0.11765702669174569
4 0.8634550746282592 0.6294181053212891 0.15236143939369312 0.11067219764227279
4 0.9379814410911742 0.5369387866519395 0.077525213703953 0.11074118182494193
4 0.9597037121220732 0.4062936231157862 0.04587242198083885 0.07203150889724856
4 0.8921654093176826 0.30567685779274706 0.19306832654882305 0.11389003954332697
4 0.7704398162605162 0.41737175007436206 0.1098530348257091 0.0730793557412186
4 0.7216991010862253 0.34648890570185 0.07285100180902226 0.05130251482874755
4 0.6479827193581624 0.1994282218997416 0.1026203889641522 0.054074687756441045
4 0.7543621941433918 0.23116499463715465 0.07548467887824373 0.042054848821136484
4 0.6019564891458662 0.3157734634967847 0.12375176051544959 0.07052735870696818
4 0.4839434735420339 0.2968722717860109 0.112398180687266 0.09189302273741298
4 0.5369190665992004 0.18237603167184263 0.06808161465389251 0.049549013840164455
4 0.40106013172806276 0.16039891950483337 0.10721935775648764 0.08232702174882985
4 0.2744600101767653 0.17089872631118486 0.11297803482570909 0.0732066897336074
4 0.21061551616965915 0.2238844634596036 0.10894563206674715 0.08551568874502422
4 0.07915083220303266 0.17781593528498313 0.12966092378986113 0.12377969269935693
4 0.03338463082355168 0.3861895093915401 0.06676926164710335 0.100122016805914
4 0.07111812556582689 0.45206651878308024 0.14223625113165378 0.09979836463846717
4 0.1923834153105765 0.33275012749004845 0.07785940637700661 0.08736734882113648
4 0.3403672139310955 0.33251665863041846 0.1387150192218769 0.08828786167271767
4 0.37684694651824097 0.368451500037181 0.11610303482570909 0.07333402372599629
4 0.3901525299644691 0.2938335020143474 0.11701043758467104 0.060897690722190576
4 0.5058793492772029 0.38623586072131555 0.07071529172311415 0.04030134783255317
4 0.37543941825125254 0.694088169999125 0.11838923111680746 0.14670785672980174