5 0.49765625 0.50234375 0.9953125 0.99296875
4 0.61484375 0.55625 0.3171875 0.1984375
4 0.1265625 0.72890625 0.253125 0.2546875
4 0.0484375 0.43046875 0.096875 0.1171875
4 0.0390625 0.3609375 0.078125 0.05390625
4 0.3625 0.41171875 0.20234375 0.1125
4 0.671875 0.35625 0.221875 0.11875
4 0.62109375 0.24296875 0.20703125 0.075
4 0.35625 0.2421875 0.18046875 0.0625
4 0.0546875 0.24140625 0.109375 0.0828125
4 0.0484375 0.14296875 0.096875 0.0765625
4 0.228125 0.1140625 0.178125 0.09140625
4 0.44296875 0.1375 0.1875 0.09140625
4 0.1921875 0.3375 0.16875 0.0796875