5 0.5 0.50703125 1 0.73984375
4 0.628125 0.6921875 0.1625 0.11484375
4 0.275 0.5875 0.14453125 0.13203125
4 0.42265625 0.55234375 0.1390625 0.09765625
4 0.58515625 0.53046875 0.13125 0.09140625
4 0.68984375 0.4828125 0.11328125 0.0984375
4 0.8921875 0.56328125 0.1328125 0.0875
4 0.9609375 0.465625 0.078125 0.0984375
4 0.9671875 0.33515625 0.065625 0.0640625
4 0.87109375 0.24921875 0.17578125 0.08515625
4 0.77109375 0.37421875 0.09765625 0.05625
4 0.7140625 0.3125 0.06484375 0.04140625
4 0.62109375 0.18203125 0.09375 0.03984375
4 0.72734375 0.1984375 0.06875 0.02890625
4 0.59453125 0.30078125 0.1125 0.05078125
4 0.47890625 0.29921875 0.09765625 0.075
4 0.5125 0.18125 0.059375 0.0390625
4 0.37890625 0.18046875 0.09375 0.0671875
4 0.25859375 0.2078125 0.1 0.05546875
4 0.20625 0.2671875 0.09609375 0.06953125
4 0.06328125 0.24140625 0.1265625 0.1046875
4 0.04375 0.44921875 0.0875 0.0875
4 0.1015625 0.50546875 0.13671875 0.07734375
4 0.2046875 0.3734375 0.0625 0.075
4 0.346875 0.35234375 0.12265625 0.06875
4 0.38671875 0.38203125 0.1046875 0.05625
4 0.3890625 0.309375 0.10546875 0.04375
4 0.5140625 0.38203125 0.0625 0.02890625
4 0.434375 0.69453125 0.09296875 0.128125