5 0.50078125 0.5109375 0.99765625 0.978125
6 0.1140625 0.659375 0.11953125 0.15546875
6 0.36875 0.86953125 0.0984375 0.10703125
6 0.25 0.81328125 0.153125 0.1671875
6 0.90078125 0.81953125 0.09765625 0.13984375
6 0.87578125 0.59375 0.15859375 0.05546875
6 0.871875 0.43515625 0.12265625 0.0453125
6 0.03125 0.60078125 0.05234375 0.0640625
6 0.31171875 0.4765625 0.0796875 0.06328125
6 0.57890625 0.6828125 0.0765625 0.1125
6 0.5921875 0.528125 0.10703125 0.18359375
6 0.32890625 0.08359375 0.14453125 0.0578125
6 0.10703125 0.21171875 0.06015625 0.08984375
6 0.04453125 0.3265625 0.084375 0.09921875
6 0.30390625 0.221875 0.071875 0.03203125
6 0.15546875 0.4453125 0.06875 0.0296875