5 0.502718802011421 0.509551483156905 0.9920081105815628 0.8402720336861901
1 0.8514019634768102 0.5000412430055556 0.07054487336031982 0.06680018083635879
1 0.7781205144721784 0.35662150684572014 0.07704053482570891 0.07174234882113639
1 0.7100079223195231 0.267012520191593 0.06051477611928178 0.05391817885919252
1 0.6883918718899817 0.2130890241459257 0.04439845318850324 0.043906508897248564
1 0.4725212104245925 0.2171875696207517 0.044070904567984216 0.037656508897248565
1 0.35997694482076026 0.2358659268448451 0.041355340343632994 0.04534167490485981
1 0.3373516723195231 0.2821970987839554 0.04900406603337348 0.0425350098858317
1 0.4066339388278665 0.28955200095140216 0.04464411465389269 0.04859400889724856
1 0.4512437539567289 0.30417557505795917 0.06363977611928177 0.05404551285158128
1 0.5213615021477066 0.25277755973491994 0.05533595318850324 0.0443521778706093
1 0.5438440117586449 0.2933561387843929 0.07366987336031983 0.06692751482874763
1 0.6330912974888652 0.3828868709898957 0.0754780348257091 0.07167868182494193
1 0.7132092446844747 0.477487105172565 0.09003185775648763 0.0816266847906915
1 0.43280685097062427 0.7441440004571105 0.0709543091359686 0.07461268083635879
1 0.5548036024409624 0.5622334727767816 0.08032930913596861 0.07499468281352506
1 0.5912501147654342 0.675054466350991 0.0631418091359686 0.07429434585538672
1 0.17712458050555202 0.42182196737675526 0.05270227611928182 0.053599843878220456
1 0.18578468679170157 0.6767004683653385 0.06396732473980085 0.06029551285158128
1 0.17911420567489414 0.5344811348672411 0.06725609905006032 0.06354784684397004
1 0.2925824841690251 0.4288611931564675 0.056318599050060314 0.06310217787060939
1 0.3589068470138954 0.4245928458182059 0.05977114767057934 0.06947951186299797
1 0.26542684192551275 0.5082595330803553 0.06520227611928178 0.054109179847775656
1 0.3095973230423202 0.6489508586697872 0.06758364767057934 0.06979784684397003
1 0.2469125373120999 0.5583377875289796 0.04637038896415202 0.051782675893442945
1 0.3045612630018404 0.5528571086697871 0.059034163274411536 0.05541701186299797
1 0.33729851989924536 0.5202064347535105 0.06059666327441153 0.05548067885919252
1 0.36199530472495445 0.5880969303048862 0.07070864767057934 0.06992518083635879
3 0.7350200469230384 0.5799436017125238 0.11338082654882306 0.11064302273741297
3 0.59003177351729 0.6069902158566994 0.12538950361804452 0.10177735870696818
3 0.6199063020114209 0.5047764584423257 0.10253185775648746 0.0821360207602467
3 0.8100090015818797 0.44222608441231837 0.11642393939369348 0.10920785672980174
3 0.47418104420950496 0.5177605725865012 0.12711577792830403 0.10496602570316256
3 0.6009438608087054 0.3520971274156864 0.11700379353213641 0.0905215237259962
3 0.7521544787419583 0.2645122612943444 0.06659435775648763 0.08067167984777565
3 0.653355130596409 0.2317408650583967 0.09916119629109836 0.07732118676785786
3 0.44664810719066067 0.26130232555225075 0.09175813206674696 0.08481535178688589
3 0.3088891576202021 0.321719855209746 0.0902775192218769 0.0863141847906915
3 0.15391945386587186 0.4869668063120599 0.10754690637700662 0.08857702174882984
3 0.3479184373575285 0.46888401528585816 0.1236632293077852 0.09858869171077381
3 0.27239389416407633 0.6113208660841609 0.0877257293077851 0.09712435079830276
3 0.48311338817118255 0.6583219055903069 0.0746525192218769 0.08567751482874755
3 0.46003557779201854 0.3374828235750844 0.050402791723113974 0.03947367688202617