5 0.46015625 0.52421875 0.8296875 0.62265625
1 0.79921875 0.60625 0.05703125 0.053125
1 0.76796875 0.45078125 0.06171875 0.05703125
1 0.72734375 0.34765625 0.05 0.040625
1 0.721875 0.29140625 0.0359375 0.03359375
1 0.51484375 0.23828125 0.03828125 0.028125
1 0.403125 0.2265625 0.03046875 0.03671875
1 0.36875 0.26484375 0.040625 0.03203125
1 0.4328125 0.290625 0.034375 0.0390625
1 0.4703125 0.315625 0.05234375 0.0390625
1 0.5515625 0.284375 0.04765625 0.03203125
1 0.56171875 0.3296875 0.06015625 0.05078125
1 0.62265625 0.4375 0.06015625 0.05546875
1 0.67265625 0.5484375 0.07265625 0.0625
1 0.33359375 0.72890625 0.0546875 0.06015625
1 0.49921875 0.5875 0.065625 0.059375
1 0.503125 0.70390625 0.04765625 0.06171875
1 0.17734375 0.35625 0.040625 0.04296875
1 0.1171875 0.6 0.05078125 0.04765625
1 0.1484375 0.46328125 0.0546875 0.0484375
1 0.2859375 0.39296875 0.04140625 0.05234375
1 0.35 0.40546875 0.04296875 0.059375
1 0.2375 0.4609375 0.0546875 0.0390625
1 0.2421875 0.60625 0.053125 0.05546875
1 0.20703125 0.503125 0.034375 0.04375
1 0.26328125 0.51328125 0.04765625 0.04296875
1 0.303125 0.490625 0.0484375 0.04140625
1 0.3078125 0.56171875 0.05546875 0.05703125
3 0.665625 0.6515625 0.0890625 0.08671875
3 0.5203125 0.6390625 0.10546875 0.075
3 0.5765625 0.55078125 0.08671875 0.05859375
3 0.77421875 0.540625 0.09140625 0.08515625
3 0.43515625 0.52421875 0.10546875 0.0765625
3 0.6 0.4 0.1 0.06484375
3 0.76796875 0.35703125 0.0484375 0.06796875
3 0.68359375 0.29921875 0.08359375 0.05546875
3 0.478125 0.2734375 0.0734375 0.065625
3 0.33125 0.29453125 0.07109375 0.06875
3 0.13828125 0.41171875 0.08984375 0.065625
3 0.328125 0.4453125 0.10390625 0.071875
3 0.2171875 0.56015625 0.065625 0.0796875
3 0.4046875 0.66015625 0.05546875 0.071875
3 0.47109375 0.34921875 0.04375 0.02890625