5 0.5078125 0.5796875 0.9609375 0.73828125
1 0.3265625 0.696875 0.06015625 0.059375
1 0.1828125 0.684375 0.05234375 0.05625
1 0.17734375 0.59140625 0.0578125 0.08203125
1 0.11875 0.50625 0.05703125 0.04921875
1 0.18046875 0.41171875 0.0484375 0.05234375
1 0.25546875 0.36484375 0.06328125 0.0734375
1 0.34609375 0.59453125 0.05390625 0.05078125
1 0.38203125 0.5453125 0.06328125 0.04765625
1 0.3796875 0.46171875 0.05546875 0.03984375
1 0.490625 0.66796875 0.05546875 0.0546875
1 0.61796875 0.728125 0.06875 0.03828125
1 0.81640625 0.71171875 0.0453125 0.053125
1 0.89765625 0.590625 0.0484375 0.03828125
1 0.6109375 0.590625 0.0359375 0.028125
1 0.5203125 0.51171875 0.03828125 0.0359375
1 0.6625 0.51015625 0.059375 0.04609375
1 0.6375 0.559375 0.025 0.040625
1 0.715625 0.5625 0.06796875 0.05078125
1 0.54140625 0.4296875 0.05625 0.0328125
1 0.4125 0.353125 0.0328125 0.04375
1 0.48828125 0.33125 0.0453125 0.04296875
1 0.50078125 0.30078125 0.025 0.02734375
1 0.5671875 0.3390625 0.040625 0.0421875
1 0.609375 0.40625 0.0546875 0.05
1 0.63984375 0.28828125 0.04609375 0.0359375
1 0.64453125 0.3296875 0.046875 0.0453125
1 0.7609375 0.415625 0.0421875 0.03515625
1 0.4484375 0.82421875 0.0390625 0.03515625
4 0.28828125 0.7640625 0.14765625 0.09921875
4 0.41015625 0.86015625 0.1390625 0.13515625
4 0.09375 0.63203125 0.109375 0.13125
4 0.078125 0.52265625 0.10546875 0.084375
4 0.20234375 0.5734375 0.1078125 0.09296875
4 0.328125 0.6328125 0.103125 0.11171875
4 0.4734375 0.71875 0.1109375 0.0921875
4 0.60390625 0.70234375 0.128125 0.103125
4 0.62109375 0.79765625 0.1203125 0.1234375
4 0.80546875 0.74140625 0.1421875 0.11484375
4 0.146875 0.409375 0.09453125 0.084375
4 0.2578125 0.45390625 0.1109375 0.084375
4 0.3671875 0.503125 0.0875 0.08515625
4 0.4359375 0.553125 0.1125 0.109375
4 0.55546875 0.58359375 0.1125 0.11328125
4 0.66171875 0.59609375 0.13828125 0.0984375
4 0.7953125 0.61875 0.1296875 0.11328125
4 0.88828125 0.51015625 0.125 0.0890625
4 0.65234375 0.4515625 0.08203125 0.06953125
4 0.79765625 0.33828125 0.11015625 0.10390625
4 0.240625 0.29453125 0.09140625 0.05390625
4 0.43671875 0.24609375 0.103125 0.06796875
4 0.65859375 0.25859375 0.0890625 0.0671875