5 0.5476191106992567 0.4563850189986107 0.9002431468115916 0.6985272186522924
1 0.1968899352013608 0.3988699918318749 0.06290179328391084 0.05766833605604162
1 0.24299858728561183 0.5549556844611804 0.06775298439090331 0.06246493882958344
1 0.2918850097882829 0.6562447743169442 0.053090283665263985 0.04495013050895835
1 0.30325158492335913 0.7130578187698609 0.0403174651536097 0.03684668977951393
1 0.5187873048862922 0.7502629587781247 0.04166171034428636 0.030633057370694418
1 0.6322868096956157 0.7538763084175342 0.034176592558271324 0.03982621941479181
1 0.6628994034350134 0.7125057727983328 0.04338790145127884 0.03535692496187508
1 0.5965105116023814 0.6921582116279161 0.037410719962933034 0.04302395459715278
1 0.5558210242162531 0.6688668352030204 0.05621528366526398 0.045022865691319504
1 0.47582598936986287 0.7066954499444094 0.05125496515360979 0.03710126291777769
1 0.4624976101511026 0.6608744568782635 0.06597222958158007 0.056178571238402954
1 0.3908458102437698 0.5569876970946177 0.06613592068857255 0.06086607123840278
1 0.32996781922944446 0.44815886417270806 0.08041667549789597 0.06744337955902786
1 0.6581126334799295 0.2395767658644786 0.06161211179556503 0.06544446846486114
1 0.5024950944571879 0.39566637775607594 0.07249504809323426 0.06413654160312507
1 0.4889732530800429 0.2771345833031593 0.05385417549789597 0.06682513050895836
1 0.8491692309323422 0.6057433604698952 0.04376984736759511 0.04629442496187508
1 0.88884925670824 0.3538347151432979 0.05648810217691817 0.052835365691319504
1 0.8695139580668517 0.4942421628065965 0.06123016587924894 0.05450696846486114
1 0.7363319250345597 0.576312393239305 0.047222229581580066 0.05574216014423605
1 0.6695982928205746 0.5684830158644786 0.04900298439090349 0.062028527735416714
1 0.7791617765785059 0.5041639830950688 0.05934028366526398 0.045095600873680655
1 0.7614782248570745 0.3560174238245133 0.05832342068857255 0.060684233282499986
1 0.8064856792109112 0.4581786826582285 0.0375198473675951 0.04614895459715278
1 0.7476463925504222 0.45251121732749944 0.0516369110699257 0.048038762917777686
1 0.7094569117877159 0.4784204071070133 0.05314484736759475 0.046512630508958354
1 0.6983532314804964 0.4067454288585064 0.061502984390903494 0.06231946846486114
3 0.3286285193221117 0.34263556278593726 0.09853175843752045 0.09440592306201392
3 0.47647574228026973 0.3446675754193746 0.11221231252120453 0.083795731382639
3 0.4265972825689556 0.43887282351951357 0.09286211179556503 0.06617182028847228
3 0.22730661069925678 0.46384037519062477 0.10165675843752045 0.09447865824437507
3 0.5733457969969258 0.45422245374413145 0.11382937622353531 0.08539459897381949
3 0.41712805724854496 0.5931245656357289 0.10714286660488845 0.07274912860909737
3 0.2509871912766286 0.6493778316876387 0.0540724303072194 0.07307513050895835
3 0.341986702709374 0.7027736289903469 0.0896279843909034 0.06297408510611113
3 0.5518800578815171 0.7127441217721524 0.08058036660488846 0.07213087955902786
3 0.6985268793883963 0.6804011344055898 0.0775099303072194 0.07362064437666689
3 0.8838418420949352 0.546294972077152 0.09625993030721958 0.07405705547083344
3 0.689246104708807 0.5265858033835411 0.11210318511654264 0.080670731382639
3 0.7912128540758349 0.40145655718326323 0.07482143992586625 0.08604790919430556
3 0.5926810956383143 0.31381500608083285 0.06204862141421188 0.07794446846486114
3 0.5522768727649743 0.6345463865897912 0.046349210344286365 0.03074216014423605