5 0.56328125 0.5011045783274888 0.8734375 0.9977908433450224
1 0.7185827507558595 0.6694407102224047 0.07113066000954511 0.07153980925276535
1 0.7265690681094495 0.8187685543782062 0.06633407200827221 0.062082988635914306
1 0.6314565627784494 0.8342923685022352 0.09142497867599957 0.07033186525912001
1 0.5518150634547672 0.9039815312462928 0.05701361600890866 0.0666068474022122
1 0.4457463294477675 0.8505780673671449 0.06159202800763595 0.057313668019063256
1 0.3871065787714497 0.7784751964259822 0.08368520401018138 0.07644549756436803
1 0.6106793440881323 0.6597463360348312 0.060102253341817756 0.06353639448011297
1 0.5556373080839961 0.6283230121715693 0.05864884134309047 0.07288412094116267
1 0.4698452587523597 0.6393229675293007 0.04760225334181776 0.06331820616851011
1 0.6666464387332697 0.5021617069759938 0.0632454346753633 0.06515344155801354
1 0.7119123907144977 0.36469866314450405 0.049328385343726744 0.07740797970746058
1 0.66658006735359 0.16082364082336967 0.05999316534054522 0.05416139448011292
1 0.5314141793443631 0.09050936647364043 0.047511346674090585 0.05550570616851021
1 0.5707879513844522 0.3864491578694983 0.033285214672181596 0.041197744317957155
1 0.5016754193984515 0.48834684861673294 0.04271475867281786 0.04604888555165907
1 0.48044421471195253 0.3419121793798537 0.055469297342454024 0.06814207386326192
1 0.5338055720480432 0.36315197970416524 0.04567612667090888 0.03204093262955983
1 0.5273913927036802 0.2818065223178391 0.06182838534372692 0.07762616801906326
1 0.41404815006363344 0.47588203043551386 0.041334072008272396 0.061646612012708955
1 0.3532117420830416 0.6177598388775003 0.05045453333863614 0.039935253246410875
1 0.32107085673931485 0.5406518680984935 0.04903748400699968 0.052407979707460584
1 0.28737710940481487 0.5314717370110612 0.031577264003817974 0.028670470779006862
1 0.31778167739495167 0.459360957790068 0.048982940006363405 0.047720479707460586
1 0.3804447620544066 0.4073405361175568 0.058539753341817845 0.0635091209411625
1 0.25527203938572485 0.39031490300152955 0.04278748400699968 0.05229888555165916
1 0.2981226107176795 0.3809086753226639 0.053761346674090583 0.05561480032431163
1 0.3700237880330894 0.2501592816533299 0.04118862133990877 0.04914661201270878
1 0.833334499403224 0.529285088874205 0.04115225867281787 0.04602161201270878
4 0.7939372867599956 0.701218590092021 0.12222154002227156 0.16616256249917621
4 0.8759310794079965 0.5651777244258642 0.1596669960216353 0.16212962743398443
4 0.6847457421228125 0.9164560320570718 0.15150905068427178 0.1323057597392328
4 0.5749440281269488 0.9423771221573309 0.1013817813494537 0.11524575568533812
4 0.6093088427752678 0.8104730389569305 0.11081132535009015 0.12534664772652385
4 0.6530213854232686 0.6737639715864904 0.12952496268299923 0.12254893019392785
4 0.7206799580680878 0.5140401440697805 0.11241018801718106 0.12849892126547413
4 0.6863311353834977 0.3814361497518234 0.12356586401972632 0.14743983603812652
4 0.7820794400461342 0.3534259723972693 0.1438056386855447 0.141544392044481
4 0.6987022240213172 0.16919524837185165 0.13781017735518084 0.16331029788867957
4 0.44771790945254003 0.8857615909060952 0.09969201201463562 0.10953073295387128
4 0.4783491967695408 0.7660081984545771 0.10301700668363552 0.12677278003177223
4 0.5144674154200869 0.6479127633893853 0.09960110534690844 0.10171823295387146
4 0.5565361894095874 0.5713190357105196 0.12649086935072643 0.1303068831160271
4 0.5706885013924063 0.44502927110002305 0.13277723201781733 0.13354097727182862
4 0.5686072860439071 0.3332968843305479 0.12211245202099903 0.15678756249917622
4 0.5740113066915897 0.19357586525582443 0.1361022266868172 0.1507830243497293
4 0.4496192866804539 0.10939000567874757 0.11101132001909005 0.14253414772652379
4 0.42127830004772504 0.3588445348997408 0.08232269867918127 0.09360572402541764
4 0.2845402740292714 0.22054787378053636 0.1233658693507265 0.13025233603812653
4 0.3162946394414041 0.8014530004037418 0.0683692866804539 0.10273526217486477
4 0.23980322274822355 0.6048450073036007 0.08413973734881744 0.11550799756436803
4 0.2222777260502704 0.3741171586835724 0.08241360534690845 0.10141822402541764