5 0.5 0.44609375 1 0.8921875
1 0.7148492305509805 0.3145732696973014 0.0756418091359686 0.07480368182494193
1 0.8613867158516595 0.3469653225493202 0.06602114767057934 0.06973417984777566
1 0.8539227758921392 0.4435684085188753 0.07835072930778501 0.09674234882113648
1 0.9043122795101839 0.5385970656292379 0.07038109905006032 0.06367518083635879
1 0.8291285730423201 0.6277815824351519 0.06100609905006031 0.06329317885919253
1 0.745691953300045 0.6640639337277463 0.08262879353213641 0.08912084980971961
1 0.6826309520568495 0.4168825276059668 0.06733798620519008 0.06511034684397003
1 0.6388300424004826 0.46251070399370137 0.07663109905006031 0.06392984882113631
1 0.6307928923550541 0.5481762899632565 0.06512038896415202 0.052546679847775654
1 0.5421929805509805 0.3216084727767816 0.06906426051544959 0.06829901384016442
1 0.41976138059640905 0.24125908098945822 0.07926477611928177 0.054682182813525236
1 0.2141321783124169 0.2316307074909235 0.05952548620519007 0.06479201186299814
1 0.11591708559393468 0.34445831273785055 0.05878850180902231 0.05072951186299814
1 0.40998466813565154 0.3833656679475966 0.04398901741285464 0.036094008897248564
1 0.4924054217536963 0.47708915163597415 0.049167840343633175 0.0456600098858317
1 0.3474271144267499 0.4595090152858582 0.07326043758467105 0.05911501482874755
1 0.37864613692798715 0.4128276748676788 0.03362472749876275 0.046585839923887915
1 0.29883912822155984 0.3988553581754955 0.08148237336031983 0.06724584980971962
1 0.46068511024287845 0.5590222425484451 0.064792840343633 0.046296679847775656
1 0.5831543317487474 0.6550284678338658 0.04480788896415202 0.051719008897248564
1 0.5023137675243963 0.6661516516359741 0.055827276119281774 0.05372717787060939
1 0.4858599298942966 0.6957900720922096 0.0314071302577247 0.03402217292769336
1 0.4230423473525796 0.6474600014456937 0.0510578889641522 0.051973676882026254
1 0.38782082032878673 0.5729520913695815 0.06725609905006032 0.06354784684397004
1 0.34227702623082346 0.6898968522439966 0.05549972749876275 0.04747717787060921
1 0.3423279358871904 0.6460513517497048 0.05911605042954129 0.05697951186299797
1 0.23355272218323755 0.5424408734985346 0.052292840343633 0.045787343878220456
1 0.6060839829258298 0.16633604095183965 0.04908595318850324 0.04409750988583174
4 0.7623959379233554 0.2507853423209837 0.17546474672063966 0.13500103558899426
4 0.6498815705559293 0.1355834480622023 0.17422315128862387 0.1708112015966055
4 0.9371497368267878 0.413217722245309 0.12570052634642437 0.15860036167271777
4 0.9419451184412793 0.5274075562376977 0.1161097631174414 0.10971719269935694
4 0.826534760288307 0.4587769144503744 0.1341846494796016 0.12084569368794007
4 0.7049662974888652 0.3799581891649537 0.13196040818602892 0.1379058596955513
4 0.5669982287419583 0.2720568003433798 0.13566526232447185 0.11934686068413444
4 0.43147348654387435 0.2705327455141947 0.15671474672063965 0.13423703163466155
4 0.4254514586155702 0.17056457901229188 0.1530917797373265 0.1543585306460784
4 0.22984570952008135 0.2028053705327852 0.17307673111680746 0.1489362015966055
4 0.863090815240404 0.6334439920169725 0.11634205223856356 0.10764535672980173
4 0.7542646918800843 0.5736790142600939 0.13369332654882307 0.11147069368794008
4 0.6490172698992455 0.5075048690127294 0.11001016508343398 0.10582818874502423
4 0.5847633401164904 0.44670663186431064 0.13969102103089917 0.1366616946765232
4 0.46561387041964375 0.3991060730807928 0.14141729534115868 0.13985036167271775
4 0.3577261273170487 0.37218542882201144 0.16592597241038015 0.1314940336118279
4 0.22397856908559127 0.3298772065023403 0.16041295680654793 0.1453018656270503
4 0.11482929839337638 0.4282748972245309 0.14808337516934214 0.11829369665368965
4 0.3498394634768102 0.5204783487839554 0.09981629353213642 0.08982118676785796
4 0.18657922489677098 0.6171663008748525 0.13788285956550989 0.13191052768032882
4 0.7527065931687081 0.7381553497353575 0.10532930913596843 0.07601335475263546
4 0.544849827564876 0.7607173937273088 0.12177318068726599 0.09227502471457942
4 0.3194503578680292 0.7174461906850096 0.1059025192218769 0.08695085475263546