5 0.500045451795398 0.49609375 0.9999090964092039 0.9921875
4 0.5431173210303566 0.8061791478520322 0.14283291549465282 0.11755998924663302
4 0.7041229987234537 0.8104021133201289 0.14446813836728972 0.1301327638537387
4 0.656693486819597 0.7172728515333044 0.07559996369925485 0.10661818114108108
4 0.37093324882164963 0.7610593546336764 0.1397897287263694 0.1314769400324213
4 0.3770600080932277 0.6052631189017001 0.1553147347764936 0.11501718610347993
4 0.21560942368607638 0.6588890407371564 0.13028746369925476 0.10916529238978612
4 0.19754470403489327 0.5089083114153208 0.14281473477649365 0.11443498924663302
4 0.0744799087571576 0.5787200053766834 0.14274201190385666 0.10193498924663302
4 0.06039870715815123 0.4418385895370832 0.11622496369925477 0.10851032092583353
4 0.0652811289975159 0.34080262841221276 0.11626132513557323 0.11476032092583344
4 0.45042374345889646 0.32051993776061893 0.11462610226293624 0.10218754631872758
4 0.38191866227319904 0.23149813316972373 0.10346134328594588 0.06261562406898662
4 0.2525806202169172 0.16328328825595695 0.1224022408266178 0.09630141935425689
4 0.3515402949831481 0.11413085070473503 0.10209883118569749 0.09691784946188076
4 0.47019484621281205 0.09219373056468985 0.11141928903121964 0.08797949710451589
4 0.48164595150081047 0.17996555831494884 0.10507838544042354 0.07206339867609243
4 0.594559041958086 0.11140814929977419 0.11293633723582168 0.08023977171162171
4 0.6060555990414824 0.20699247705003318 0.11466246369925485 0.10843754631872757
4 0.7446459212501895 0.2536769243211648 0.10665906615858275 0.07526117328319834
4 0.8388317376051638 0.18989906059126044 0.09726588544042372 0.07169952564056317
4 0.9886044786281737 0.37510019830909813 0.022791042743652668 0.08397689371369373
4 0.977073643631847 0.5796614197730509 0.04579428903121965 0.08492296360606985