5 0.49765625 0.48828125 0.9953125 0.8671875
4 0.53828125 0.79296875 0.1296875 0.09765625
4 0.68984375 0.79609375 0.1296875 0.1078125
4 0.640625 0.709375 0.065625 0.09375
4 0.375 0.75078125 0.12421875 0.1109375
4 0.3734375 0.60546875 0.14140625 0.09375
4 0.225 0.65625 0.1171875 0.08984375
4 0.2015625 0.51640625 0.1296875 0.09453125
4 0.0828125 0.584375 0.14140625 0.08203125
4 0.0625 0.45390625 0.11953125 0.0921875
4 0.0609375 0.36015625 0.121875 0.09609375
4 0.4296875 0.3390625 0.10234375 0.084375
4 0.3609375 0.2546875 0.09296875 0.04921875
4 0.23828125 0.1921875 0.11015625 0.08046875
4 0.328125 0.14609375 0.090625 0.08125
4 0.43828125 0.125 0.1 0.07421875
4 0.453125 0.20625 0.0953125 0.0578125
4 0.55625 0.14140625 0.10234375 0.0640625
4 0.57109375 0.23125 0.10234375 0.090625
4 0.703125 0.27421875 0.09765625 0.0609375
4 0.78828125 0.2140625 0.0875 0.0578125
4 0.9640625 0.3859375 0.06875 0.07734375
4 0.978125 0.48046875 0.04140625 0.078125
4 0.95859375 0.57890625 0.08046875 0.07578125