5 0.5 0.5 1 1
4 0.7034513189985885 0.7672049575186973 0.26086713636243813 0.18400301088459123
4 0.6694506457045195 0.9546800986335391 0.21131142126547414 0.09063980273292174
4 0.8658716781719236 0.9399678126060225 0.14165348620028234 0.12006437478795498
4 0.37207818263285514 0.449196479666398 0.27355805113509046 0.19537702050323807
4 0.8761071635581317 0.45976202366809893 0.23583986282348768 0.18156749164729752
4 0.6243616570653099 0.551031831295162 0.2537171095770768 0.1322222560752678
4 0.5381180142067548 0.34164441841113785 0.26240236282348767 0.1824950745869221
4 0.13567089854059797 0.2439459513586116 0.23238758035608367 0.16270836424263582
4 0.12347090746905172 0.5208531917399648 0.24694181493810344 0.15420638347992952
4 0.03406571388244324 0.7959499062606022 0.06813142776488648 0.08877481252120453
4 0.021766311284655473 0.70095486479079 0.043532622569310946 0.12378472958158007
4 0.37898137865839093 0.8598438029873756 0.17413870373287824 0.13568950725639403
4 0.16873757955189533 0.9470907987262065 0.18861821509696391 0.07061014427970277
4 0.4378051793897395 0.9737078624285374 0.1636454886359143 0.052584275142925206
4 0.4054638323912691 0.731002040373504 0.13628414772652384 0.11406747840045348
4 0.47618938961543955 0.7545784388295578 0.09163412094116268 0.0609771947351895
4 0.9090058437553548 0.8142511162263704 0.0969761858759707 0.09864088584218215