4 0.61640625 0.8421875 0.1375 0.12890625
4 0.4625 0.8046875 0.125 0.1296875
4 0.3203125 0.79765625 0.1296875 0.12578125
4 0.23515625 0.69453125 0.1265625 0.128125
4 0.36796875 0.7203125 0.12890625 0.125
4 0.5015625 0.6859375 0.125 0.10625
4 0.73203125 0.75703125 0.14375 0.1375
4 0.634375 0.6578125 0.1171875 0.1203125
4 0.75703125 0.6171875 0.15 0.13046875
4 0.83671875 0.5390625 0.1171875 0.1171875
4 0.56015625 0.58046875 0.13359375 0.128125
4 0.41796875 0.51328125 0.11484375 0.1046875
4 0.328125 0.56796875 0.10703125 0.11015625
4 0.2375 0.53828125 0.11171875 0.10859375
4 0.14296875 0.5390625 0.10078125 0.10078125
4 0.17421875 0.45 0.12265625 0.09140625
4 0.1625 0.4015625 0.10390625 0.10546875
4 0.22734375 0.30703125 0.11328125 0.11171875
4 0.31875 0.3953125 0.12890625 0.128125
4 0.496875 0.34296875 0.10546875 0.11640625
4 0.64296875 0.47578125 0.109375 0.115625
4 0.85703125 0.459375 0.08125 0.1140625
4 0.72265625 0.49375 0.084375 0.08984375
4 0.71875 0.42734375 0.10703125 0.10546875
4 0.740625 0.34140625 0.1046875 0.11796875
4 0.82421875 0.37265625 0.08046875 0.1015625
4 0.6390625 0.34375 0.11171875 0.11328125
4 0.2734375 0.21640625 0.10703125 0.09765625
4 0.42109375 0.1453125 0.1125 0.1015625
4 0.56953125 0.1546875 0.11640625 0.11015625
4 0.74453125 0.2171875 0.10625 0.115625
4 0.66875 0.20234375 0.09765625 0.1140625
4 0.51171875 0.23828125 0.1109375 0.09453125
4 0.41796875 0.25859375 0.11875 0.09453125
3 0.5546875 0.409375 0.0765625 0.05703125
3 0.68203125 0.58515625 0.07890625 0.0484375
3 0.58359375 0.66484375 0.0671875 0.0859375
3 0.34375 0.64453125 0.05546875 0.05703125
3 0.39453125 0.6546875 0.07109375 0.1046875
3 0.3984375 0.5890625 0.0640625 0.05
3 0.45703125 0.62734375 0.06796875 0.09765625
3 0.30625 0.490625 0.07265625 0.07578125
3 0.27578125 0.4046875 0.04765625 0.05078125
3 0.22578125 0.353125 0.05703125 0.071875
3 0.31171875 0.34921875 0.05234375 0.0765625
3 0.5390625 0.45546875 0.06796875 0.0625
3 0.43359375 0.54921875 0.06328125 0.05390625
3 0.48984375 0.53046875 0.05234375 0.1015625
3 0.540625 0.54296875 0.0609375 0.06953125
3 0.62109375 0.72265625 0.0671875 0.0640625
3 0.81796875 0.43203125 0.04453125 0.07734375
3 0.76640625 0.45 0.04140625 0.0484375
3 0.7734375 0.40859375 0.025 0.02734375
3 0.74453125 0.55078125 0.05078125 0.04296875
3 0.79453125 0.53984375 0.040625 0.040625
3 0.78984375 0.49375 0.053125 0.04375
3 0.8875 0.33671875 0.05078125 0.04609375
3 0.5984375 0.27421875 0.05625 0.06328125
3 0.64375 0.27265625 0.05703125 0.05
3 0.5765625 0.5140625 0.05078125 0.04453125
3 0.4640625 0.20234375 0.02734375 0.0296875
3 0.42890625 0.08671875 0.03671875 0.06484375
3 0.29765625 0.22421875 0.06484375 0.0671875
3 0.35546875 0.2828125 0.05546875 0.04765625
3 0.4546875 0.3796875 0.0515625 0.03828125
3 0.42890625 0.35703125 0.04375 0.034375
3 0.42265625 0.3140625 0.053125 0.05234375
3 0.371875 0.328125 0.04375 0.03359375
3 0.3984375 0.2890625 0.0359375 0.03828125
3 0.43984375 0.26640625 0.05859375 0.04140625
3 0.4203125 0.2203125 0.028125 0.02734375
3 0.49296875 0.19453125 0.03203125 0.03671875
3 0.496875 0.1609375 0.040625 0.03046875
3 0.1046875 0.6703125 0.08125 0.053125
5 0.4859375 0.5078125 0.971875 0.984375