4 0.4109375 0.14940842648048647 0.1515625 0.147277656344514
4 0.5640625 0.20531620041618104 0.1390625 0.14542421561506957
4 0.70625 0.2281569012136117 0.14375 0.1424083183886112
4 0.784375 0.34169403077263955 0.1390625 0.14542421561506957
4 0.6515625 0.3011027855222922 0.1421875 0.14080945079743062
4 0.5125 0.32052231990722263 0.1375 0.123512848023889
4 0.2859375 0.22306151918604195 0.1578125 0.1567981267092362
4 0.37578125 0.3329651556789239 0.1296875 0.1342685100679862
4 0.2484375 0.3604699469977085 0.1640625 0.1491310970739584
4 0.1609375 0.43187086189159735 0.128125 0.13110714247680572
4 0.44453125 0.4205028296908685 0.146875 0.14560605357097245
4 0.5828125 0.5041901115103478 0.1265625 0.11857077488562506
4 0.678125 0.45953353457236173 0.11875 0.12463893692972228
4 0.76796875 0.4999059210652437 0.121875 0.12158667211208343
4 0.86328125 0.5083743441272577 0.1125 0.11511846656500016
4 0.82421875 0.5965276543477438 0.1328125 0.10777874525034736
4 0.83203125 0.6459282423036464 0.115625 0.1198787017473613
4 0.7578125 0.7348257817225701 0.125 0.1263469072944446
4 0.67265625 0.6351874980032297 0.1421875 0.1454969507974308
4 0.4875 0.6675966884483338 0.115625 0.1308162017473613
4 0.3515625 0.5175577080156253 0.1203125 0.13092530452090295
4 0.1328125 0.5101224952503474 0.0921875 0.12402068787965277
4 0.271875 0.48914046086541685 0.09375 0.10061955547083343
4 0.2703125 0.5578540932742364 0.11875 0.11838893692972227
4 0.24140625 0.6423375428373961 0.1171875 0.1324150693385418
4 0.15859375 0.6005663105048266 0.090625 0.11148432028847229
4 0.34296875 0.6509514362641322 0.121875 0.12783667211208344
4 0.703125 0.8202716660312506 0.1171875 0.11210256933854197
4 0.546875 0.876009906913195 0.1234375 0.11537303970326392
4 0.396875 0.8498623681598614 0.128125 0.12485714247680554
4 0.22578125 0.7669738669255904 0.1171875 0.12929006933854162
4 0.30078125 0.7905945113022572 0.109375 0.125983231382639
4 0.46328125 0.771720490785035 0.1203125 0.10905030452090295
4 0.56015625 0.7622565314382297 0.128125 0.10923214247680572
3 0.43515625 0.5945033741437851 0.0828125 0.0675524823325695
3 0.321875 0.4028042237831947 0.0859375 0.05825021751493065
3 0.428125 0.33262096998347257 0.0765625 0.09553201196784729
3 0.66953125 0.3804272628208686 0.0609375 0.0639183360560418
3 0.61875 0.3644015661075005 0.08125 0.11439111474138901
3 0.609375 0.42980836056041716 0.0703125 0.0578865416031249
3 0.553125 0.38474912727791716 0.0765625 0.1080320119678472
3 0.69375 0.5403659604841673 0.0796875 0.08466724715020853
3 0.71640625 0.6299557905562854 0.053125 0.05748649810013902
3 0.76328125 0.688078068291702 0.0640625 0.07805357123840277
3 0.67578125 0.6821352331855908 0.059375 0.08419446846486114
3 0.45390625 0.5496272852379518 0.0734375 0.07202177678548623
3 0.5703125 0.4671804207809032 0.06875 0.06097517401194459
3 0.51171875 0.4783166361116324 0.0625 0.10926720364722228
3 0.4609375 0.4599471893982642 0.06875 0.07816267401194459
3 0.3953125 0.2693572505686809 0.0734375 0.07358427678548622
3 0.1703125 0.5406828174386807 0.0515625 0.08245013050895836
3 0.22421875 0.52865624933441 0.0453125 0.05417966014423605
3 0.2125 0.5697897424005557 0.028125 0.030342116641249993
3 0.25546875 0.42938360115802104 0.0546875 0.0497103656913195
3 0.203125 0.4351965368534724 0.04375 0.04476829255305574
3 0.20390625 0.4828709706490627 0.05625 0.04974673328249999
3 0.09140625 0.6302525040840626 0.0546875 0.052835365691319504
3 0.378125 0.7252072070656947 0.0625 0.07176720364722229
3 0.33203125 0.7217906131258683 0.0625 0.05614220364722229
3 0.421875 0.48560049961875035 0.0546875 0.0512728656913195
3 0.50859375 0.8134001509292712 0.03125 0.03353985182361115
3 0.53359375 0.9350757823881601 0.04375 0.06976829255305575
3 0.67890625 0.809551718367952 0.071875 0.07511040919430556
3 0.62578125 0.7442527202678131 0.0609375 0.05454333605604163
3 0.53359375 0.6350757823881602 0.05625 0.045059233282499986
3 0.5578125 0.6614207300514587 0.046875 0.038591027735416714
3 0.56015625 0.7052252814382296 0.0578125 0.059158100873680654
3 0.61328125 0.6970867795383686 0.046875 0.038591027735416714
3 0.5828125 0.7330963615103477 0.0390625 0.04309668977951393
3 0.5390625 0.7508280689572921 0.0625 0.04832970364722229
3 0.5546875 0.8011917448690976 0.03125 0.031977351823611146
3 0.47890625 0.8181779166968408 0.0359375 0.04146145459715278
3 0.47109375 0.8515898287409378 0.04375 0.03539329255305575
3 0.91484375 0.38144947463621603 0.0875 0.06297408510611113
5 0.5 0.5 1 1