5 0.5 0.5 1 1
4 0.7329810588424329 0.7467402031530559 0.25587962743398424 0.16517768527287444
4 0.7250533307565302 0.9517887866848002 0.2066784683433749 0.09642242663039972
4 0.9271493628218401 0.9262809786548456 0.14570127435631974 0.14743804269030888
4 0.3601167086008469 0.45556465604341456 0.26700804220663665 0.17643343401923312
4 0.8761921274339844 0.41916443560207883 0.24761574513203116 0.16361518527287444
4 0.6269962913925625 0.5351685541692703 0.2518273271096728 0.111961757059629
4 0.5141166416374439 0.3312048167056827 0.25582508035608365 0.16205268527287445
4 0.1109274119299833 0.2710603092503423 0.1977125714276299 0.14318301332783517
4 0.12523892247999485 0.5541455938900783 0.23345915665497757 0.13329118778015675
4 0.05453055072475808 0.8425655847188784 0.08096935633066597 0.07575616943775679
4 0.03491175161826251 0.7475114974927175 0.04576824188232516 0.116897994985435
4 0.4181390831921622 0.8718859895086517 0.16923301542127547 0.12205215940862679
4 0.2161556176881611 0.9761091735943918 0.1897443384737585 0.04456365690134447
4 0.49436243830501214 0.9807739415410804 0.16181025324641088 0.03845211691783916
4 0.42908844561190806 0.7386786844149444 0.12989778003177221 0.10529055674305994
4 0.5020174310014115 0.7564177653728992 0.08683752678536116 0.05406302586424747
4 0.9494822844943513 0.7749574460269201 0.1010354310112973 0.095188131037097