5 0.5 0.5 1 1
4 0.5168404468330194 0.20987881806967862 0.14900233603812651 0.12358404535327186
4 0.3662813392845374 0.17610216004931592 0.1523182508107789 0.13455790802036266
4 0.39998991192998334 0.2725686273869975 0.0862023271096728 0.105669292011454
4 0.6720285531636854 0.2851071794239049 0.1460955243497292 0.13604768268618095
4 0.6479888555165918 0.4293293467536324 0.16144778896022594 0.1206044960216353
4 0.804638275971287 0.40928157077494953 0.1363114212654743 0.11250109468490824
4 0.8032411915547183 0.552986117441086 0.1489750624991764 0.12202154535327185
4 0.9273103425309482 0.509182668125358 0.14537931493810347 0.11115677068745348
4 0.9311833877821251 0.6427491461250396 0.13763322443574993 0.11722495735199914
4 0.915793558842433 0.7362900607892671 0.13957278896022557 0.12034995735199913
4 0.5453759188265469 0.6812089254057694 0.1189875535707225 0.10448860001590835
4 0.599410628241468 0.7786930000795419 0.10273526217486459 0.0683692866804538
4 0.7102856728837367 0.865903193427723 0.12677278003177203 0.10301700668363552
4 0.612352733354318 0.8936640194143599 0.10794095941492117 0.09811133068109043
4 0.49905784658484276 0.8915646227323151 0.11569891233702041 0.09507723734881743
4 0.49914757548152444 0.8072078040658607 0.10758640340856651 0.07779883068109009
4 0.38429987134160914 0.8503936353834977 0.11709777110331832 0.08572041868236298
4 0.3858430060824894 0.7598049980505885 0.12065914772652384 0.1107567813494537
4 0.2612054703686744 0.6896186727004985 0.10917617694751698 0.07937951201463563
4 0.16586174268980874 0.7314692706874536 0.09974662986961631 0.07614542401336308
4 0.0357400458567894 0.5260903326702726 0.05467959172016938 0.08968066534054522
4 0.03018374675029384 0.4315136293364089 0.04678527110331836 0.08490225867281787
4 0.06603369764379827 0.33741873134149963 0.08908186525911972 0.09164315467854492