5 0.5 0.5 1 1
4 0.2609375 0.3 0.2359375 0.13984375
4 0.2609375 0.0890625 0.19375 0.10390625
4 0.0671875 0.14296875 0.134375 0.13359375
4 0.62890625 0.5515625 0.24609375 0.15
4 0.12890625 0.628125 0.23828125 0.1390625
4 0.3703125 0.4953125 0.2359375 0.0890625
4 0.48515625 0.68359375 0.2359375 0.13671875
4 0.8921875 0.71015625 0.21484375 0.12265625
4 0.86484375 0.43828125 0.2421875 0.11015625
4 0.9359375 0.15390625 0.128125 0.06640625
4 0.95703125 0.2453125 0.0859375 0.10859375
4 0.559375 0.1546875 0.15390625 0.10625
4 0.7484375 0.0265625 0.18125 0.053125
4 0.48203125 0.034375 0.1515625 0.06875
4 0.55390625 0.284375 0.11875 0.09140625
4 0.4828125 0.2734375 0.08203125 0.0453125
4 0.0484375 0.290625 0.096875 0.08359375