4 0.6497260427404867 0.89393802351729 0.15966855357097245 0.15506371551297526
4 0.4810663085080563 0.8554476543408416 0.14720492116215275 0.15597111827193721
4 0.3287952936904174 0.8505886567156911 0.1517833183886113 0.1515292797373263
4 0.22715809887691032 0.7414825723649516 0.14873105357097235 0.15449050542706697
4 0.37210757617548673 0.7670258842144536 0.1502208183886113 0.15144739258219672
4 0.51164154844007 0.7275207281761313 0.1450605397032639 0.13088923111680728
4 0.7645678331093408 0.7992983101520215 0.1677356267092364 0.16641065128862403
4 0.6505579248649658 0.6950058785602441 0.137575348023889 0.14454229534115867
4 0.7774646105604172 0.6493768752808838 0.17384015634451408 0.1604881999091429
4 0.8542615402719449 0.5628871766149363 0.13590374525034754 0.13977290818602892
4 0.563583295305938 0.6124180286056726 0.15654355357097244 0.15489994120271575
4 0.4043706430454865 0.5439911759375677 0.13405030452090294 0.12719102103089916
4 0.31367421428388936 0.6032223337849124 0.12638327488562506 0.13303158525525038
4 0.21387358282500046 0.5730224994341732 0.129435539703264 0.13007035956550989
4 0.11329235457649353 0.5763345279283041 0.11991506933854175 0.12332903663473135
4 0.13758188012770872 0.4800703595655099 0.14000936379145842 0.11501856965141818
4 0.11999368341434065 0.42842929443664757 0.12155030452090285 0.12653592378986112
4 0.18002068721406278 0.3254547806418376 0.13266964247680568 0.13492163387576941
4 0.2867629561157642 0.4192224700355309 0.15029355357097227 0.15457239258219674
4 0.47184516451263914 0.3586954850735363 0.12340374525034718 0.13911781094499087
4 0.6413062921718059 0.49866646709485485 0.12809124525034737 0.13936347241038013
4 0.8686493889614241 0.47702824174379865 0.0982946424768059 0.13312011646291494
4 0.7291154166968407 0.5165333977821209 0.0992752610179167 0.10820200361804452
4 0.7173044412981253 0.4449073812737776 0.12623780452090294 0.12678158525525038
4 0.732309885827292 0.3520581399802049 0.1250389804327085 0.14232469810012063
4 0.8251338186729515 0.3842332321328602 0.0964412017473613 0.1205382293077851
4 0.6239525251699656 0.35652323269868713 0.12958101006798622 0.1363203595655099
4 0.2206619113785071 0.2277066774079058 0.12449346656500015 0.11888719810012063
4 0.37096907627239595 0.14819067503305655 0.1324150693385418 0.12398413387576941
4 0.5310889586812154 0.15502160843385612 0.13575827488562506 0.1335229081860289
4 0.7237498905769446 0.21895903493725072 0.12496624525034719 0.13919969810012062
4 0.6414822512342709 0.20450370929293876 0.11548214247680555 0.13402087516934208
4 0.47703919794763905 0.2466049208491851 0.127545731382639 0.11592597241038013
4 0.3784932483844794 0.27031133649844585 0.1369570989738195 0.11797979534115868
3 0.5398152209334031 0.4293631891665507 0.0875376740119446 0.07325379353213642
3 0.6939611263279866 0.615349356059007 0.08888196846486114 0.06396068068726599
3 0.5969062480032298 0.7031182717082677 0.08037979065319441 0.10096935775648763
3 0.3382215790252784 0.6856596975342938 0.06558993882958344 0.06898237336031983
3 0.39307273318559083 0.6955569979638352 0.0871025693385418 0.12160940637700648
3 0.3906549415824658 0.6252035543862702 0.07322060087368057 0.06157930913596861
3 0.45791582997520885 0.6654025084792846 0.08223323138263901 0.11355124491161739
3 0.2828768495425004 0.520457421415012 0.08637521751493064 0.09035940637700648
3 0.24252264684520872 0.42938868611433306 0.05603310087368065 0.06067855042954129
3 0.18272876633625032 0.37475541779696736 0.0675524823325695 0.08625176051544958
3 0.2746616931979864 0.3686492599496227 0.06446384992375007 0.08765048620519007
3 0.528478983851181 0.4787080919255128 0.07823540919430556 0.07588747060135788
3 0.4247565314382296 0.5817335153766896 0.07332970364722229 0.06626680913596861
3 0.48280476757052126 0.5613667836940552 0.06668096656499997 0.11585737336031983
3 0.5384735393220144 0.5728675277011614 0.07216724715020835 0.08337242198083886
3 0.6420564002636813 0.7655673620519007 0.07827177678548622 0.07744997060135787
3 0.8242993237069449 0.44895415140016565 0.055125217514930824 0.08872166327441171
3 0.7709385875746532 0.46956654454818914 0.0481478656913195 0.057144114653892686
3 0.774571427430417 0.4244997060135784 0.028852351823611143 0.03272396879233561
3 0.7570598851617019 0.5773004794193268 0.05741376291777769 0.05294793758467105
3 0.8098212092498963 0.5644596426937383 0.047966027735416715 0.049331614653892505
3 0.8008631301277088 0.5148314569180895 0.06053876291777769 0.05311171189493056
3 0.8889774599154864 0.34466279907074493 0.059048998100139014 0.0561548247398008
3 0.5738602997712502 0.2828909808896648 0.06577177678548622 0.07679487336031983
3 0.6221886969977085 0.2807419826986871 0.06540810087368065 0.06116987336031983
3 0.5736473199072226 0.5419384322691458 0.05741376291777787 0.05294793758467122
3 0.4230777433504862 0.2078832575747735 0.03201371941479181 0.034450243102595035
3 0.3741655050339931 0.08437383649844582 0.04542290919430565 0.07416784034363307
3 0.24658863174322937 0.23530781546754667 0.07521951196784729 0.08041119629109836
3 0.31512173261690996 0.296641463138126 0.0637728656913195 0.05796298620519007
3 0.43065777327010446 0.39945328188503304 0.06039329255305557 0.04686171189493056
3 0.4012241931979864 0.37528211951513263 0.050945557370694415 0.04324538896415202
3 0.39001328305375027 0.3294373530067892 0.06075696846486114 0.06248671189493056
3 0.3365434441479169 0.3453622461548128 0.05090918977951393 0.04168288896415202
3 0.3613064015948614 0.3029633842144537 0.041643292553055565 0.04587906603337357
3 0.4028574687492016 0.27783058740295696 0.0667523953265972 0.05187676051544958
3 0.3775113234226043 0.22812383649844584 0.03350348423243066 0.03140713025772479
3 0.45254703780340294 0.2000641135222388 0.03848192496187508 0.04415279172311406
3 0.4540179656150696 0.1626869442549334 0.04614895459715278 0.0383122274987628
3 0.08536998916951448 0.717665534825709 0.09207970364722229 0.0672494549975255
5 0.5 0.5 1 1