5 0.5 0.4909796370615629 1 0.9819592741231258
4 0.6967631303692665 0.6989772410693755 0.22832415309764614 0.21755509517409752
4 0.6060994295556124 0.5025730601235769 0.20702900723608925 0.19833231648875013
4 0.7147773094746529 0.3131494970532992 0.21673155585660825 0.2048005220358336
4 0.5073598778828756 0.19673932779100736 0.197735894391219 0.19967661094166686
4 0.3784613511977669 0.34277591356270865 0.1877876843053107 0.1885209053945834
4 0.2054542983933764 0.43628625816812516 0.18277263568479177 0.18216180262104179
4 0.36670049411864786 0.7139235617390975 0.19954405585660825 0.20440047853284754
4 0.4289946969684669 0.532783970933403 0.19765400723608922 0.19811411094166687
3 0.22981689054603174 0.5289283530578821 0.15654432835784543 0.15814242116215294
3 0.4962308638609231 0.6841659393982643 0.18292976594251656 0.2149379350298613
3 0.7547239580497432 0.4053740178548617 0.1553912641334943 0.16591855357097246
3 0.6524997167561706 0.420161256836945 0.11265048620519007 0.065045731382639
3 0.6244034514910226 0.6582781994662505 0.19172491180407364 0.23386977298576409
3 0.47702500395672887 0.332585255602674 0.12949714947960161 0.118498039703264
3 0.43084164348670784 0.18091299961875035 0.18556344301173802 0.20563567021222234
3 0.3591547512431954 0.25727417144649334 0.11732469810012063 0.12445709897381949
3 0.37888847636710904 0.45514862699357667 0.15555503844375362 0.16904355357097245