5 0.5 0.5140625 1 0.74296875
3 0.6078125 0.56171875 0.125 0.0484375
3 0.73984375 0.44296875 0.08984375 0.14375
3 0.66875 0.496875 0.0484375 0.06015625
3 0.24375 0.4578125 0.16015625 0.07890625
3 0.4734375 0.40390625 0.06015625 0.0625
3 0.22109375 0.34140625 0.08984375 0.04609375
3 0.3671875 0.325 0.10546875 0.02890625
3 0.49765625 0.31796875 0.07421875 0.05
3 0.46953125 0.25625 0.1109375 0.075
3 0.828125 0.3203125 0.15234375 0.09765625
3 0.6328125 0.3546875 0.125 0.05625
3 0.9125 0.4390625 0.14453125 0.0984375
3 0.7375 0.51484375 0.12421875 0.05390625
3 0.409375 0.36640625 0.2203125 0.04453125
3 0.54609375 0.2359375 0.1109375 0.05390625
3 0.425 0.54296875 0.1234375 0.09375
3 0.41171875 0.45546875 0.16484375 0.0859375