5 0.4998181866645456 0.515625 0.9996363733290912 0.96875
3 0.6148575525939124 0.5395509177341481 0.13372156667727228 0.07889768052176756
3 0.7173660292807297 0.3916997458947834 0.12531017735518085 0.16165563836728988
3 0.6602978692711847 0.4616849929679171 0.0633363413430903 0.0722386143631848
3 0.23532459392904875 0.5240607104778009 0.17634541868236298 0.11664312021691714
3 0.4475166059436845 0.4174754089535493 0.07587270401018138 0.07543633723582169
3 0.18579785594368442 0.41595277380771345 0.10078179734245411 0.06776928298109546
3 0.32467908995068406 0.36519477058625954 0.11157384667409058 0.05533291549465282
3 0.4516961232893202 0.32686858967170856 0.08515679734245403 0.06767837939029935
3 0.40934553862986534 0.27349360479701906 0.12772610534690845 0.10073631908544903
3 0.7752614399665925 0.25062074882164964 0.17342041335136288 0.13381243949875793
3 0.5915035106222293 0.33080717680933436 0.13535679201145392 0.08515677088084708
3 0.8850807879535477 0.3473599143163025 0.16717041335136287 0.13377607806243946
3 0.7313916192711847 0.46209860430603983 0.13533861067790873 0.08359427088084707
3 0.3751148946133206 0.39517770725634704 0.22768974267981754 0.09819310206654457
3 0.4785409813017287 0.23561233059652226 0.12123974801081765 0.08038745764913058
3 0.43173596992363983 0.5650498457218328 0.1451681440165448 0.12271131303532493
3 0.3991058306015485 0.4820419030016209 0.18268632535009016 0.12449198165323558