5 0.5590539764263515 0.5306731234086329 0.8818920471472971 0.6838008601209035
3 0.21291114639978087 0.4639459633593169 0.059850188998963993 0.04442270934118149
3 0.3707279545053327 0.532933415380316 0.11752144789030412 0.10912155601527189
3 0.6440649088057777 0.6680736734165871 0.13619867328319835 0.10777723201781733
3 0.7171920396991898 0.6454997867599956 0.055381012820281586 0.049055665340545215
3 0.680430440237309 0.543564569422314 0.061631012820281585 0.04912839067472703
3 0.7665327601296852 0.5648679521005409 0.06526543507002244 0.060102253341817756
3 0.4180288318840882 0.3749760120544066 0.09382708271265763 0.06980451734563582
3 0.4747133254739474 0.35142997139558807 0.061631012820281585 0.04912839067472685
3 0.5454453564911941 0.3780202907383604 0.1034204065339754 0.07460110534690845
3 0.5383199071531479 0.325621996737724 0.05196491439185813 0.042769302673454315
3 0.435937615796819 0.29007430072404283 0.05821491439185813 0.042842028007636035
3 0.7249509199734294 0.3762048940960865 0.10261988585581072 0.057413605346908446
3 0.8699980543814982 0.48955087344840376 0.07554796360606986 0.04616702267663584
3 0.8352784520241332 0.4985167934436313 0.05516268899896417 0.04436816534054504
1 0.4124766528099217 0.4904737427195885 0.05828768899896399 0.044404528007635946
5 0.73671875 0.1960724987666772 0.5265625 0.38112710940481487
5 0.22322994644256208 0.16579027402927138 0.3587758023145836 0.2930805747135433