5 0.5 0.55 1 0.834375
4 0.740625 0.721875 0.22890625 0.19140625
4 0.3 0.78515625 0.196875 0.2265625
4 0.17265625 0.659375 0.21796875 0.18046875
4 0.090625 0.515625 0.171875 0.16796875
4 0.08515625 0.37421875 0.1625 0.134375
4 0.30546875 0.425 0.19140625 0.146875
4 0.4671875 0.5625 0.20390625 0.175
4 0.646875 0.446875 0.21640625 0.115625
4 0.2171875 0.26015625 0.13203125 0.1234375
4 0.3484375 0.20703125 0.153125 0.103125
4 0.53203125 0.16796875 0.11953125 0.071875
4 0.4578125 0.36796875 0.184375 0.15
4 0.67421875 0.24921875 0.14296875 0.109375
4 0.8390625 0.3859375 0.1890625 0.14453125