5 0.56953125 0.51953125 0.78828125 0.49296875
3 0.20546875 0.53515625 0.04921875 0.03359375
3 0.36484375 0.5671875 0.09375 0.0859375
3 0.64140625 0.6375 0.11015625 0.0796875
3 0.70546875 0.60078125 0.04296875 0.0375
3 0.65546875 0.5125 0.0515625 0.0359375
3 0.7390625 0.5140625 0.05078125 0.0484375
3 0.38359375 0.4078125 0.078125 0.0515625
3 0.4328125 0.3734375 0.0515625 0.03671875
3 0.50390625 0.38359375 0.0875 0.053125
3 0.4890625 0.3359375 0.04140625 0.0328125
3 0.3875 0.32421875 0.04765625 0.03125
3 0.67109375 0.34453125 0.090625 0.03515625
3 0.82421875 0.42109375 0.065625 0.0296875
3 0.79296875 0.43671875 0.04453125 0.03359375
1 0.396875 0.51875 0.0484375 0.03203125
5 0.71484375 0.1546875 0.5703125 0.26171875
5 0.15859375 0.25078125 0.3125 0.22265625