5 0.5140625 0.4995908230403959 0.971875 0.9991816460807919
4 0.68046875 0.18332538156582237 0.2421875 0.2804844365265156
4 0.8328125 0.6179551311701109 0.2703125 0.25474029044572377
4 0.72890625 0.7756659942605193 0.228125 0.26601275956691134
4 0.59609375 0.8849991933234472 0.2046875 0.20126829796757129
4 0.453125 0.9102529090794225 0.16875 0.1580351235152495
4 0.4625 0.6943551244396863 0.1890625 0.23050115690134448
4 0.5703125 0.49824935108272134 0.2203125 0.2501604390337981
4 0.415625 0.3418127976383668 0.1609375 0.2484328029821361
4 0.3109375 0.8222026427820864 0.1515625 0.16378501834239997
4 0.2296875 0.7011292763264658 0.134375 0.18047241316955062
4 0.15390625 0.5228655354976659 0.096875 0.14031877461060632
4 0.37421875 0.5523925964638678 0.190625 0.22585912100796718
4 0.20859375 0.35955554176587207 0.1421875 0.17288723370266396
4 0.31640625 0.16032476840890705 0.184375 0.22723976458147638