4 0.2578125 0.40162509075186303 0.2359375 0.1794976442210224
4 0.32421875 0.07858250049097933 0.1484375 0.14148858411256365
4 0.36796875 0.16114047043675003 0.1109375 0.09752041549465287
3 0.1875 0.2832841569104459 0.0796875 0.10827610831306052
3 0.6046875 0.17616953103618796 0.06875 0.051962475799503194
3 0.68828125 0.06005819682542839 0.121875 0.1194590480082102
4 0.55078125 0.08610008470173887 0.1390625 0.17220016940347774
4 0.51328125 0.2845138170423456 0.1703125 0.1838033491396783
4 0.35625 0.7393336481298471 0.1609375 0.15562380698520073
4 0.52109375 0.8649371152469476 0.1875 0.18546584308955402
4 0.5109375 0.557183702580965 0.15625 0.1837215359079618
4 0.69375 0.2397138805686497 0.1203125 0.15382495764913057
4 0.7609375 0.15416674512822617 0.1203125 0.12882495764913057
4 0.88125 0.31206053747909557 0.125 0.14447722872636942
4 0.8296875 0.481891769328723 0.096875 0.16931360226293624
4 0.94296875 0.6007639682954508 0.1078125 0.1459397347764936
4 0.7234375 0.694228663746137 0.121875 0.15383404800821018
4 0.85546875 0.7918980284039092 0.1046875 0.1802965540583344
4 0.725 0.9231258233870573 0.13125 0.11170109016268767
4 0.70234375 0.4170076335937118 0.0859375 0.15362496974937906
3 0.34453125 0.6136205758229443 0.053125 0.08624657220870695
3 0.25703125 0.5719421359314029 0.0703125 0.08009656615858277
5 0.5 0.5 1 1