4 0.3765625 0.721875 0.15078125 0.21484375
4 0.06640625 0.61875 0.1328125 0.1328125
4 0.15703125 0.58515625 0.08203125 0.1
3 0.253125 0.775 0.09765625 0.06875
3 0.2 0.35546875 0.0421875 0.06328125
3 0.0984375 0.26015625 0.10390625 0.1078125
4 0.0984375 0.3953125 0.171875 0.11640625
4 0.2953125 0.4578125 0.1625 0.14921875
4 0.71875 0.665625 0.13515625 0.14296875
4 0.8625 0.51953125 0.1625 0.16640625
4 0.5609375 0.49296875 0.1640625 0.134375
4 0.27421875 0.2765625 0.13984375 0.1015625
4 0.19921875 0.20078125 0.11328125 0.10390625
4 0.36796875 0.10234375 0.12890625 0.10859375
4 0.528125 0.17265625 0.1578125 0.07734375
4 0.6578125 0.07734375 0.13125 0.090625
4 0.721875 0.3015625 0.13828125 0.10546875
4 0.8328125 0.18515625 0.1671875 0.08203125
4 0.94921875 0.32890625 0.1015625 0.11875
4 0.4484375 0.28984375 0.14296875 0.0671875
3 0.5953125 0.6625 0.08046875 0.0421875
3 0.54375 0.7421875 0.07109375 0.0609375
5 0.5 0.49375 1 0.95390625