5 0.4580084474800823 0.46283233979995025 0.8065902277636623 0.8399650174179631
4 0.67336535985821 0.6267344007661523 0.18312605172849494 0.17705790815498562
4 0.5555283051602142 0.4646783331360328 0.16704641066226814 0.16097826708875881
4 0.6296347095542763 0.2517631444979461 0.17343280298213629 0.1658476235152496
4 0.413393595605938 0.19873038737181012 0.15619983887551356 0.16378501834240006
4 0.31377036566419775 0.3764809658224823 0.1482054824490227 0.15730769780928666
4 0.16296272044133583 0.5159108418450143 0.144898626022532 0.15096676959604133
4 0.36110338908766976 0.734955043877443 0.15638169530200424 0.17003501834239998
4 0.3916272780423255 0.5443838681714801 0.15619983887551356 0.16378501834239997
3 0.20195937279033377 0.5975185430195132 0.12091555674305984 0.13153480799670092
3 0.48010945335257704 0.6690452358807419 0.13344430047485362 0.18654055674305994
3 0.6820490042231422 0.32829690076615226 0.11801787727617316 0.13925637978345567
3 0.5863129553976411 0.3724537292168245 0.10113660266556704 0.04197220282385157
3 0.5981524111909936 0.6094081599373522 0.13706940564770315 0.20381898495630538
3 0.40541830806320805 0.3386877976383668 0.10424488229073817 0.09514266693047428
3 0.33745322123275867 0.20640414654301015 0.13933058762187223 0.17422241316955053
3 0.2808645889420205 0.30016015822149267 0.09045516693047428 0.10410848997087019
3 0.3317043602539214 0.4844609503830761 0.1196713054894186 0.14242684389007837