5 0.45375567955561236 0.4790977800165274 0.8691969730877487 0.5945293964639591
3 0.813430572703636 0.41675424886263823 0.05517217887824373 0.04029899810013902
3 0.6501526447299032 0.40569272834541614 0.10655761646291495 0.09767639342673622
3 0.36438888511896483 0.37088719614468724 0.12358134215265544 0.09495143692972237
3 0.30570328188503304 0.4152742822007289 0.04908595318850324 0.04327852773541672
3 0.37019955110690983 0.4966866299402775 0.05689845318850324 0.0434603656913195
3 0.28623398688255863 0.5064629798640276 0.057553550429541286 0.0559603656913195
3 0.6570654652858325 0.5674478459365967 0.08600609905006032 0.0628649823325695
3 0.6130188941640764 0.6075831898764231 0.05689845318850324 0.0434603656913195
3 0.5409801198538169 0.6061310990707287 0.09546298620519007 0.06464568787965277
3 0.5637082909301446 0.6517520703853815 0.04571529172311415 0.03851829255305574
3 0.6653526780852743 0.6509506769586453 0.051883404567984216 0.037101262917777864
3 0.3806877510160528 0.6669627623490969 0.09612472749876275 0.047494555470833436
3 0.2165566519659925 0.6097711242406942 0.07063340456798431 0.03753767401194459
3 0.24530244968200035 0.5911113900082637 0.048922178878243815 0.040153527735416715
1 0.6262924208491851 0.4578734773954857 0.05344590456798422 0.03713763050895835
5 0.3682297738559743 0.8471594086256248 0.6121060108541339 0.3045174198309727
5 0.8653947851643935 0.695059780397777 0.2692104296712131 0.26167007750666704