4 0.23203125 0.43756816270968724 0.25 0.20113131458888917
4 0.28984375 0.09169131183600669 0.1609375 0.16468336189159735
4 0.33984375 0.17959004891822888 0.11875 0.10588893692972232
3 0.15546875 0.3174751746775346 0.0875 0.11453658510611113
3 0.58828125 0.18083885192052035 0.0734375 0.05639677678548618
3 0.671875 0.06130406231097196 0.13125 0.12260812462194393
4 0.52890625 0.09238294927881927 0.1515625 0.18476589855763853
4 0.496875 0.30093510600458295 0.184375 0.2011663757593057
4 0.3484375 0.7856400271667358 0.1734375 0.16966180262104197
4 0.52578125 0.8971373055677425 0.2015625 0.18594141926229213
4 0.5046875 0.5866907680486801 0.16875 0.19924019984750013
4 0.684375 0.24344599506291612 0.13125 0.16867987765916678
4 0.75234375 0.15045775484656188 0.1265625 0.1388832748856251
4 0.88359375 0.3091216271873951 0.1359375 0.1562889804327085
4 0.8359375 0.4906995887184021 0.1078125 0.18219686379145852
4 0.95 0.6083572545622215 0.1 0.15701502583555574
4 0.7328125 0.7188810997363188 0.134375 0.16719011284152785
4 0.87421875 0.8132460827344785 0.1140625 0.19327983415618064
4 0.7375 0.9297094969627772 0.13125 0.06399237765916688
4 0.69921875 0.4290380029467008 0.0953125 0.16471842306201392
3 0.33125 0.6547900706697221 0.05625 0.0934967332825
3 0.23828125 0.6155476923449651 0.0765625 0.0861570119678472
5 0.5 0.5 1 1