5 0.4998090959977728 0.51640625 0.9996181919955456 0.9671875
4 0.8247581692393678 0.6921875 0.2809976507001803 0.246875
4 0.3729400358848235 0.8484375 0.25636127737108916 0.278125
4 0.21636386656591372 0.7421875 0.2683522000318167 0.234375
4 0.10527593029918339 0.60859375 0.21055186059836678 0.2109375
4 0.08454608064131934 0.46015625 0.16909216128263868 0.1734375
4 0.31017059993636653 0.46875 0.23348630402608972 0.1921875
4 0.5065268845878672 0.58046875 0.2526362933640895 0.2265625
4 0.6732069492759571 0.42265625 0.25192722135581713 0.165625
4 0.18539896129059286 0.31484375 0.16431813335454448 0.15625
4 0.31370632196850146 0.23203125 0.1813056386855445 0.1390625
4 0.49820913864577376 0.15390625 0.14180678668045382 0.1015625
4 0.4596535266152296 0.37890625 0.22569198535963508 0.19375
4 0.6639608606381376 0.21015625 0.17511018268618095 0.14375
4 0.8634694172899564 0.31953125 0.23034312269254437 0.190625