5 0.50390625 0.46796875 0.7734375 0.74140625
4 0.34453125 0.68359375 0.1625 0.16796875
4 0.5015625 0.56328125 0.14765625 0.153125
4 0.70546875 0.625 0.1515625 0.1609375
4 0.759375 0.4140625 0.1515625 0.14296875
4 0.5890625 0.32578125 0.14453125 0.1359375
4 0.45703125 0.18671875 0.1390625 0.1328125
4 0.24296875 0.38828125 0.15703125 0.14296875
4 0.4265625 0.40859375 0.15 0.14296875
3 0.37734375 0.228125 0.121875 0.1109375
3 0.30546875 0.49921875 0.1734375 0.12109375
3 0.63125 0.67890625 0.12890625 0.109375
3 0.58984375 0.5890625 0.03515625 0.09609375
3 0.3625 0.6109375 0.19140625 0.12265625
3 0.625 0.41328125 0.08671875 0.096875
3 0.75234375 0.340625 0.16171875 0.1265625
3 0.6625 0.29140625 0.096875 0.0828125
3 0.48515625 0.3484375 0.13359375 0.10703125