5 0.5115849675358912 0.5015457796251711 0.8455800649282177 0.9969084407496578
3 0.570689006496117 0.3980489873970806 0.058595524349729186 0.13601170783841657
3 0.4568191956184987 0.24934941145369094 0.15646028003177204 0.10606344655564541
3 0.5085805186709816 0.3290201910788621 0.06655230032431163 0.05503449247815269
3 0.436059267456461 0.7669771806540208 0.09518758928453738 0.17455738229073817
3 0.3973042792242885 0.5243206677218971 0.0698954886359143 0.06762542069139812
3 0.3122944849890569 0.782135516230829 0.0532261858759707 0.09681281551854859
3 0.3071684285756654 0.6280019456977156 0.03943642126547413 0.11202863855894432
3 0.30877361323382013 0.49126046364440423 0.059230724025417736 0.0829321719450391
3 0.2426985998411395 0.5151322211662517 0.08647506249917614 0.12276756175762475
3 0.33509992857237003 0.14732024703049912 0.11380122158978576 0.16729045157021036
3 0.35649982143092523 0.354297672736462 0.0679705243497292 0.1362844924781526
3 0.46288973782513543 0.0806903396669363 0.11172052434972919 0.13755748746358767
3 0.5309152146932221 0.2585402065182683 0.06484552434972919 0.13619356426490725
3 0.3532036773578494 0.5879141547897733 0.06343875730360064 0.23454013605166182
3 0.226134437097082 0.43414063394009084 0.06457278896022585 0.12056856426490725
3 0.537701408283126 0.5862476693712497 0.1054432508107789 0.135813131037097
3 0.44692640381889903 0.5922045011871342 0.10151940990138844 0.17942673871722903