5 0.5 0.4921875 1 0.984375
0 0.4536114961033686 0.7156165082650343 0.37889263867708356 0.24306685429215308
0 0.4044271540634033 0.617488786000451 0.09633209897381949 0.11311955547083344
0 0.21238381800736156 0.5609881321244791 0.14382665444465292 0.2079242156150695
0 0.11915592239642388 0.31693096723059017 0.14982077488562512 0.12998105357097237
0 0.20411345706569475 0.37357905110243034 0.04037173328250008 0.05715918977951393
0 0.24357273451677103 0.22179769234496508 0.1535653303564585 0.22376742116215292
0 0.41779279093753496 0.28496657351951354 0.07256729065319459 0.09851154160312507
0 0.4759131090418057 0.2296783550546524 0.06424564437666688 0.07645470364722229
0 0.5538212099154863 0.28570884308680505 0.05897626291777787 0.051345600873680654
0 0.7513332959715281 0.3420822103936452 0.14644120174736114 0.1189708183886112
0 0.655190220267813 0.6108705376159718 0.16795644509784752 0.3053083618915974
0 0.7226128031897228 0.5522391136040271 0.09825696846486114 0.061629790653194405
0 0.7158705342880213 0.46406696637756883 0.1145729526972918 0.09168096656500016
0 0.4073131518792018 0.4728120656357288 0.07609102773541672 0.04862064437666671
0 0.41065570421590325 0.4485023966577774 0.09643989532659739 0.05065592306201392
0 0.38663828238816017 0.5248837119122566 0.17463893692972227 0.1227504350298613
0 0.29246940187920184 0.4754850835874998 0.0476750870059723 0.03546602773541672
0 0.2957755866247226 0.4496129146095484 0.07794446846486114 0.061157011967847195
0 0.8894749545002437 0.6351210827344784 0.11947865824437542 0.10116506933854161