4 0.7377850677551285 0.71640625 0.19762836958138302 0.171875
4 0.6429925380976332 0.57578125 0.18254719764227295 0.146875
4 0.5328906848278725 0.48125 0.12917284684397004 0.0640625
4 0.4871590321661342 0.54765625 0.13842051285158127 0.0609375
4 0.4424553217094612 0.73515625 0.19619320357377176 0.175
4 0.24759114927605935 0.7078125 0.1762335306460784 0.1453125
4 0.18570396151961827 0.6078125 0.1809846976422728 0.146875
4 0.12645234243252682 0.43828125 0.17307935574121863 0.10625
4 0.30620616802195866 0.4015625 0.16740235870696818 0.1203125
4 0.2566452253226017 0.278125 0.16284219269935693 0.1234375
4 0.4387772930033681 0.20390625 0.1449543557412186 0.10625
4 0.4841255795809455 0.37734375 0.15898236364988402 0.14375
4 0.6924792490485979 0.390625 0.161152358706968 0.1203125
4 0.8102304817483923 0.30859375 0.1613433596955513 0.125
4 0.6232623809500896 0.22578125 0.14976918973360737 0.109375
5 0.5020055103801233 0.53984375 0.9959889792397533 0.8828125