4 0.33118795008272556 0.24490854477533178 0.2334785219140972 0.22922491180407353
4 0.3861776388013654 0.4096571195151326 0.2126750982129911 0.2000353787873868
4 0.46926109984113945 0.5328699694697041 0.14069891233702042 0.10103795680654795
4 0.5342918104738766 0.48075859283002387 0.15004663879807012 0.09996677973732648
4 0.634248720375265 0.30927309644806855 0.23350579545304767 0.23078741180407353
4 0.8212481140445991 0.3925779986412036 0.20478077759614025 0.19493844301173802
4 0.8544270324706993 0.507701709631623 0.2126478246740408 0.1984728787873868
4 0.8645036416440345 0.691991500450226 0.19475121266133186 0.15694712008095948
4 0.6739740990303605 0.6765325175243962 0.19337962743398443 0.16780273292582973
4 0.6864723246806314 0.8116854454981288 0.188746674511885 0.17068207146044045
4 0.4835694671321494 0.8331123089088258 0.16802507142762996 0.1461800384437538
4 0.4883366079588144 0.6496004460639557 0.19060918344033873 0.18795145861557022
4 0.2823826627473528 0.5770316480092637 0.18710235389503405 0.1659126843053107
4 0.14080308888409088 0.6243493040475859 0.18874667451188504 0.17068207146044045
4 0.3042325689985885 0.7588105924913396 0.172794392044481 0.1511131999091429
5 0.5 0.5 1 1