5 0.5 0.5 1 1
0 0.3328993792921035 0.15501437702694726 0.10994769262201594 0.10034664772652375
0 0.4380368520665446 0.23418545413662004 0.1223295179539809 0.08025233603812651
0 0.484857830792914 0.35999002353565507 0.07398292154477701 0.09503185633066602
0 0.41686180971567516 0.35411612459131525 0.0848295179539809 0.07959777110331831
0 0.38712483362158434 0.47936554058178366 0.07215680113146812 0.04969208279171564
0 0.30452141188041554 0.5138575430174156 0.07855224687674198 0.07480117694751698
0 0.3522236345566608 0.6568632491859259 0.20754992134838535 0.22703760714144483
0 0.4624162459929792 0.6650360336819248 0.13036018657189175 0.11788870373287814
0 0.3828519867214012 0.8191001964259822 0.25477035499341083 0.28723081330995515
0 0.5320202188656162 0.6787497061652148 0.05823974687674198 0.07444662094116268
0 0.6222573159621911 0.21084123173276015 0.05983860831306061 0.08072389448011288
0 0.5735748971478885 0.3021696152558245 0.09094316256778665 0.05626936525911965
0 0.656328309813871 0.29345886282019246 0.0802238311856975 0.09357845048646736
0 0.7516993762670414 0.17091743546563837 0.05804884933607006 0.04163412094116259
0 0.6594174692583996 0.4216247731286179 0.06168290944452863 0.12918866801906326
0 0.6086634903356385 0.4254258831127319 0.03773634933607006 0.0412795649348082
0 0.8329367824901162 0.4387146359521057 0.1099931444174139 0.10815914772652384
0 0.8576236859827165 0.519606125805836 0.07400110226293606 0.09815685633066593
0 0.7787356167008758 0.5213538120888439 0.09579428903121964 0.0844761858759707
0 0.5172804871141847 0.5620979943146619 0.05516019867214013 0.08220457386326192
0 0.5580691135776178 0.5909321063273707 0.0675511143631848 0.06367276217486477
0 0.6370253605525557 0.6009031700443629 0.0801329275949012 0.07795345048646726
0 0.7317338725546083 0.6330219691508585 0.10837610226293641 0.09875687418757337
0 0.8212099838927308 0.7056703108710278 0.07236587939029952 0.08562958279171565
0 0.520733260921898 0.7527639046230873 0.08023292154477701 0.09514095048646727
0 0.6245031555357038 0.7311400949632849 0.10521474082661779 0.0924523271096728
0 0.6515838060032421 0.8206662451254406 0.08485678903121965 0.08428527110331814
0 0.5867446011827818 0.8203156432590017 0.08831813231716552 0.14215231818121907
0 0.5352684595940381 0.8342593664736404 0.06136474687674198 0.07450116801906326
0 0.4368723870907436 0.9696790746740408 0.11289088544042354 0.060641850651918364