5 0.5 0.4796875 1 0.959375
0 0.1558645747533142 0.6339621598708453 0.09972837468172661 0.11380173871722903
0 0.2311271094048149 0.520015668646334 0.07959768801718106 0.12883570533113406
0 0.3594242847310425 0.4639211298499627 0.09614884134309047 0.0746483105039836
0 0.3571174447405875 0.5343245580632081 0.07912497334499946 0.08821070533113406
0 0.4894668680776328 0.5578265910535916 0.05085452267663584 0.07489235141192588
0 0.5302924100890868 0.6410422563347131 0.07436474801081765 0.08182431301126591
0 0.6765310634149962 0.5820811303121811 0.22898061736154424 0.2144047954602888
0 0.676757235399406 0.4671919162055585 0.11715223201781733 0.13461434389007837
0 0.8433003927434509 0.5412789709035543 0.2920078760343621 0.26153585972519605
0 0.6860771440563156 0.39502139951251103 0.07569089067472703 0.06155727711788872
0 0.19453398671227062 0.3303908789920329 0.08194089067472694 0.06173913354437941
0 0.29274476738540667 0.37520562232811533 0.05732269867918127 0.09382420783841657
0 0.2784544533736345 0.2888733172344081 0.09469542934436319 0.08397784639736088
0 0.14376073269413508 0.19822924835064734 0.04131589067472689 0.06055706677218971
0 0.41118513737268003 0.27797761817148026 0.1334852093411815 0.06167694906292791
0 0.41883455271322506 0.3308980296916782 0.042605670671545325 0.03716503087881247
0 0.4184601933481812 0.09723608353174415 0.1075590560152719 0.11559155925034233
0 0.5001732700111358 0.06750546793405339 0.09929202267663584 0.0763017387172289
0 0.5073777900222718 0.14935486150756266 0.08393974267981755 0.09928459765100213
0 0.5667640700588609 0.4172494036691461 0.08344884667409058 0.05709709765100222
0 0.5943981740531339 0.3742435497499379 0.06488066000954511 0.07217652837152996
0 0.5989033133752253 0.2912719253767585 0.07907042934436319 0.08352320533113407
0 0.6258737986950896 0.19123482145755022 0.09972837468172653 0.1138017387172289
0 0.6958675780155902 0.09463495460621824 0.08677384134309048 0.07437552586424745
0 0.7658737320575882 0.40207773007475434 0.09622156667727211 0.08089831050398359
0 0.7349408107097253 0.2959102981005852 0.09186133068109026 0.10888691818411544
0 0.8259925247055891 0.2627818978631584 0.08535679201145392 0.08683006175762475
0 0.8306805720480434 0.3298557375966017 0.14320565467854465 0.09163723370266404
0 0.8492674873885884 0.3824579003704408 0.07414657200827221 0.06307431301126609
0 0.983059590030226 0.4738150230942676 0.03388081993954799 0.11519910266556703