5 0.5 0.4921875 1 0.8125
0 0.2046875 0.70546875 0.0796875 0.09296875
0 0.2609375 0.59296875 0.0578125 0.109375
0 0.37109375 0.528125 0.08046875 0.05625
0 0.378125 0.59375 0.06328125 0.0703125
0 0.50234375 0.60078125 0.03671875 0.0625
0 0.55078125 0.67421875 0.059375 0.0671875
0 0.67734375 0.6046875 0.18828125 0.16796875
0 0.66484375 0.49921875 0.09375 0.11015625
0 0.82578125 0.55 0.24140625 0.20390625
0 0.66484375 0.43203125 0.0640625 0.04609375
0 0.2046875 0.42265625 0.0703125 0.0453125
0 0.3 0.45390625 0.03984375 0.08046875
0 0.2765625 0.3765625 0.07890625 0.06484375
0 0.14296875 0.30703125 0.03046875 0.05078125
0 0.39765625 0.353125 0.11875 0.03828125
0 0.4109375 0.40078125 0.034375 0.0296875
0 0.3828125 0.1859375 0.0859375 0.09140625
0 0.4546875 0.15 0.084375 0.05625
0 0.47109375 0.22421875 0.06640625 0.08046875
0 0.55703125 0.46484375 0.071875 0.040625
0 0.57734375 0.421875 0.05234375 0.0578125
0 0.57265625 0.3453125 0.06328125 0.065625
0 0.58515625 0.25078125 0.07890625 0.0921875
0 0.6375 0.1546875 0.071875 0.05625
0 0.73828125 0.43046875 0.08046875 0.0625
0 0.6984375 0.33515625 0.071875 0.08984375
0 0.778125 0.29609375 0.06953125 0.0703125
0 0.78984375 0.3578125 0.125 0.0640625
0 0.8125 0.40390625 0.0625 0.04765625
0 0.96953125 0.4734375 0.0609375 0.1