5 0.4645844994032241 0.51484375 0.9284781081317212 0.9703125
0 0.694962890077951 0.6102900418346557 0.21030443738063412 0.3592466044771271
0 0.5993327640833598 0.645097731794176 0.10099997334499947 0.09117827792830405
0 0.533454867441086 0.8212231405460318 0.19207950668363552 0.1349902329258299
0 0.2952196181174037 0.8797881558111798 0.11562609468490823 0.14035276232447202
0 0.35369464210690416 0.8055561177061102 0.05352498933799978 0.03715916327441171
0 0.21172477076699536 0.7497078301668678 0.20779541335136287 0.1436216044771271
0 0.28328050274504185 0.5918377764579661 0.08980793467536322 0.06873006784239592
0 0.23415211207031494 0.5299242746489438 0.0709852093411815 0.06149742198083885
0 0.2919458833943154 0.4642450429663095 0.04593066534054513 0.05549972749876275
0 0.35776014536918016 0.28265088421445367 0.10623291335136278 0.1382989393936934
0 0.6082788607176794 0.40743063545764907 0.28599313868554466 0.15396596223361492
0 0.5559163820416799 0.3359783593383673 0.05416133601209037 0.09184666327441153
0 0.47154138204167995 0.33155645296136066 0.08092383068109026 0.11042624491161739
0 0.461696404081769 0.6261729121427578 0.04456816000954511 0.07260534034363317
0 0.4381861787475872 0.6186946048158115 0.04324201734563573 0.09283595318850324
0 0.5096071927514052 0.6505454703742153 0.10656017735518084 0.1664239393936935
0 0.4567100067631774 0.7344391135222388 0.03017839600572696 0.04374335594746537
0 0.43242762209576835 0.7277011126177276 0.05394316000954511 0.07309666327441153
0 0.6455408613542263 0.18764375791345778 0.09033519334818116 0.11404256784239583