4 0.69921875 0.70859375 0.18359375 0.165625
4 0.609375 0.57265625 0.16953125 0.14140625
4 0.50390625 0.4828125 0.121875 0.0609375
4 0.45703125 0.5484375 0.13125 0.0578125
4 0.409375 0.7328125 0.18203125 0.16953125
4 0.21875 0.709375 0.16328125 0.1390625
4 0.16015625 0.61328125 0.16875 0.13984375
4 0.10625 0.44765625 0.16328125 0.1015625
4 0.28359375 0.40859375 0.15703125 0.11484375
4 0.2375 0.2875 0.15234375 0.11796875
4 0.4171875 0.2125 0.1359375 0.10078125
4 0.4578125 0.38125 0.14765625 0.1375
4 0.66171875 0.390625 0.1515625 0.11484375
4 0.7796875 0.30859375 0.1515625 0.1203125
4 0.59765625 0.23125 0.140625 0.10390625
5 0.49375 0.540625 0.98671875 0.8484375