5 0.48359375 0.4421875 0.9 0.85625
0 0.4109375 0.6765625 0.3296875 0.1765625
0 0.3796875 0.578125 0.0765625 0.09375
0 0.21015625 0.4953125 0.10703125 0.17890625
0 0.16015625 0.2546875 0.125 0.10234375
0 0.23125 0.31953125 0.0296875 0.05
0 0.290625 0.18515625 0.11328125 0.19453125
0 0.44296875 0.2703125 0.0546875 0.08359375
0 0.50625 0.228125 0.05078125 0.065625
0 0.56953125 0.2921875 0.04921875 0.040625
0 0.7453125 0.37421875 0.1234375 0.09296875
0 0.6140625 0.61015625 0.115625 0.2703125
0 0.6859375 0.565625 0.08515625 0.04453125
0 0.69296875 0.4828125 0.09765625 0.0703125
0 0.40390625 0.44375 0.06640625 0.0359375
0 0.4125 0.42109375 0.0859375 0.034375
0 0.378125 0.4890625 0.15 0.090625
0 0.29765625 0.428125 0.040625 0.0265625
0 0.3046875 0.40390625 0.06640625 0.046875
0 0.82890625 0.66875 0.10078125 0.07890625