5 0.5 0.5 1 1
4 0.22757737062382014 0.31158851623534967 0.1546158693507264 0.1307978068171333
4 0.2693456052673667 0.4811373571447401 0.14989200668363561 0.12759098620028234
4 0.2545007605824584 0.6157441822258181 0.1328681386855446 0.14135347727182862
4 0.47940021590550436 0.6875844058474939 0.15924882535009016 0.12619212743398442
4 0.6010564925605049 0.7713809330398922 0.1325408746817267 0.11322847727182861
4 0.6518746525700498 0.7001956797934813 0.1308692866804538 0.10382620373287814
4 0.8290740465865947 0.5752524066615681 0.11064769334818117 0.11128414772652384
4 0.8875501652610034 0.5172120357204055 0.11353633601209054 0.09102619480442442
4 0.7768944759309577 0.4949297069858797 0.11836928668045399 0.10360801542127547
4 0.8149222819462297 0.3817887788205467 0.10568747334499946 0.08776482710967279
4 0.8534580706158661 0.35924557711626337 0.17320223734881743 0.11706258928453739
4 0.5901779153007742 0.229493441968346 0.1262545120146356 0.10999438311602719
4 0.6802932906190476 0.3388354399397511 0.10579656134627217 0.0971398271096728
4 0.4073205093093647 0.1694168327950109 0.11241018801718106 0.12849892126547413
4 0.44694444127945704 0.38899294724335176 0.12162155601527207 0.11460006249917623
4 0.4878410665977304 0.4991940616916926 0.12788973734881742 0.11627165665497756
4 0.5000041645846857 0.5950559866106147 0.11522610534690862 0.10199096834337489
4 0.6181467319382756 0.4438053579588144 0.1622283746817267 0.113746674511885
4 0.5951263079249125 0.5426246875041191 0.08086928668045398 0.10295345048646745
0 0.25067906329568357 0.27291179992056974 0.13893632535009015 0.12583757142762994
0 0.3868171053071376 0.18617763880136534 0.08421246268299924 0.12175799756436803
0 0.5302023839513204 0.34926619967898376 0.0981658746817267 0.11262845941492099
0 0.36096039326068513 0.5287469683466701 0.11241018801718106 0.12849892126547413
0 0.39416214990454984 0.6961020637202875 0.14389654535327176 0.14935689204448083
0 0.6587519085773678 0.64618033563768 0.16077496268299923 0.12309440097293471
0 0.8106138532384135 0.6849274155900218 0.12205790802036276 0.15210006249917624
0 0.8873330839433663 0.40161430925935593 0.11702496268299925 0.12233074188232518
0 0.7927825579249126 0.5391745848269011 0.03784544533736352 0.030342064934808198
0 0.6262314045990032 0.4874053534945874 0.14607611600890866 0.06816143912238175
0 0.6949103212921838 0.29093372808919804 0.09952838001272682 0.09546823295387145
4 0.753394983290911 0.2992859703785603 0.0945863413430903 0.07351141233702041
4 0.4391581185948669 0.5211332913991532 0.06520792401336309 0.09955571509696384
0 0.6535366025620958 0.7587485194850558 0.07885225334181775 0.06386367694751698