5 0.5 0.5 1 1
4 0.33485113836446334 0.27982109179690867 0.14996019072219066 0.1225259893354819
4 0.3366722594287212 0.4584088233810572 0.1452090237259962 0.12069047355046632
4 0.2911435366147585 0.5843574023767222 0.12559686068413445 0.13669490514873245
4 0.49677806577796213 0.7342873258707188 0.15445668973360735 0.11811150512049746
4 0.5992730074887358 0.8587251547252095 0.1290110207602467 0.10571792093374768
4 0.6657946626219322 0.8080418862387708 0.12713018577927465 0.09781441567207594
4 0.8699927312912816 0.7505688334102907 0.10407468775644091 0.10582433674699843
4 0.9417748893902276 0.7142210807088676 0.11099584980971962 0.08440436305535766
4 0.8372027945234238 0.6535727360693615 0.1146938527754692 0.09864887357870131
4 0.9010650232688857 0.556750214952087 0.10155718281352506 0.08229583148532651
4 0.9293850469577007 0.547352099124719 0.1412299060845985 0.1061575366905286
4 0.7132772272997681 0.3283613624906602 0.12276102076024671 0.10535389988706054
4 0.7781594224705829 0.46697581243419056 0.10031301779449713 0.09001732622365459
4 0.5453482865775774 0.204788812645952 0.1048386917107738 0.12457433674699833
4 0.5343311680219587 0.43173074424421803 0.11676568874502422 0.11123987884037305
4 0.5486721937251211 0.5541517758142491 0.12301568874502422 0.11160389988706054
4 0.5386207144853679 0.6517702284592024 0.11144151878308026 0.09534186305535748
4 0.69175369026508 0.5461180098880591 0.16013368676785794 0.10441302616718495
4 0.646259459542452 0.634657594145396 0.07425985376405216 0.10097023677523324
0 0.36635846494247837 0.2497009522920175 0.13264535672980174 0.11839993145709168
0 0.521543372052841 0.2135344810900383 0.07508752471457925 0.12128273677523324
0 0.6259774985543063 0.42381880468285704 0.09020318874502423 0.1096927893919517
0 0.41629077524605196 0.5378680812029778 0.1048386917107738 0.12457433674699843
0 0.4117027288198239 0.7121855417404389 0.13678902866891213 0.14358194198043533
0 0.6848510687437117 0.7592704572713407 0.15732702174882984 0.11204351564384112
0 0.8264748360439172 0.8493556729292994 0.11204369665368966 0.14837585779368573
0 0.9561053851515681 0.6019786859423046 0.08778922969686391 0.11721686305535747
0 0.8430827214054499 0.7022377492235411 0.03701983893530496 0.028655621018452492
0 0.6897256166528146 0.5919842467338795 0.14884867688202624 0.0569919945971538
0 0.8029710800752371 0.4255541518826119 0.09568918479069169 0.09130681043863902
4 0.8594903355124448 0.4545660886719626 0.09317167984777583 0.06777830517696729
4 0.4958336952079959 0.5580888469174061 0.058571186767857955 0.09849768415851479
0 0.6541196749792219 0.865816588883724 0.07735567885919252 0.06218075256024882