5 0.5 0.5 1 1
3 0.3001710963496785 0.07037966231162075 0.14409219269935694 0.12748380548941862
3 0.5059820390490354 0.19965930001263527 0.15008752471457942 0.12141566191590933
3 0.7218325321289532 0.17316631083318795 0.13997769566510634 0.14140991316955054
3 0.6436398424325269 0.4564896247023838 0.14855419961943922 0.16038723370266403
3 0.7869985701894053 0.35531723277822713 0.16022652866891213 0.1404384465556454
3 0.42477314281308765 0.2940565062016992 0.15573002965749527 0.14498955423577745
3 0.22858123372555866 0.32424279671392997 0.17824169961943914 0.16125105172849494
3 0.8518900356261753 0.5881812085633322 0.14817219764227296 0.15101223370266403
3 0.7988008222037528 0.759868340458359 0.13596135771838486 0.11944398495630537
3 0.641473800454923 0.6522878580093364 0.13398236364988403 0.14747805674305994
3 0.5386299847513228 0.732790048758994 0.11727502471457925 0.12046091567683312
3 0.7212527782489826 0.9363456431112909 0.1353538626613009 0.12730871377741834
3 0.4343602733060667 0.9123518651354722 0.13554486364988402 0.14752352084968265
3 0.2333893864244781 0.6528989941275052 0.14064885771838495 0.11958037727617317
3 0.4117770301889679 0.549624544602359 0.13229252965749527 0.14430759263643722
0 0.7781515163116224 0.09989394688484984 0.07572951186299814 0.058386813011266026
0 0.7731403641441755 0.16841662635173643 0.07024351581733086 0.07695495658477532
0 0.6952899367678579 0.11543036718053638 0.08149935079830276 0.08508570533113406
0 0.6221097633458729 0.08130776827589306 0.1008860207602467 0.10125627461060624
0 0.5296530079086654 0.05286686803846622 0.03564833992388792 0.03225021034569899
0 0.4687964209505271 0.03392899993349299 0.08759284190105418 0.04312552586424746
0 0.4111258423953458 0.05488034593514245 0.10662668479069151 0.08893813103709694
0 0.35479227076024666 0.10864419193679191 0.07011618182494202 0.07382995658477527
0 0.29769469517081487 0.14365803793844137 0.05847834486680368 0.05632420783841652
0 0.2067142095052709 0.20889894154108052 0.1179116946765233 0.13608591567683304
0 0.27879213935304653 0.2734220942857898 0.09607118676785786 0.09799488229073816
0 0.5004323760071736 0.21666494358614452 0.05841467787060921 0.054761707838416565
0 0.4850103058549493 0.2786421063599837 0.10343801779449713 0.08728470282385156
0 0.5059568172236559 0.3330939256394559 0.05465300790866543 0.039045779625171126
0 0.5772150519006167 0.26259722070403324 0.09240235870696818 0.12285848997087019
0 0.6476747905319101 0.21080505166198793 0.05710684585538672 0.060966243731793844
0 0.7711388068435325 0.2916495378719344 0.08605951680591399 0.08209709765100212
0 0.7489162969577008 0.2441835044858395 0.12336851581733085 0.07850073620994644
0 0.8974413216722802 0.3655537022951262 0.07693918479069169 0.088074313011266
0 0.9500715731551548 0.37410799986698595 0.037529174904859984 0.0401081744523216
0 0.8582249713682689 0.2840392778428045 0.11140702669174588 0.12965405925034226
0 0.7005928379839025 0.437078046647423 0.06612901878308045 0.09088106426490725
0 0.3203668271094876 0.37451323284473415 0.06638368676785796 0.09713106426490725
0 0.23644942494204085 0.44073997492717537 0.09431768577927473 0.09326191818411544
0 0.1507201719762913 0.4241996811162393 0.06660917984777566 0.06436402837152996
0 0.12431418087353988 0.46556882719703097 0.11223469764227278 0.14996655925034225
0 0.3563865346375922 0.5690815867639424 0.10044035178688589 0.0903187746106063
0 0.4141871057783996 0.5130194548689156 0.10493685079830276 0.08576766693047429
0 0.2858538587441492 0.5233311660725445 0.062494682813525236 0.07829013605166182
0 0.5271009412536631 0.5264491205457487 0.10155718281352506 0.07942673871722902
0 0.6119335390862164 0.5975859861434395 0.08149935079830276 0.08508570533113406
0 0.8134588884016445 0.67914117768452 0.11826452174883002 0.10644387978345585
0 0.8390584076790164 0.7711839251772374 0.0928825197716634 0.09634145407749273
0 0.6787337199225754 0.6666375145149693 0.12556768577927463 0.09417120031656907
0 0.5331864565767024 0.5991962987589939 0.08386034684397004 0.0664266335443795
0 0.544023138895936 0.6736423692921074 0.06373884783255335 0.07052310015828453
0 0.7517494086675995 0.7733254352063673 0.053536176882026255 0.04993781551854859
0 0.7285639180591397 0.8171292595004044 0.0534725098858317 0.048375315518548234
0 0.8205670287432743 0.9493400174179634 0.029207338935304604 0.027380853919208192
0 0.7661859348650536 0.8978169698461034 0.061985346843970036 0.06579013605166181
0 0.37512855885787993 0.6843345137235465 0.03603034190105418 0.04162521034569906
0 0.1371338103407547 0.6844324874635876 0.07687551779449713 0.08651181301126591
0 0.26238581973229486 0.7325554018867795 0.0487850098858317 0.048238923198680436
0 0.29988050254582005 0.8101181122324785 0.07687551779449713 0.08651181301126591
0 0.23080685037837326 0.8767767633278352 0.09945085475263546 0.10433581050398359
0 0.180995192773719 0.9182451978092867 0.052708505931499075 0.029625315518548235
0 0.581509845929749 0.8659124373179384 0.042407675893442943 0.04493206677218993
0 0.5424672505686537 0.8078127808123053 0.06386618182494211 0.07364810015828453
0 0.46000226045448545 0.8522327190546808 0.03934634288963732 0.04640363855894449
0 0.6744215406062721 0.9916098046314887 0.060775673916276675 0.016780390737022442
0 0.6333190381348143 0.9793682174053281 0.052355678859192525 0.04126356518934386
0 0.6740421972223433 0.9536601413954312 0.02802684091247105 0.036710389812585474
0 0.6474796972223433 0.9528872515828457 0.045723676882026255 0.04971049498543536
0 0.6772043479069153 0.878060747821922 0.05672484387822045 0.05159124373179367
0 0.3060761058155807 0.9047175583924126 0.03577567391627658 0.03537521034569906
0 0.531261789617689 0.9845127069804868 0.10647017589344294 0.03097458603902652
0 0.3568546972223433 0.944430927751027 0.081372016805914 0.08196070533113406
0 0.36826042942784615 0.8604878367639424 0.11446835969555132 0.12818248746358768
0 0.5499773671471061 0.5708128859851549 0.042980678859192524 0.058994566772189574
0 0.19415449558855674 0.379424390208297 0.027708505931499074 0.028897889812585564
0 0.6005040187830802 0.1064297887298642 0.05579901384016459 0.06717077962517112
6 0.8122625084401381 0.45827474821763337 0.18037720258518847 0.17535901583511765
6 0.6780891438016708 0.3061091914745735 0.16755886760421673 0.1671828029821362
6 0.5651713552469271 0.12022786427754253 0.15643036661563361 0.16217705423577738
6 0.37457287155854946 0.19193406505633007 0.1575471976422728 0.15128501834240007
6 0.5327540805695288 0.3970798692921075 0.16386086463846716 0.15302937476889084
6 0.3837090855124446 0.4161528150563301 0.1689303666156336 0.1625407670887588
6 0.7016353676413978 0.577566654327555 0.16736786661563344 0.16249530298213627
6 0.465996297983465 0.6354771280675962 0.16261669961943923 0.16079641066226813
6 0.2309872866147585 0.5747967261808166 0.16724053262324476 0.15937030298213628
6 0.6588270796181266 0.7909100888090065 0.1530506986308559 0.155836126022532
6 0.39262907665237706 0.7691186906831506 0.1497346976422728 0.15105769780928674
6 0.1759973335724593 0.7955889478092868 0.17349053262324476 0.1595521594086268
6 0.5656566942565938 0.9311107422470435 0.16835736364988402 0.13777851550591294