5 0.5 0.33515625 1 0.6703125
6 0.44621445579335245 0.2375 0.11853470282385156 0.1
6 0.6974730789128907 0.22109375 0.1234949874635877 0.109375
6 0.5434124015575751 0.3875 0.10259145407749273 0.0890625
6 0.31241245414399976 0.37890625 0.10567098997087018 0.0875
6 0.37515884356087403 0.5046875 0.08472199247815251 0.065625
6 0.5863774883880245 0.521875 0.07502874373179384 0.0546875
6 0.7485712629986307 0.425 0.10021060015828454 0.0609375
0 0.4853832897208081 0.50234375 0.10635295157021041 0.1109375
0 0.5704235309453194 0.42578125 0.057477530878812286 0.0421875
0 0.5988537224863999 0.22734375 0.2107917136444044 0.3171875
5 0.441020558129715 0.81875 0.6555131802583094 0.296875