5 0.5 0.5 1 1
3 0.06312744176854257 0.16597199247815259 0.12625488353708514 0.14131898495630518
3 0.2973685656946893 0.19330869695135683 0.15457903663473135 0.12150659012915473
3 0.4859098445275046 0.0743865153728992 0.14380531094499088 0.12431334138279593
3 0.5275053657855464 0.37057720526462706 0.1536649898232348 0.16360316191590937
3 0.6207241785395595 0.20428226702225186 0.1650185696514182 0.14209187476889085
3 0.258499738241355 0.32284543276559186 0.16057673111680745 0.14664298244902269
3 0.09043967463860146 0.447023415676833 0.18087934927720292 0.16290447994174037
3 0.7735614942342488 0.3933855341110107 0.15161116689245624 0.15418269780928676
3 0.7926003420411136 0.5825078700835302 0.1404346494796016 0.11953491316955045
3 0.6038211250578005 0.5566714811288745 0.13730300542706697 0.14908602084968264
3 0.5408154347595959 0.683941023290458 0.12028592378986111 0.12206887978345567
3 0.7955261889434674 0.7954170470431344 0.1386198439616777 0.1444439849563052
3 0.5159062087311712 0.9054295783841653 0.13894739258219674 0.15069398495630537
3 0.225578859115284 0.7569249160725444 0.14520403663473136 0.1212338054894186
3 0.350290011308419 0.5719852779093115 0.13557673111680746 0.14591555674305995
0 0.5305572812076644 0.04360552830502292 0.07326043758467105 0.058295884798020656
0 0.4416176119403591 0.0386703242275301 0.07613977611928177 0.053699313011266014
0 0.36209720827688596 0.04809313684308471 0.0903660504295413 0.05723348997087015
0 0.26246902250123716 0.05301866607254445 0.033549484396167804 0.015017246239076298
0 0.15179047207169588 0.10456914271557945 0.10442190637700662 0.08728470282385156
0 0.12039330789277317 0.18111727084968252 0.0709543091359686 0.07382995658477531
0 0.08118032168758309 0.24257159639736087 0.06232293758467104 0.05797763605166182
0 0.04110859961588721 0.3490656373053031 0.08221719923177442 0.13875627461060622
0 0.1149677442342488 0.3742224131695505 0.09882700361804461 0.09960284639736088
0 0.29946997625556737 0.21293087516460224 0.06059666327441153 0.05480717194503919
0 0.30931196574011777 0.27894232007089503 0.10598440637700665 0.08733016693047428
0 0.3501925932843092 0.32003633300301876 0.056734678878243724 0.04065374373179385
0 0.3875874519453079 0.2186245971887837 0.09561347241038014 0.1275914540774928
0 0.43267530189987935 0.13465041396097338 0.06100609905006031 0.06261967194503919
0 0.5804167610812765 0.15225075409012812 0.0885512449116174 0.08214256175762476
0 0.5415523349165661 0.11747493731793839 0.12893058344622813 0.0786371285298145
0 0.7270460996158873 0.16121188011266013 0.076460680687266 0.08959134890464338
0 0.7788918826325739 0.14237696357789725 0.03806656603337366 0.041670674452321685
0 0.6573787307781231 0.10206654915470545 0.11452724672063966 0.13126202335696502
0 0.5729716740170037 0.32417121819675077 0.06576884215265544 0.09396060015828453
0 0.19475374152071537 0.449310992873864 0.06609639077317438 0.10021060015828454
0 0.14313260854945709 0.553438551728495 0.09701884215265535 0.09486988229073816
0 0.05802394617955668 0.5799124720241815 0.06890048620519007 0.06440949247815268
0 0.05345425175325148 0.631315847651002 0.10690850350650297 0.15309155925034226
0 0.3064271466545265 0.6176554790838105 0.10310506784239584 0.09192673871722885
0 0.33732966587640334 0.535615868896396 0.10910940637700665 0.08742109514371954
0 0.2224615824301753 0.6073879173261857 0.06503185775648763 0.07989810015828454
0 0.4475168933751662 0.493440392253361 0.10565685775648763 0.08108016693047429
0 0.5541420296257847 0.519233665610326 0.08254690637700648 0.08664820533113407
0 0.7742841112629906 0.49903614053750134 0.12102955223856356 0.10648934389007855
0 0.8361013585494572 0.5736018830156541 0.09405761646291495 0.09790395407749272
0 0.6447327301007546 0.5523847979010642 0.13123006784239594 0.09274509263643722
0 0.48244077001484637 0.5586167628656167 0.08781426051544958 0.06808006175762493
0 0.5227924530769616 0.6247335078510518 0.06626680913596861 0.07369356426490725
0 0.7547384938955645 0.6181809456312086 0.0541828889641522 0.05150031551854859
0 0.751173080621153 0.6712832135778972 0.05418288896415202 0.05150031551854841
0 0.89017030359736 0.7512244293338726 0.03107958163720568 0.02742631802583091
0 0.8177973366140467 0.7287751163226066 0.06125176051544941 0.0673071719450391
0 0.36923700588135216 0.7180706677218971 0.03814845318850333 0.043233174452321776
0 0.14878730778123153 0.8337170851145898 0.07950379353213632 0.08811977711788863
0 0.28418589722035337 0.8180957482841403 0.050812227498762755 0.046721887305303154
0 0.350110790368377 0.8740024189755384 0.07637879353213642 0.08802884890464355
0 0.3132891417932865 0.9584981247688908 0.10014384215265544 0.0830037504622183
0 0.6338893260985972 0.789149012007687 0.041355340343632994 0.04488660266556703
0 0.5747533435114518 0.7530009118494023 0.06322369629109836 0.07516513605166182
0 0.5164661307120101 0.8350261501709199 0.03831222749876275 0.04635817445232178
0 0.785720741747858 0.8929369047232664 0.06363313206674714 0.08297763605166182
0 0.7307842582562014 0.8811666789381611 0.05483798620519007 0.06400031551854823
0 0.7547440586857427 0.8270929443775674 0.03009029172311397 0.038318353919208195
0 0.7298292678671399 0.8396695007249158 0.04628850180902226 0.04971049498543536
0 0.7280830613992761 0.7535501442984252 0.05730788896415202 0.05159124373179384
0 0.39490763399137035 0.9598095383341526 0.0378209045679843 0.03698317445232178
0 0.6429699977407518 0.9443366171805364 0.1114155348257091 0.07188702335696498
0 0.45679348032789724 0.9653906339400908 0.0840275192218769 0.06921873211981833
0 0.4346528867049038 0.8881989627864744 0.1160078595655099 0.1297449874635877
0 0.4865860374277009 0.5243099590255508 0.0436548247398008 0.05899456677218975
0 0.07935006953987651 0.5163728092503422 0.028118355947465278 0.030460389812585476
0 0.34968241745828305 0.06103340604341458 0.058126760515449585 0.06721624373179384
6 0.6851341593176826 0.2890951877136498 0.1839256999091429 0.1754044799417403
6 0.4990981620312162 0.21091504875899406 0.17266065128862387 0.16883623119538155
6 0.32271712573516903 0.0978059803374517 0.15440861827193722 0.14802362602253202
6 0.17151871664462898 0.2506772645814764 0.16246677973732643 0.15293844655564542
6 0.4008609786304166 0.36845711262818986 0.16896244120271575 0.1578078029821361
6 0.26938524932263147 0.45852451999175264 0.1739774898232347 0.16419419530200408
6 0.6294153465636695 0.45648126451496934 0.1725787641334943 0.16727373119538153
6 0.4342655416115724 0.6268522858268704 0.16937187697836453 0.1656203029821361
6 0.19184566825125254 0.6839587775136001 0.17077060266810493 0.162540767088759
6 0.6755589269576798 0.6808196864600086 0.1548180540475858 0.155836126022532
6 0.4194992774780782 0.7891704294003796 0.1515292797373265 0.15262019780928676
6 0.2295625949817898 0.919592917557295 0.17850121551297518 0.1608141648854101
6 0.6472281298074989 0.8630866171805364 0.17332239258219673 0.15169419530200406