5 0.5899933757261256 0.5019773315738997 0.8200132485477487 0.9960453368522006
6 0.7280820347413003 0.3997418648487874 0.12820639081820956 0.13806483603812653
6 0.7752672880510691 0.6624970093289002 0.13779971463952717 0.14291597727182861
6 0.5805627177444082 0.5285236095737815 0.11490587014004525 0.12065914772652384
6 0.563045693756475 0.28348779910320027 0.11185364474715094 0.12216710064862309
6 0.43613212924078226 0.3727530762955986 0.08732452564056317 0.09832049756436803
6 0.442767311210433 0.5996155852240523 0.07267982878371626 0.08557503571381489
6 0.5654320616247178 0.7526605389569305 0.08329199710451576 0.11230117694751698
0 0.4526218083149489 0.4887599058409034 0.1386344685684687 0.1273182508107789
0 0.5436598771738677 0.5654099549473989 0.05454625889134022 0.06496252678536116
0 0.7565965248165029 0.5597441562446452 0.3715283593866783 0.26721041395857803
5 0.1670376426802364 0.4998478157455871 0.3340752853604728 0.7184456314911742