5 0.51640625 0.5 0.8609375 1
3 0.8109375 0.87265625 0.11171875 0.10625
3 0.590625 0.80234375 0.12265625 0.0859375
3 0.3953125 0.8875 0.10625 0.11015625
3 0.40703125 0.5953125 0.11015625 0.128125
3 0.29453125 0.73203125 0.128125 0.10390625
3 0.646875 0.68984375 0.121875 0.10859375
3 0.8234375 0.60546875 0.140625 0.1203125
3 0.18359375 0.528125 0.11171875 0.11875
3 0.196875 0.34921875 0.11015625 0.08671875
3 0.3671875 0.40859375 0.0984375 0.11796875
3 0.44609375 0.303125 0.08828125 0.09375
3 0.2296875 0.15234375 0.10078125 0.1125
3 0.50546875 0.1015625 0.0984375 0.11875
3 0.7484375 0.29296875 0.1140625 0.08671875
3 0.60390625 0.44140625 0.09609375 0.115625
0 0.3578125 0.9765625 0.06484375 0.04609375
0 0.34765625 0.90625 0.05234375 0.0625
0 0.43125 0.93515625 0.06171875 0.06796875
0 0.5078125 0.94765625 0.07578125 0.0796875
0 0.6 0.9484375 0.0296875 0.02421875
0 0.665625 0.96875 0.071875 0.0625
0 0.7109375 0.9203125 0.08359375 0.078125
0 0.775 0.975 0.01796875 0.01640625
0 0.7515625 0.84609375 0.0515625 0.0578125
0 0.79765625 0.79609375 0.04609375 0.04375
0 0.86875 0.70859375 0.08359375 0.11171875
0 0.78828125 0.66796875 0.07265625 0.07578125
0 0.5921875 0.78359375 0.04453125 0.040625
0 0.59375 0.7203125 0.08359375 0.0625
0 0.5625 0.675 0.04765625 0.02578125
0 0.5109375 0.76171875 0.06171875 0.1046875
0 0.45546875 0.83125 0.04375 0.0484375
0 0.3234375 0.78828125 0.06796875 0.0625
0 0.353125 0.82734375 0.11015625 0.04609375
0 0.18984375 0.753125 0.05390625 0.071875
0 0.13828125 0.76015625 0.028125 0.03203125
0 0.24296875 0.8203125 0.0796875 0.10625
0 0.35703125 0.6296875 0.040625 0.0796875
0 0.7265625 0.58359375 0.03984375 0.0859375
0 0.79140625 0.496875 0.071875 0.071875
0 0.87421875 0.4875 0.0515625 0.0484375
0 0.890625 0.44140625 0.07265625 0.128125
0 0.6515625 0.40703125 0.0796875 0.06640625
0 0.609375 0.47734375 0.08671875 0.06171875
0 0.72734375 0.43203125 0.04375 0.065625
0 0.50078125 0.49609375 0.084375 0.0546875
0 0.40625 0.45234375 0.06015625 0.06796875
0 0.20078125 0.43046875 0.09453125 0.078125
0 0.15625 0.35 0.06953125 0.07578125
0 0.32890625 0.40546875 0.1078125 0.0625
0 0.4796875 0.42890625 0.0703125 0.04609375
0 0.453125 0.3609375 0.04609375 0.05859375
0 0.23828125 0.32421875 0.040625 0.03828125
0 0.25 0.27578125 0.0421875 0.0375
0 0.1359375 0.17578125 0.02265625 0.0203125
0 0.19765625 0.209375 0.04453125 0.05234375
0 0.609375 0.303125 0.02578125 0.034375
0 0.83125 0.2359375 0.0546875 0.0703125
0 0.70390625 0.225 0.03828125 0.0359375
0 0.653125 0.16171875 0.05390625 0.0703125
0 0.703125 0.0796875 0.07421875 0.08203125
0 0.740625 0.0171875 0.04765625 0.03359375
0 0.37734375 0.18828125 0.0296875 0.0359375
0 0.42578125 0.23203125 0.04453125 0.06015625
0 0.49375 0.16640625 0.0265625 0.03828125
0 0.2546875 0.0640625 0.040625 0.06953125
0 0.303125 0.084375 0.0375 0.0515625
0 0.271875 0.1296875 0.01953125 0.03203125
0 0.296875 0.1234375 0.03359375 0.03984375
0 0.28515625 0.20390625 0.04453125 0.03828125
0 0.62578125 0.07421875 0.028125 0.028125
0 0.39453125 0.0421875 0.09453125 0.04375
0 0.57109375 0.0484375 0.06171875 0.06640625
0 0.57734375 0.1328125 0.08203125 0.10234375
0 0.46953125 0.46015625 0.028125 0.05
0 0.84375 0.54296875 0.0203125 0.02265625
0 0.521875 0.91640625 0.03984375 0.05390625
6 0.2484375 0.64140625 0.13828125 0.1328125
6 0.40703125 0.7484375 0.128125 0.1296875
6 0.55234375 0.89375 0.11640625 0.128125
6 0.715625 0.771875 0.12265625 0.115625
6 0.5234375 0.6203125 0.128125 0.11640625
6 0.659375 0.56171875 0.13046875 0.12421875
6 0.32734375 0.496875 0.1296875 0.12578125
6 0.53515625 0.375 0.12578125 0.12578125
6 0.76796875 0.3671875 0.1296875 0.121875
6 0.32109375 0.28125 0.115625 0.121875
6 0.575 0.228125 0.1125 0.11796875
6 0.77109375 0.14140625 0.13671875 0.11875
6 0.37734375 0.11640625 0.1328125 0.11015625