5 0.48515625 0.5 0.92578125 1
4 0.2609375 0.6859375 0.096875 0.128125
4 0.4265625 0.67890625 0.0953125 0.125
4 0.5484375 0.71796875 0.11171875 0.10390625
4 0.66328125 0.52421875 0.09140625 0.13359375
4 0.7671875 0.4265625 0.084375 0.11015625
4 0.71171875 0.36640625 0.07578125 0.10859375
4 0.634375 0.18046875 0.08671875 0.0875
4 0.5921875 0.11484375 0.065625 0.0953125
4 0.5484375 0.21328125 0.078125 0.096875
4 0.45078125 0.15703125 0.06484375 0.0875
4 0.43828125 0.11796875 0.07890625 0.15
4 0.2609375 0.33671875 0.08359375 0.10390625
4 0.38203125 0.27265625 0.0734375 0.08515625
4 0.16640625 0.49375 0.10390625 0.08515625
4 0.37890625 0.4984375 0.0890625 0.0984375
4 0.48984375 0.48125 0.0890625 0.10390625
4 0.58203125 0.4875 0.0765625 0.09375
4 0.46640625 0.35 0.07890625 0.13828125
4 0.55390625 0.38984375 0.08515625 0.059375
0 0.2296875 0.6578125 0.09609375 0.11171875
0 0.17734375 0.515625 0.1046875 0.0578125
0 0.359375 0.41328125 0.09140625 0.07421875
0 0.490625 0.60390625 0.10390625 0.08515625
0 0.653125 0.60390625 0.11796875 0.11171875
0 0.6640625 0.35078125 0.08671875 0.13671875
0 0.73125 0.21796875 0.12578125 0.090625
0 0.484375 0.09375 0.096875 0.0921875
0 0.59296875 0.20625 0.021875 0.03125
0 0.50859375 0.35078125 0.0359375 0.13359375
0 0.340625 0.25078125 0.0734375 0.08046875
4 0.3609375 0.19765625 0.05234375 0.08046875
4 0.5 0.5296875 0.08515625 0.04453125
0 0.7671875 0.3765625 0.0484375 0.06640625