5 0.48671875 0.68515625 0.9734375 0.6265625
6 0.51875 0.7640625 0.10703125 0.08984375
6 0.2703125 0.7578125 0.1109375 0.09921875
6 0.43203125 0.60703125 0.09296875 0.08125
6 0.659375 0.63515625 0.0953125 0.07890625
6 0.60390625 0.50546875 0.078125 0.059375
6 0.39765625 0.4703125 0.06796875 0.0484375
6 0.23203125 0.55234375 0.09296875 0.05234375
0 0.4953125 0.4984375 0.0921875 0.103125
0 0.40703125 0.56640625 0.0515625 0.03671875
0 0.36796875 0.76015625 0.175 0.29921875
5 0.55703125 0.1890625 0.6203125 0.240625