5 0.5 0.5 1 1
4 0.31891312056996624 0.17293532395768377 0.2725540682122391 0.32645560136854385
4 0.2714013809872706 0.6182301899665925 0.19985671444818678 0.22878062269254434
4 0.451348866158523 0.5457904739417755 0.24519838935304658 0.2683522000318167
4 0.4343629318993041 0.8578546692791388 0.14201503954332698 0.1890635946849084
4 0.5524059832684481 0.704846753262276 0.22032572334543535 0.2711862986950896
4 0.6530638523555397 0.8732871232495493 0.16283687551288217 0.20179995202099904
4 0.8186662891233976 0.9667178552275958 0.1629111768820259 0.05031017735518084
4 0.5931078736100778 0.9748138079249126 0.11715300790866542 0.03884541868236298
4 0.8923783617470796 0.9150548105506416 0.1373620316346617 0.15152723201781731
4 0.8184368429639994 0.8268104705601867 0.16152904349765967 0.2080317706874535
4 0.9271778315952929 0.7716133458784602 0.138253369581383 0.17340223201781732
4 0.8598829022418089 0.7122116212205961 0.12553319368794008 0.12952496268299923
4 0.5321678542583438 0.09683699530554674 0.24558570851668762 0.19367399061109347
4 0.5761128083264073 0.2699899479233217 0.23212006920082223 0.33067038669636234
4 0.6707899328507063 0.46429338391154945 0.2081785504177418 0.24137152936027134
4 0.6817540187830803 0.08117180124127696 0.1494800296574951 0.1422976826861809
4 0.8670003824701453 0.618334351885778 0.1089823636498842 0.14494996801399934
4 0.7593006290101043 0.6031735232336409 0.16943438539871386 0.2487294960216353
4 0.9728777203796859 0.629425298536006 0.05424455924062812 0.26337270401018137
4 0.7016393903416297 0.26227635057291343 0.1755570514063251 0.2456772213558171
4 0.8370848004177418 0.229435483887687 0.2483525642579064 0.3074328813653621
4 0.8909286779077903 0.43828322521486907 0.20269255437207434 0.2600488040260897
4 0.9634987673002054 0.22320257053632417 0.07300246539958906 0.14155224801081764
4 0.9642428666156334 0.3483116585375968 0.07151426676873314 0.08831816000954502
4 0.997483789543327 0.41973212519896075 0.005032420913346059 0.1127363573360908
4 0.9895174392393159 0.28931791919959704 0.020965121521368247 0.17378294533736344
4 0.7588921803420673 0.05604398456400472 0.12110567885919252 0.059194281349453794