5 0.49921875 0.49921875 0.9984375 0.9984375
4 0.25 0.7390625 0.2625 0.18203125
4 0.66328125 0.6984375 0.18203125 0.13515625
4 0.559375 0.55 0.21171875 0.1703125
4 0.84609375 0.50703125 0.15625 0.090625
4 0.6828125 0.42890625 0.2203125 0.14453125
4 0.81328125 0.30703125 0.16328125 0.10625
4 0.91953125 0.12890625 0.1296875 0.1265625
4 0.95546875 0.33671875 0.0890625 0.0984375
4 0.80703125 0.078125 0.1328125 0.10078125
4 0.7359375 0.1671875 0.16953125 0.103125
4 0.66328125 0.07890625 0.1421875 0.090625
4 0.6234375 0.15078125 0.0984375 0.0890625
4 0.103125 0.56484375 0.20390625 0.18359375
4 0.2828125 0.48984375 0.278125 0.13984375
4 0.4390625 0.3671875 0.1921875 0.1421875
4 0.071875 0.4296875 0.1421875 0.109375
4 0.53671875 0.1609375 0.1203125 0.06796875
4 0.54609375 0.26171875 0.2109375 0.1
4 0.5203125 0.02734375 0.24609375 0.0546875
4 0.24921875 0.37734375 0.20546875 0.1078125
4 0.190625 0.2609375 0.25 0.1609375
4 0.36796875 0.17421875 0.2140625 0.13046875
4 0.1515625 0.12421875 0.1125 0.08828125
4 0.27109375 0.12421875 0.07109375 0.04921875
4 0.32265625 0.040625 0.09765625 0.05859375
4 0.203125 0.0609375 0.146875 0.08515625
4 0.12109375 0.0453125 0.13359375 0.08515625
4 0.03203125 0.365625 0.0640625 0.10625
4 0.0203125 0.08203125 0.03984375 0.1078125