5 0.6234375 0.4460383920411856 0.60625 0.8808946331127319
6 0.6 0.7596917889569306 0.0546875 0.05564207386326192
6 0.584375 0.6859815535674272 0.0484375 0.04928297970746058
6 0.56171875 0.6246485872526473 0.0375 0.0444045649348082
6 0.5359375 0.6741985738599666 0.040625 0.04133411201270896
6 0.7 0.06456229544975231 0.0484375 0.053970479707460536
4 0.47265625 0.39184399553247784 0.0296875 0.0770806972400564
4 0.43828125 0.3271814776755704 0.0578125 0.0635091209411626
4 0.3953125 0.37565020535443605 0.046875 0.0414432061685102
4 0.4359375 0.24354681736714484 0.04375 0.07107615909060953
4 0.4 0.278075775971287 0.053125 0.043114800324311545