5 0.5 0.653125 1 0.64453125
4 0.23984375 0.44921875 0.18671875 0.1171875
4 0.4390625 0.41171875 0.15078125 0.09296875
4 0.6390625 0.44140625 0.1453125 0.10078125
4 0.4984375 0.4953125 0.1140625 0.0890625
4 0.3515625 0.55703125 0.18515625 0.10859375
4 0.13046875 0.5359375 0.21640625 0.09453125
4 0.1640625 0.65859375 0.25859375 0.13203125
4 0.39453125 0.76640625 0.25078125 0.13828125
4 0.5296875 0.64609375 0.26640625 0.13671875
4 0.75078125 0.5375 0.31171875 0.10703125
4 0.66953125 0.809375 0.20859375 0.13515625
4 0.85546875 0.6796875 0.225 0.10859375