5 0.6406105483933764 0.4428179346548594 0.6343460967867529 0.8743446241842783
6 0.6344955037295863 0.7580474683400796 0.05599105042954129 0.05561480032431163
6 0.6159258881711825 0.6866946197200513 0.04768722749876275 0.04610343262955983
6 0.590157926276252 0.6269241534052714 0.03979284034363317 0.04440456493480802
6 0.5677373716628391 0.6757065267820659 0.041191566033373664 0.04130683847375849
6 0.6951730591359686 0.08394354098552544 0.05113977611928178 0.05240797970746054
4 0.49246961951513263 0.4012053587630026 0.03361808344622812 0.0755181972400564
4 0.45481913330994256 0.3381053409060952 0.05944359905006032 0.06191934740221221
4 0.4159513851189649 0.38582009212391116 0.04735967887824373 0.03985343262955983
4 0.4482581948207603 0.2575956805976697 0.04579053482570909 0.06948638555165924
4 0.4156847122336149 0.29137066274076223 0.05212906603337366 0.041497753246410876