5 0.5 0.5 1 1
4 0.22422579552679575 0.2279374712725663 0.23382003668480014 0.3162297576807463
4 0.302052649512511 0.6625029160955991 0.173325154394062 0.22067506299888784
4 0.4534596883088822 0.5249966688676093 0.21499582884638357 0.2589786998023559
4 0.5227419195707708 0.824352655784017 0.11924540815498563 0.1847683841020448
4 0.5937316841522471 0.6361554347937992 0.18705268527287444 0.2635906050922626
4 0.7361655735691214 0.7534276928274813 0.13826819279472174 0.1952354472421071
4 0.9179263874383171 0.8325328219502032 0.11677362602253183 0.15342737884037305
4 0.7147726437065233 0.8989600007058716 0.1148641335443795 0.08780237884037305
4 0.9496203198081975 0.7082384772401099 0.06066001834239998 0.15483868942018653
4 0.8796548122863502 0.646799719277015 0.13693301332783497 0.20295694198043535
4 0.9478485343105316 0.5546962482867973 0.07338733887551356 0.16337923151356132
4 0.887933976709542 0.5230892034919994 0.11122230799670092 0.12346686305535766
4 0.4028090997625732 0.08271524751033842 0.21938180047485362 0.16543049502067683
4 0.49509222499368233 0.21996055837250053 0.190388285431159 0.3246191103539345
4 0.6398554925446597 0.3643945558828389 0.17993886724704353 0.23353908404557533
4 0.5454656126946968 0.034377187071699324 0.1309437746106063 0.06875437414339865
4 0.8702811269469688 0.4328660218937334 0.08989287727617352 0.1409427893919517
4 0.7626361115075626 0.4601936323182551 0.13816054420664764 0.24514444198043533
4 0.6137118443522969 0.16391641374711183 0.14427415188677947 0.2408209630271227
4 0.7328315688837608 0.11507417924977872 0.20933686223247855 0.23014835849955745
4 0.841893017155266 0.25591638501967817 0.17120036473976086 0.25486805247554417
4 0.879317775468536 0.04192198197237796 0.11163148495630537 0.08384396394475592
4 0.8888709687254762 0.1424307376928664 0.0633016335443795 0.0847992052052021
4 0.9601405634734844 0.18585524302512543 0.03126202335696497 0.1094505947100933
4 0.9325958881632328 0.07218248200767155 0.07352373119538172 0.1443649640153431
4 0.9328974165347628 0.024344221484327844 0.05608016693047446 0.04868844296865569