5 0.5 0.39381093878220524 1 0.7876218775644105
4 0.7439139978632743 0.551859496614321 0.21305998407381016 0.1520903765014653
4 0.5439980268730567 0.6094942885919249 0.17070588410204496 0.12074753460041113
4 0.3385747795038926 0.6003408285923624 0.1664734104104042 0.128369033611828
4 0.4773180320641413 0.5308161902650801 0.13275085779368573 0.1114070266917457
4 0.6211583083019134 0.45445130292638086 0.20947995776545092 0.14415054250907655
4 0.8475310925027804 0.45349493387647044 0.23862142619541976 0.13598521543676992
4 0.8029304950206768 0.3318626730020556 0.2880445735222317 0.1816452253226017
4 0.5604237475809256 0.24680328760334164 0.28363008930724726 0.1861417243340185
4 0.4327475266612951 0.38177651239447075 0.2992550893072471 0.18677839429596244
4 0.2183070531108287 0.5139974688968111 0.3386060156438412 0.1665587361970166
4 0.2771030133659411 0.23056022779405963 0.239334057737216 0.17498404844057552
4 0.1126113619869947 0.3807472757031625 0.2252227239739894 0.15205588441013065