5 0.6238694732654577 0.5037735208496825 0.7522610534690847 0.9924529583006348
4 0.4020831905633684 0.7728945600417652 0.14773061736154425 0.21204066191590948
4 0.39512630792491255 0.5648092754020291 0.11913290268936265 0.1705973079967011
4 0.45681942795195674 0.367318161453691 0.12532835868872622 0.1660916644231918
4 0.4894399292648213 0.5190996217993898 0.10774086935072642 0.13121655925034226
4 0.5282286145767314 0.6780941885715797 0.13988175469445316 0.20868834138279588
4 0.4733122058800509 0.8897086723407506 0.12927151869827114 0.22058265531849877
4 0.6032360632161418 0.8709646840192331 0.17349423337045272 0.2580706319615338
4 0.7487047465786404 0.6704421276053776 0.17976241470399829 0.28013744404836294
4 0.6473706079328668 0.5135352465682808 0.17994422803945262 0.29576244404836294
4 0.5712551926320926 0.27139555918383534 0.15699762404517975 0.3372679824490228
4 0.8346898892823205 0.4001954752563798 0.16831583736472594 0.23606919530200426
4 0.7316392566438648 0.18931414805934882 0.14660446936663477 0.24949519780928667