5 0.5 0.48203125 0.9140625 0.76875
6 0.45703125 0.7484375 0.17734375 0.09609375
6 0.171875 0.60390625 0.13515625 0.096875
6 0.384375 0.51796875 0.17890625 0.07578125
6 0.86328125 0.6625 0.1921875 0.08046875
6 0.71796875 0.46953125 0.13125 0.08984375
6 0.58515625 0.41796875 0.15078125 0.07109375
6 0.0703125 0.453125 0.053125 0.08671875
6 0.06875 0.33984375 0.05078125 0.084375
6 0.13671875 0.2484375 0.09921875 0.08046875
6 0.3390625 0.38203125 0.078125 0.07109375
6 0.25703125 0.2640625 0.05234375 0.0625
6 0.2703125 0.1625 0.1296875 0.05859375
6 0.41875 0.32421875 0.1671875 0.06640625
6 0.46953125 0.14296875 0.0984375 0.046875
6 0.4875 0.203125 0.090625 0.040625
6 0.49765625 0.26875 0.071875 0.0765625
6 0.5375 0.34375 0.0796875 0.0890625
6 0.56640625 0.30390625 0.1 0.04609375
6 0.56328125 0.24765625 0.14453125 0.04765625
6 0.68125 0.32734375 0.08671875 0.09609375
6 0.6625 0.1609375 0.11015625 0.0546875
6 0.70234375 0.22734375 0.08671875 0.06875
6 0.834375 0.1921875 0.0765625 0.06640625
6 0.790625 0.3265625 0.10390625 0.1
6 0.93125 0.30078125 0.0515625 0.09609375