5 0.5 0.5 1 1
0 0.1835337325748224 0.6654143554451984 0.11001244135899882 0.19534186305535747
0 0.42308712858054937 0.6093030504094056 0.3023464867122705 0.3533195049793232
0 0.7493587272438222 0.6152829507199892 0.1740749413589988 0.1990730787839034
0 0.5759143259468662 0.3575977952889081 0.2920806013685439 0.2762109734092921
0 0.22781372795991092 0.2818437212725663 0.079270424013363 0.10298776308359248
0 0.3688307213160463 0.10577550298377177 0.12014996268299924 0.1272288998870605
0 0.5936403646562732 0.04193499793386143 0.08370338534372693 0.08138577886860801
0 0.8668591413112738 0.11190107451045192 0.1362294960216353 0.167201452503779
6 0.458695722549369 0.8367609214984452 0.1775272053628168 0.2273800893072469
6 0.557042863224096 0.7716980926439547 0.11484539202736244 0.20811487884037305
6 0.6432707172183689 0.8088348006211671 0.1190419960216353 0.16620039462538863
6 0.8118320025859582 0.546844492883951 0.09342383068109043 0.11161931043863901
6 0.6091524452578216 0.5203939269012915 0.1476760733609078 0.21158848933548208
6 0.6966899026098208 0.3778886375093397 0.09958292401336308 0.1041708314853265
6 0.8107700366009121 0.4368247507764589 0.15189085868872637 0.17123650512049746
6 0.86547735996182 0.2306510745104519 0.13277723201781733 0.13889444198043535
6 0.7636335966343196 0.19364316914995802 0.191516980028635 0.22194913666229374
6 0.8263052246180932 0.3094432034214122 0.15428860534690828 0.10891851564384121
6 0.38483150855350523 0.8106149214278581 0.07761701734563572 0.09508425782192056
6 0.2913927805935943 0.5209447476515127 0.16288290268936265 0.17656104195220051
6 0.18468025127309368 0.43269286070687035 0.12343859468490828 0.1414734104104042
6 0.27404493264641 0.13315632131491864 0.1267272266868172 0.15571792093374795
6 0.56164492998091 0.10781760316729841 0.06362724267981754 0.10051521046687398
6 0.7239636639879097 0.07004240031058354 0.14582267202418073 0.14008480062116707