5 0.5 0.5 1 1
0 0.8473139876798914 0.3658284851935116 0.0968935405319101 0.19529763103285883
0 0.5914459896570576 0.36625503801125125 0.28967790121604475 0.33153277531256153
0 0.2501723908359213 0.28100449645662096 0.16682403855474384 0.18837799763774726
0 0.40718237209002206 0.5923016389222251 0.2879933844101307 0.25189983901489227
0 0.7657336542189752 0.7569495037978331 0.07575868676785795 0.09782243030721922
0 0.60094293684222 0.9056622783926045 0.11708402372599629 0.11642858656782167
0 0.36039619129084427 0.918325936382487 0.0826798488211364 0.07622024881887342
0 0.09251633011241818 0.7771279843909034 0.10786553262324476 0.1582341406515056
6 0.5745145217488299 0.12304075135076238 0.16777904349765968 0.21181549763774732
6 0.46539153114036996 0.16369797848527162 0.10221771049385406 0.21108632213985135
6 0.3779432692773719 0.10447425670823998 0.11111786661563353 0.16146826805616735
6 0.17830931969511382 0.3362252205959053 0.08864068874502422 0.10763393992586626
6 0.3873925010257642 0.4129588793035783 0.1378368755128821 0.204528787293461
6 0.28342919570228753 0.5419519201404184 0.09607118676785786 0.09853175843752063
6 0.16973942741349876 0.451386429126093 0.14699169961943914 0.16116073320977709
6 0.09295538741306125 0.6538814573490613 0.13015702669174573 0.13092759618646851
6 0.19618781676654534 0.7175570661494015 0.1832130425090765 0.20767363466105593
6 0.13993120509382767 0.5814087458236488 0.15825285178688592 0.09290180653075471
6 0.6495755301517868 0.1654489953603126 0.07544035178688588 0.09000993030721935
6 0.7213483483640258 0.4909326341977197 0.15812020060802218 0.166230179126093
6 0.8244653725843136 0.6092138974445636 0.11778436068413463 0.13361608656782167
6 0.7029046848650536 0.8998612008952754 0.1199835306460784 0.14929565027015243
6 0.40000517794497137 0.8565179063454202 0.05863485376405233 0.09878472958158006
6 0.221877519351734 0.8885243305773718 0.13589237353571573 0.19509922359113005