5 0.49967245137948096 0.5 0.9993449027589619 1
6 0.5695434588427128 0.20777828471416743 0.2134560696514182 0.14830910447712728
6 0.827361523632891 0.4022874440318501 0.16765224672063966 0.13655937697836434
6 0.5850202154014335 0.46251337234426704 0.2091846494796016 0.12627033016686778
6 0.12850902306706408 0.23868296246075746 0.2174065852552504 0.13449226594251645
6 0.22654597410786081 0.46415991802410994 0.16263719810012062 0.13006371551297508
6 0.35049472919624347 0.5371326713034703 0.1773614393936934 0.11369508706427282
6 0.8937666943705345 0.5772221670080572 0.07876016508343398 0.10541119629109837
6 0.8656682705806732 0.6971185871798736 0.07390889077317446 0.1020405348257091
6 0.7722657513587963 0.7845986550222694 0.1257989393936935 0.11099281094499087
6 0.5974306049314124 0.6122300893275803 0.10154256784239593 0.09413950361804453
6 0.6517795109697347 0.749620546699955 0.07111808344622794 0.07852114767057934
6 0.6119590151536063 0.8553283141128094 0.153023180687266 0.0952792797373263
6 0.4990030710102145 0.66179739936806 0.1945489393936935 0.11459584577069996
6 0.40056449174785796 0.8453712172104559 0.1176655348257091 0.07472776232447202
6 0.39619125226330754 0.7801556529861047 0.10631859905006032 0.06634205223856374
6 0.4030421178217113 0.708898128675845 0.09553822930778502 0.0984994549975255
6 0.3809834113538476 0.6243527103130508 0.10729460085908257 0.11469766508343397
6 0.341681893940993 0.660693002036165 0.1176655348257091 0.07472776232447184
6 0.32993548846849763 0.7212996313893786 0.1651137449116174 0.08812187697836435
6 0.22773225859488563 0.6199185950933315 0.11716092378986112 0.12456398801421234
6 0.20359431648765874 0.798040273067064 0.13238313206674715 0.08796474672063966
6 0.1795227306665815 0.7221704918593996 0.10935506784239583 0.09454893939369349
6 0.04220415225093559 0.7391200537089017 0.08440830450187117 0.09093261646291495
6 0.11325367876670214 0.6041032445729331 0.1363203595655099 0.13335913387576942
6 0.0003087799644690433 0.6093783220262674 0.0006175599289380866 0.11249335594746519