5 0.5004730349461881 0.51015625 0.9990539301076238 0.9796875
6 0.5999080705115487 0.2937695022718024 0.20974748924663303 0.15164819892376152
6 0.8616226282028159 0.5234549640158453 0.16712334160399783 0.1403082845319034
6 0.6256872822555918 0.545986973735755 0.20723891935425698 0.13126292431665548
6 0.16480532444049012 0.257913161496374 0.22173806699689197 0.14129289578060833
6 0.27404985359570994 0.4945292117440431 0.16207196856846862 0.1322774607105856
6 0.39910981968297915 0.5853254937947471 0.17547949710451594 0.11886993217453856
6 0.9347626834128835 0.7046001102107385 0.08129284946188058 0.10512845574818694
6 0.912804254338717 0.8189515545863859 0.07802230024766885 0.10185790653397504
6 0.8249275727833509 0.8904754900706934 0.12526117328319836 0.11185364474715094
6 0.6451372572342011 0.695787920592602 0.10116870181924557 0.09669952564056317
6 0.7047755845701753 0.8381060072342011 0.07231595574818694 0.07976458271265763
6 0.6703706594249502 0.9362866420565545 0.15124147642635144 0.10059081306795079
6 0.5508264851082947 0.7295935322555918 0.19103172249741007 0.11803517824559702
6 0.461920304586386 0.8961752566150285 0.11592040653397521 0.07867727171162145
6 0.45577515839149285 0.8311859574008169 0.10610875889134022 0.06886562406898662
6 0.4587866883752823 0.7619458058292403 0.0966267510334573 0.09960620181924558
6 0.4336903349844601 0.6750258486333112 0.10985449710451593 0.11581339867609249
6 0.39611971443013017 0.7052377334556648 0.11741013192686936 0.07718754631872748
6 0.38713001219659987 0.7632856739023708 0.16337760339082213 0.09336050992479734
6 0.28199940239563687 0.6484718490475959 0.11803087014004517 0.1239897717116218
6 0.26738474648083416 0.820072867244561 0.13041955417661039 0.0887072431755744
6 0.24034490342909418 0.7416374981379732 0.10898120181924557 0.09706339867609248
6 0.09748531533975298 0.7373223715877872 0.09775260339082217 0.09030397642635143
6 0.16978834677128438 0.6159611019430801 0.1356550177826803 0.1341652923897861
6 0.04360683643220217 0.6015089960710587 0.03641699710451588 0.11239299214211726