5 0.47578125 0.73671875 0.9328125 0.5265625
4 0.425 0.88984375 0.078125 0.0578125
4 0.58359375 0.86015625 0.06875 0.05234375
4 0.584375 0.74765625 0.0609375 0.05859375
4 0.43671875 0.77265625 0.0390625 0.0328125
4 0.34140625 0.7109375 0.06328125 0.04296875
4 0.28671875 0.76875 0.0609375 0.03828125
4 0.2515625 0.8484375 0.06875 0.04921875
4 0.11328125 0.7546875 0.07578125 0.0375
4 0.21640625 0.6984375 0.08046875 0.04609375
4 0.128125 0.68203125 0.07109375 0.04765625
4 0.234375 0.60234375 0.05859375 0.03203125
4 0.20859375 0.625 0.03671875 0.01953125
4 0.3015625 0.596875 0.0515625 0.034375
4 0.33203125 0.52421875 0.05390625 0.03203125
4 0.45859375 0.53984375 0.0484375 0.02421875
4 0.5234375 0.5484375 0.0515625 0.02265625
4 0.55390625 0.52421875 0.0484375 0.02578125
4 0.47109375 0.484375 0.04375 0.0234375
4 0.68828125 0.52890625 0.05390625 0.03125
4 0.67734375 0.6140625 0.0515625 0.0328125
4 0.8046875 0.6484375 0.0609375 0.03515625
4 0.853125 0.6890625 0.065625 0.0390625
4 0.725 0.7015625 0.06328125 0.03984375
4 0.7421875 0.77421875 0.06875 0.0375
4 0.509375 0.65546875 0.03203125 0.040625