5 0.5097855150380053 0.6608014654014335 0.9804289699239893 0.678397069197133
4 0.39864429217333996 0.8948975836733707 0.1010512449116173 0.08476450361804452
4 0.5740127843714238 0.8927574722988385 0.08970430913596861 0.07637879353213642
4 0.5959143605815627 0.7725335035065031 0.08205558344622813 0.07909435775648763
4 0.4337042876507843 0.7716338240624323 0.050730340343633176 0.04628850180902226
4 0.3439214133859532 0.6878154240170037 0.08131859905006031 0.06503185775648745
4 0.2745439716174106 0.7392384831529724 0.07630355042954129 0.058536196291098366
4 0.22222455506363872 0.8171864207376434 0.0879780348257091 0.07317190637700648
4 0.09268978403273959 0.692364562415329 0.09209232473980082 0.062480067842395924
4 0.21276326661988504 0.6516023643152083 0.10047803482570909 0.07382700361804453
4 0.12165358774164123 0.6172074321576041 0.08945864767057934 0.07169129353213641
4 0.2498737630018404 0.552516411126705 0.07120661465389251 0.050478034825709096
4 0.2179620217082677 0.5714235413844297 0.04530585594746528 0.03198034034363299
4 0.3231032230877487 0.5596461584131716 0.06503850180902226 0.05171298620519007
4 0.36867799468447476 0.48753546302658435 0.0665191146538926 0.050232373360319826
4 0.5008221093383673 0.527613829150815 0.05977779172311415 0.0405298247398008
4 0.5685385538204433 0.5491336250578005 0.06290279172311397 0.040693599050060314
4 0.6050968515364511 0.5291995833346864 0.05985967887824373 0.042092324739800804
4 0.524477615331261 0.4707529975136092 0.05336401741285464 0.03707727611928178
4 0.7477280868371301 0.5601109893730087 0.06651911465389268 0.050232373360319826
4 0.7194193803692664 0.6477681196307336 0.06503850180902226 0.05171298620519007
4 0.8487217780398458 0.7083637036427886 0.07457727611928178 0.055329309135968605
4 0.892994078469387 0.7608811940318502 0.0827173247398008 0.06198874491161739
4 0.753771126185395 0.7501594572608331 0.0795923247398008 0.06182497060135787
4 0.7587695646745771 0.8305872636832682 0.08576043758467122 0.0605900192218769
4 0.532823461101961 0.6598973846687389 0.0463703889641522 0.05229284034363317