5 0.49921875 0.5 0.9984375 1
0 0.38515625 0.1703125 0.17421875 0.07421875
0 0.38046875 0.4078125 0.28671875 0.24140625
0 0.29609375 0.7171875 0.16328125 0.1390625
0 0.58671875 0.59765625 0.2109375 0.24765625
0 0.74453125 0.2796875 0.08515625 0.0625
0 0.8796875 0.4453125 0.1 0.09921875
0 0.88671875 0.66953125 0.06328125 0.07109375
0 0.753125 0.91796875 0.1390625 0.1078125
6 0.153125 0.40234375 0.190625 0.1375
6 0.19140625 0.50703125 0.18671875 0.07734375
6 0.13515625 0.5828125 0.140625 0.090625
6 0.34609375 0.78828125 0.09296875 0.07421875
6 0.42109375 0.60078125 0.1796875 0.1109375
6 0.53828125 0.70859375 0.08359375 0.08125
6 0.453125 0.80703125 0.1390625 0.12265625
6 0.6390625 0.8953125 0.1109375 0.1109375
6 0.69921875 0.80546875 0.1796875 0.15234375
6 0.571875 0.84453125 0.07421875 0.1390625
6 0.19609375 0.3359375 0.078125 0.0625
6 0.4984375 0.29765625 0.140625 0.13359375
6 0.609375 0.2125 0.11484375 0.09921875
6 0.87578125 0.35 0.1296875 0.09921875
6 0.83046875 0.62734375 0.08671875 0.04609375
6 0.85703125 0.7953125 0.1703125 0.109375