5 0.7121234512651394 0.49816673000291567 0.5754621961329939 0.9829691196277419
4 0.892928008593276 0.53539349834968 0.06502611067790838 0.08318520472226432
4 0.8517864826145933 0.3786122332243695 0.06022952267663584 0.07378293364502549
4 0.7384052352800934 0.38786503425764174 0.06484429734245403 0.06756020472226432
4 0.7749865305935943 0.5337360704601911 0.03799089600572714 0.04240566861791084
4 0.7199166752466859 0.634049687848438 0.049219297342454026 0.0674693011314682
4 0.7818257819064589 0.6844673234852532 0.04295111600890866 0.06587043969514958
4 0.8650922679026408 0.7121059892744936 0.057104522676635835 0.07376475292686635
4 0.7813610632161417 0.8586769831261737 0.04467724801081765 0.07994203005422947
4 0.717653646562732 0.7613979830279778 0.05410679201145392 0.08468407220870695
4 0.707233219883869 0.8512962751824554 0.05557838534372674 0.07688066256778647
4 0.6185439845640047 0.7526002208295335 0.036664753341817756 0.06270907825883114
4 0.644052514560823 0.7758877299047198 0.022329533338636055 0.03918976502711473
4 0.6091695319064588 0.685471808163551 0.039698846674090585 0.054914758976990365
4 0.5336700925764133 0.6616939405789125 0.036592028007635946 0.05645907825883114
4 0.5390672119271398 0.5335462146812133 0.030287484006999675 0.0517352168225127
4 0.5429649186028211 0.46712178396305415 0.027180665340545217 0.05327953610435347
4 0.5167296826066392 0.43915132006740765 0.030287484006999675 0.0517352168225127
4 0.48290811859486693 0.5260609676080796 0.027089758672817866 0.04546703610435347
4 0.5120523679583201 0.30403143150372614 0.036592028007635946 0.05645907825883123
4 0.5971631646244565 0.30744225693388694 0.039698846674090585 0.054914758976990365
4 0.6221097153087284 0.1776184015476927 0.03982611600890884 0.06585225897699046
4 0.6594466306492734 0.12427977810932171 0.04611247867599957 0.0690136204133089
4 0.6821836019653198 0.25148262754358763 0.04609429734245403 0.06745112041330899
4 0.7527688219685015 0.22763606138500486 0.044586341343090474 0.07212953005422928
4 0.6514950339354121 0.4719587540070208 0.04414998933799978 0.03462953005422946