5 0.5 0.5 1 1
4 0.28157567906965736 0.833147285306778 0.1251883986760925 0.1067875624991764
4 0.3549939083914929 0.8172552784069189 0.0913955955329393 0.11868754464226897
4 0.4158885589296122 0.7168382670428333 0.14292386228216233 0.15237279788867966
4 0.3246792080199894 0.6691899253226639 0.11425089867609248 0.10659664772652384
4 0.18660131926869442 0.7214228068171333 0.11766699710451589 0.11290119480442443
4 0.06817018878956702 0.5921153620127089 0.08194782092583344 0.11696140340856669
4 0.172314033289049 0.6157904155834313 0.11221751778268034 0.12997960064862307
4 0.32120314350429674 0.5777973120921391 0.11908394789030421 0.10980346834337489
4 0.13938590922006244 0.5121744918823252 0.1320205955329393 0.11939665665497756
4 0.22070868382716827 0.5151552159077429 0.10167812406898662 0.10481595941492117
4 0.053683849666768514 0.49896933400953164 0.06559507485477487 0.10106366801906326
4 0.2980138924708394 0.48215752962473496 0.10251287799792799 0.08921823295387128
4 0.3766119274170275 0.4936774565722519 0.10167812406898662 0.10481595941492117
4 0.0765990031003719 0.2870420783274888 0.10149403349844602 0.06734323295387146
4 0.11593548490340684 0.3103665300317721 0.10930653349844599 0.06747960064862309
4 0.1688271985094767 0.3565654200476581 0.10251287799792799 0.08921823295387146
4 0.21083707009726388 0.42052850852141666 0.11417812406898661 0.10503414772652384
4 0.1344628529765374 0.2388733595770769 0.11047092721213972 0.09247960064862308
4 0.2694029332079958 0.27011149715733096 0.09284677956950453 0.08280459172016937
4 0.2770741920993359 0.33425581777418195 0.10592897642635143 0.09552278003177213
4 0.3378511803125116 0.3821535754848197 0.10458480024766903 0.10018300649282175
4 0.4106872127775003 0.35376156858496083 0.09550089867609249 0.10626936525911974
4 0.48696076840185293 0.38241444845457717 0.12747864474715093 0.12243983603812651
4 0.366506911496374 0.1593979139585782 0.11737589867609248 0.10665119480442446
4 0.3851349410658786 0.24090701257860642 0.11297949710451594 0.11281937418757346
4 0.4697860769216895 0.29858887337349926 0.12304370181924558 0.09426028896022584
4 0.4754495719592907 0.2190650146072013 0.14869867328319836 0.10875916558343128
4 0.5116417830841613 0.2251610560030591 0.07060790653397539 0.07461026217486459
4 0.4853468027288684 0.1466405896882792 0.10265842721213972 0.09234323295387141
4 0.6214257754311662 0.6548542844927037 0.0963698858558109 0.05788641233702041
4 0.7178513192686944 0.730695810060249 0.11137845574818712 0.07844437418757337
4 0.6876457808078497 0.5849742069759938 0.10876287799792798 0.0893273271096728
4 0.7161924658778722 0.6447992203686744 0.11098034946188076 0.10341710064862308
4 0.8647220111631425 0.6661265697994816 0.12747864474715093 0.12243983603812651
4 0.9016120432138465 0.7877657905784884 0.14041529238978612 0.13203302434972936
4 0.9354281935470781 0.6119669496690978 0.12914361290584395 0.09754893019392803
4 0.6351136321317572 0.4794548640380084 0.10425946856846871 0.12671823295387127
4 0.7459419702210985 0.47904753530348254 0.11730312406898662 0.10508869480442443
4 0.8795935322555917 0.5329010125753111 0.11105312406898663 0.10497960064862308
4 0.9541653271288318 0.49997151013967916 0.09166934574233636 0.10799550649282175
4 0.8749338033480409 0.39933453611426145 0.11395980024766886 0.10034664772652375
4 0.7851242865988179 0.36498108116356726 0.1187200748547749 0.1019909683433748
4 0.676021114349077 0.3521480702065186 0.11054370181924558 0.09404210064862309
4 0.5757300159206535 0.3441525637136969 0.08986732878371625 0.0858750446422687
4 0.5689448608344202 0.2152326769442217 0.05996150496239885 0.08066934740221221
4 0.6097732220831252 0.27058837864850505 0.11403257485477489 0.10190914772652385
4 0.6927954296933392 0.1424554703686744 0.10658394789030404 0.10958528003177212
4 0.7132042830841613 0.22867934252765298 0.10102315260503385 0.09075345941492108
4 0.7874914995857152 0.16440438270569482 0.11061647642635145 0.09560460064862308
4 0.8422240031003719 0.30040611241315535 0.10222177956950454 0.08296823295387146
0 0.17549899937631824 0.700933028813956 0.07329625889134013 0.06528980925276535
0 0.18715778328904903 0.6160495142034594 0.07024403349844599 0.06679776217486459
0 0.29771010131939835 0.8443575206962812 0.05567211124870504 0.05561480032431163
0 0.29468995512450524 0.7795137706962812 0.07420378742738745 0.05125458279171582
0 0.39424265301480943 0.8889763198027769 0.06490156203449331 0.05265344155801373
0 0.4248333734453048 0.8083263376596843 0.05247433664159917 0.053997753246411054
0 0.47259663130318774 0.77793545413662 0.07442211124870504 0.05594208279171564
0 0.17304608746565947 0.6985483685055305 0.06116013192686944 0.07288412094116267
0 0.0968089191448599 0.6706767386359143 0.04709763192686944 0.07263865909060954
0 0.18165264598549608 0.6151728068171334 0.07656680810555186 0.06846935633066593
0 0.22892144416625052 0.5238853336024946 0.06443068114108116 0.07606366801906325
0 0.05454218237942623 0.5676784237011061 0.032778266749222996 0.03335797077900686
0 0.14178316314900385 0.49660403896022587 0.08837760339082212 0.08741027110331831
0 0.16622239102309738 0.5352807552750057 0.047350188998963996 0.044540932629559826
0 0.36934523697032146 0.5052598388775003 0.055381012820281586 0.04936480032431163
0 0.4703233860606987 0.4609661424482228 0.06533820967712849 0.06202844155801372
0 0.5428383949520388 0.526242314931513 0.07227741439185813 0.04341480925276535
0 0.7946706844463408 0.7710674399298652 0.15473034946188058 0.1041807597392328
0 0.6301072626108846 0.6066076992653561 0.03477741439185813 0.04276024431795715
0 0.5966612158778724 0.6427127946389735 0.03375856989237604 0.02088524431795715
0 0.721909464844415 0.5496639983718516 0.0580693651776464 0.04004434740221221
0 0.8756422787409349 0.3977856728837367 0.066536836641599 0.05424321509696402
0 0.9473053012811263 0.21012776013967915 0.08826628742738762 0.05150004464226869
0 0.8636645095105127 0.3249794184195098 0.09949488585581072 0.05794095941492108
0 0.625000115796819 0.2958338404990581 0.06155823821317572 0.047911394480112966
0 0.6717102959044429 0.27635318343704346 0.04422949710451576 0.11161933847375849
0 0.7502334021907491 0.2527441339235108 0.07151543507002263 0.06057503571381497
0 0.7112479849034068 0.32075774837185167 0.05422092721213971 0.09149775324641088
0 0.47651545822938635 0.12462922199352751 0.05734592721213971 0.09155230032431154
0 0.45682800454811395 0.23825534537032206 0.05734592721213971 0.09155230032431164
0 0.40263281017246644 0.264630884737585 0.042337357319763666 0.0709943384737585
0 0.2271084253501129 0.3005978380667214 0.089537688998964 0.04527731818121907
0 0.49246590570540577 0.3832911558409034 0.07017125889134021 0.0652352621748646
0 0.7069500907754284 0.4463617203686745 0.048767139784752264 0.04144320616851012
0 0.7815669470617347 0.42268448700776595 0.055599336641599176 0.05405230032431163
0 0.7501585893276863 0.5025395823813833 0.053600188998963995 0.04465002678536116
0 0.23762424028009033 0.24145466314779931 0.048441808105551855 0.06797843262955983
0 0.2800814139775734 0.197700709007884 0.04280823821317572 0.04758411201270887
0 0.3578147698495949 0.32473654179959965 0.05062073821317572 0.047720479707460586
0 0.391066071545006 0.3682507625786064 0.03961046360606986 0.0459670649348082
0 0.8580073608344204 0.2202782816500346 0.04593323821317554 0.047638659090609534