5 0.5 0.5 1 1
3 0.16595498717520923 0.8997081464765031 0.08953768899896404 0.04629598997087001
3 0.263653855043452 0.43443615063313834 0.07009848428423426 0.0644549565847754
3 0.34848908146980345 0.5305275521242063 0.10149403349844599 0.06848923871722903
3 0.20975202894582284 0.7847340158351177 0.09160961124870504 0.05727895407749273
3 0.36928119437113827 0.9266894982841404 0.06966183664159917 0.0550799565847754
3 0.6650281879609976 0.9111089285424498 0.09103172249741007 0.11187552586424729
3 0.9579348178209524 0.801042572907382 0.07722177956950453 0.08338681301126627
3 0.8037866652159185 0.7076155186716044 0.08016268899896417 0.04602320533113406
3 0.5625129243166557 0.2176567937444291 0.07849318114108109 0.07718227711788872
3 0.4449422806029619 0.18926971780103938 0.11523120181924558 0.09541545157021036
3 0.753566071545006 0.38315507627259415 0.059850188998963993 0.04543217194503919
3 0.7597903387085138 0.26552730707226424 0.07591183664159917 0.055261813011266
3 0.8475493579389362 0.34063861882988905 0.023112168320799497 0.0271989974927175
3 0.9035831881703945 0.3711361125616829 0.1005137303552928 0.08094377461060623