5 0.484375 0.50390625 0.90234375 0.9921875
3 0.11328125 0.20859375 0.03125 0.07734375
3 0.55546875 0.27265625 0.05234375 0.05625
3 0.47734375 0.35625 0.05234375 0.08671875
3 0.225 0.2421875 0.04296875 0.078125
3 0.11328125 0.39609375 0.04296875 0.05859375
3 0.1640625 0.6671875 0.09375 0.06953125
3 0.3015625 0.93046875 0.06875 0.06015625
3 0.3703125 0.784375 0.03359375 0.06875
3 0.79375 0.5359375 0.06484375 0.06328125
3 0.80546875 0.4265625 0.0765625 0.09453125
3 0.6640625 0.72109375 0.03515625 0.05078125
3 0.7734375 0.71953125 0.04296875 0.06484375
3 0.715625 0.80390625 0.02265625 0.01640625
3 0.69453125 0.8578125 0.06484375 0.0828125