5 0.5 0.5 1 1
4 0.7497702107733587 0.8204326637681764 0.11711586935072642 0.13351032092583354
4 0.7504418254296319 0.7439429383752822 0.12454656134627218 0.10106169396136266
4 0.6674015114178597 0.6534035215022248 0.16264654535327167 0.1543707845319034
4 0.6018679654280411 0.7253106007002258 0.11542610001590833 0.12250004631872766
4 0.6223451921148584 0.874621395985496 0.12173064401654479 0.12747864474715093
4 0.473372437460176 0.9495677183613263 0.12469201201463562 0.10086456327734758
4 0.5190292881126312 0.8534120219165094 0.13886360001590833 0.1235916654253156
4 0.5133139954248594 0.6977613353987449 0.11860564401654479 0.1273330955329392
4 0.4128065601129494 0.8508070986333113 0.1297067760184536 0.14190501778268044
4 0.43299124343567713 0.7736645558292403 0.11217383068109026 0.11141699710451594
4 0.3795406214592215 0.9445185572769823 0.11215564934754471 0.10985449710451575
4 0.4171657014242231 0.6885981970617346 0.09496814934754472 0.10905397642635144
4 0.44522651941435987 0.6172882772931929 0.11061133068109026 0.11134422249741008
4 0.18387303811263117 0.8378018686923031 0.07619996801399935 0.10661818114108108
4 0.21395998010817685 0.8064084735308674 0.07629087468172653 0.11443068114108108
4 0.26976453743631346 0.7707471093866781 0.09811133068109026 0.11076202564056317
4 0.3406037487666772 0.7521833540099946 0.11386360001590834 0.1224272717116218
4 0.14945203743631344 0.7651434646395272 0.09976473734881748 0.11864730024766885
4 0.20819014341976877 0.6460702870131027 0.09018974267981754 0.10102315260503403
4 0.2715986627545869 0.6599551586008899 0.10437951201463572 0.11261562406898662
4 0.329665154081769 0.6173717063673596 0.10750451201463562 0.11276117328319835
4 0.317809496737724 0.5379560341176186 0.11208292401336309 0.10360449710451576
4 0.36313963072881533 0.47447788502724136 0.13119655068427188 0.1357277923897861
4 0.12236063673613315 0.5171404582293864 0.1154806440165447 0.12718754631872767
4 0.20521859006999676 0.5249037624059968 0.12167610001590834 0.12279114474715094
4 0.27868281472786083 0.463516806243525 0.10457950668363561 0.12980312406898661
4 0.20335555072404282 0.4318986251024439 0.12051358935390813 0.15709337014004526
4 0.21702715205281575 0.3989598465663966 0.07741702267663593 0.07700345574818694
4 0.13582260538667937 0.399081816996892 0.09963746801399935 0.10770980024766903
4 0.6515930560550429 0.4355974373418249 0.06677042401336308 0.1014940334984459
4 0.7452788740451798 0.36734405107172935 0.0872465560152719 0.11650260339082212
4 0.5990578547103617 0.3496021253073317 0.09818405601527189 0.11701202564056316
4 0.6622027447087708 0.3408307468951189 0.11070223734881743 0.11915672249741008
4 0.7137368780235444 0.20658633353671804 0.13277723201781733 0.137363066996892
4 0.8379374466899989 0.21080941480163373 0.14229768268618095 0.15029971463952715
4 0.6767994046785449 0.11897501757328333 0.10939427601845378 0.14095894789030416
4 0.48679421204645246 0.36467485359570995 0.13250451201463562 0.11392556699689198
4 0.508968109365044 0.25717272270229785 0.11231928134945388 0.12391699710451594
4 0.5896812126829992 0.1477121395753553 0.11228291868236298 0.1207919971045159
4 0.5715937366724997 0.06956786889719088 0.11193747334499946 0.09110449710451587
4 0.46116531401177224 0.10815087179267499 0.10759541868236297 0.1205736732831983
4 0.4089402900222717 0.18302028515107585 0.10923064401654478 0.12689644789030416
4 0.3741845767027256 0.2829089691876411 0.10130905601527199 0.11715757485477489
4 0.34482488804899775 0.37680236434907693 0.09171588001272664 0.09797092721213971
4 0.2194703520448616 0.34051164578060833 0.08355793467536321 0.0679195541766104
4 0.2809163820416799 0.31994874276128965 0.11072041868236297 0.12071922249741007
4 0.17642778202577153 0.1979581186923031 0.11533519334818117 0.11468754631872757
4 0.26241982602640784 0.20664822208312525 0.09651246801399935 0.1075642510334573
4 0.2168431493475448 0.11473039578060833 0.10288973734881743 0.11879284946188076
4 0.35885792667886307 0.10650913502724135 0.09184314934754481 0.10890842721213971
0 0.6013150767822675 0.879107688789567 0.06960452267663583 0.07663958271265763
0 0.5219906561107222 0.8394950711307212 0.07114884134309048 0.07514985731976367
0 0.7636872601049951 0.8085876352321291 0.06004770934118149 0.060577935070022446
0 0.7017866967695408 0.7900880382514478 0.05712270401018138 0.07761988585581073
0 0.8268134214274048 0.7311026441234694 0.057031797342454026 0.06980738585581073
0 0.7566640060868597 0.6747391741072587 0.05844884667409041 0.05738016046291676
0 0.7388310687459964 0.6184699034290941 0.06182838534372674 0.07940070967712849
0 0.5981900767822674 0.8789621395753553 0.07728975334181776 0.06606595574818712
0 0.5552218741247215 0.9441119505763913 0.07558180267345413 0.05349318114108108
0 0.5197014501113586 0.8440734092200625 0.0743465666772721 0.08154540653397505
0 0.4423026087682681 0.7686324534718755 0.08203179734245403 0.0709717795695047
0 0.4483269841263124 0.9508456399896401 0.03633748933799978 0.03604881596343468
0 0.3978900847787676 0.8438657398658055 0.09324201734563572 0.0949187018192454
0 0.44071338411040395 0.8333670415612167 0.04587612133990895 0.050547963606069855
0 0.45393844808240524 0.6278447876322752 0.053797709341181485 0.06028683664159917
0 0.4339066640674515 0.5168152423470049 0.06484429734245403 0.07017125889134021
0 0.5122129300604519 0.46892786000585074 0.049292022676635835 0.07569351282028158
0 0.800020370703362 0.3074275496239873 0.11746131468809011 0.16319782092583343
0 0.6075885173854066 0.411684748342861 0.04573067067154533 0.03804796360606986
0 0.6346419133911337 0.45510941666366056 0.023837489337999784 0.03546661910658777
0 0.5719771867043164 0.3038337069865321 0.045985209341181485 0.05992296360606986
0 0.45881247334499947 0.10726045988201623 0.05861247867599957 0.07144266046291672
0 0.3868192946769541 0.09375657795514677 0.06680678668045399 0.10461903349844599
0 0.30895956604072544 0.3142274356891951 0.05385225334181776 0.06497433664159917
0 0.29977492270049844 0.2630459253501129 0.11308180267345422 0.05523977171162171
0 0.2933425620225899 0.17997871422524242 0.06491702267663584 0.07642125889134017
0 0.3510374306969986 0.2396662373846062 0.0944227093411815 0.06217897642635144
0 0.11397487738699752 0.40040672249741 0.09445907200827235 0.06530397642635144
0 0.2176907707272245 0.4559910965663966 0.09445907200827239 0.06530397642635144
0 0.23167200206872413 0.5167659307267964 0.07396475867281786 0.0487329065339754
0 0.22829410542645023 0.6961987196019259 0.052598836012090366 0.09146406203449331
0 0.364647586728179 0.4698631596343471 0.06958634134309047 0.07507708271265763
0 0.4702419640356347 0.28425960752465135 0.044331802673454136 0.052037688998963993
0 0.46308289735836256 0.20584350909622792 0.05848520934118149 0.06050516046291676
0 0.5324419720321348 0.2613893418088856 0.049055665340545215 0.055381012820281586
0 0.17408786342295043 0.6679067456567738 0.07091248400699968 0.05483735731976367
0 0.1414293574156326 0.6125086162111038 0.05050907733927246 0.04607878742738745
0 0.2800282334102237 0.579141806243525 0.052162484006999674 0.05396406203449331
0 0.327448126074133 0.5610489317602536 0.04892839600572696 0.04444351282028158
0 0.28497498400699967 0.06480747849326604 0.05054544000636332 0.049203787427387444