5 0.5 0.50234375 1 0.9453125
4 0.25234375 0.76328125 0.10703125 0.090625
4 0.3234375 0.75234375 0.07265625 0.10546875
4 0.39140625 0.66171875 0.11953125 0.134375
4 0.3109375 0.61171875 0.09609375 0.09296875
4 0.17578125 0.65390625 0.1 0.09765625
4 0.06796875 0.528125 0.0859375 0.1046875
4 0.1734375 0.5546875 0.0921875 0.11484375
4 0.31796875 0.52578125 0.1015625 0.09453125
4 0.153125 0.45625 0.11171875 0.103125
4 0.2296875 0.4625 0.08515625 0.09140625
4 0.059375 0.43984375 0.08359375 0.09140625
4 0.30625 0.43515625 0.0875 0.07578125
4 0.37890625 0.45 0.08515625 0.090625
4 0.11875 0.24140625 0.08828125 0.05703125
4 0.15390625 0.26484375 0.096875 0.0546875
4 0.1984375 0.3109375 0.08828125 0.07734375
4 0.23046875 0.3734375 0.09609375 0.0921875
4 0.17890625 0.1984375 0.0953125 0.07890625
4 0.30234375 0.23515625 0.08046875 0.07109375
4 0.303125 0.2953125 0.08984375 0.08359375
4 0.3546875 0.34296875 0.0890625 0.08671875
4 0.4265625 0.3203125 0.07890625 0.09296875
4 0.4953125 0.3515625 0.10703125 0.10703125
4 0.40546875 0.1359375 0.10078125 0.09140625
4 0.41484375 0.21328125 0.09453125 0.09921875
4 0.48828125 0.27109375 0.10625 0.07890625
4 0.50234375 0.19765625 0.13046875 0.09140625
4 0.5359375 0.2046875 0.05859375 0.0640625
4 0.51875 0.1296875 0.08671875 0.07890625
4 0.5921875 0.61328125 0.0859375 0.04765625
4 0.675 0.6890625 0.09609375 0.06640625
4 0.66171875 0.55078125 0.09453125 0.0765625
4 0.68359375 0.60859375 0.09453125 0.08984375
4 0.81953125 0.63515625 0.1078125 0.10703125
4 0.840625 0.7515625 0.11953125 0.1140625
4 0.89375 0.58828125 0.11484375 0.0828125
4 0.62421875 0.44921875 0.084375 0.1109375
4 0.72890625 0.45390625 0.09921875 0.08984375
4 0.8484375 0.51171875 0.09453125 0.090625
4 0.92890625 0.484375 0.0890625 0.0953125
4 0.85859375 0.3859375 0.09609375 0.08671875
4 0.778125 0.34921875 0.10234375 0.08671875
4 0.67734375 0.33203125 0.09453125 0.08046875
4 0.58359375 0.31953125 0.0765625 0.07421875
4 0.59140625 0.1984375 0.04921875 0.071875
4 0.6234375 0.2515625 0.09609375 0.0890625
4 0.71484375 0.1359375 0.08984375 0.0953125
4 0.72578125 0.21796875 0.0859375 0.078125
4 0.8015625 0.16171875 0.09375 0.08125
4 0.8390625 0.29140625 0.08828125 0.0703125
0 0.16640625 0.634375 0.0609375 0.0546875
0 0.1875 0.55546875 0.059375 0.0578125
0 0.26640625 0.775 0.046875 0.0484375
0 0.2703125 0.71484375 0.065625 0.04296875
0 0.35234375 0.821875 0.05546875 0.04375
0 0.38984375 0.74765625 0.04453125 0.04609375
0 0.43828125 0.721875 0.06484375 0.04765625
0 0.16484375 0.63203125 0.04921875 0.06484375
0 0.09609375 0.60234375 0.03671875 0.06484375
0 0.18203125 0.55390625 0.0640625 0.059375
0 0.23671875 0.47109375 0.05234375 0.06796875
0 0.0671875 0.50390625 0.028125 0.02890625
0 0.1578125 0.44140625 0.07421875 0.07578125
0 0.17578125 0.47890625 0.03984375 0.0375
0 0.37109375 0.46015625 0.046875 0.04296875
0 0.47109375 0.42421875 0.05546875 0.05234375
0 0.53203125 0.4890625 0.06328125 0.03671875
0 0.74296875 0.73046875 0.1359375 0.0875
0 0.60546875 0.56875 0.028125 0.03828125
0 0.5703125 0.60078125 0.02890625 0.01875
0 0.6984375 0.51875 0.05078125 0.03359375
0 0.859375 0.384375 0.0578125 0.04609375
0 0.9484375 0.2125 0.078125 0.04140625
0 0.85625 0.315625 0.08828125 0.04765625
0 0.63515625 0.2765625 0.053125 0.040625
0 0.68046875 0.26015625 0.03046875 0.10390625
0 0.75703125 0.2421875 0.0625 0.0515625
0 0.71328125 0.30390625 0.04140625 0.0828125
0 0.51328125 0.109375 0.04453125 0.08203125
0 0.48203125 0.2140625 0.04453125 0.08203125
0 0.42890625 0.23671875 0.0328125 0.06484375
0 0.259375 0.26171875 0.08046875 0.034375
0 0.5 0.35234375 0.0578125 0.05546875
0 0.69609375 0.421875 0.0421875 0.03515625
0 0.76796875 0.40390625 0.04765625 0.046875
0 0.7296875 0.47578125 0.0453125 0.03828125
0 0.27578125 0.20625 0.03828125 0.0609375
0 0.3203125 0.16796875 0.03515625 0.04140625
0 0.38046875 0.29140625 0.04296875 0.0421875
0 0.40703125 0.3328125 0.03203125 0.040625
0 0.8625 0.2171875 0.0390625 0.0421875