5 0.5 0.5 1 1
3 0.744885774004105 0.08260114680570754 0.08460225897699036 0.04151756175762478
3 0.7210776528052293 0.5552657569931221 0.0644170240041051 0.06280152837152997
3 0.6245475655694076 0.4774697144358271 0.09724770472226432 0.0668812746106063
3 0.7205857316532357 0.20218622109974466 0.08624657220870695 0.055625525864247474
3 0.5457670179539809 0.09399197321131572 0.06591589149054773 0.051909492478152595
3 0.2649760810875016 0.16471468401923312 0.081868144417414 0.1086141335443794
3 0.019073749509020677 0.3247188551728495 0.03482042759490127 0.07756271034569898
3 0.16239702351312574 0.38981632092882484 0.07523634933607007 0.042807277117888634
3 0.46565539636232156 0.824349411453691 0.07387383723582168 0.07713681301126592
3 0.582856531900941 0.8301029694503921 0.10676815046753826 0.09215405925034226
3 0.2579196435336512 0.6972316673261856 0.056495439695149675 0.04382420783841638
3 0.26953437528508273 0.8139561660725445 0.07217498184962742 0.0536538489046432
3 0.17547075789683592 0.7573220696751836 0.020467036104353475 0.027153533386094785
3 0.11599121876742033 0.7376256836235217 0.09419542759490125 0.07929034639736088