5 0.5137004676854985 0.5092658063611186 0.8611906036124987 0.9757937622353536
0 0.47332103746309706 0.7641095629845407 0.12825895317271013 0.1870684687818068
0 0.47465529273575663 0.24233376670540493 0.08677580290255768 0.07169643992586625
0 0.4866344483633867 0.15978416153326186 0.034176592558271324 0.040208337748947984
0 0.6103695926430894 0.3431918838584477 0.011592264427970279 0.019131945916315996
0 0.6109499460011341 0.3150123201561168 0.021021828130301047 0.021021828130301134
0 0.8184425313878293 0.5001883844066018 0.08241568511654265 0.0809077488188736
0 0.7167535789329094 0.7689061572720925 0.11312502649368775 0.20058533175849824
4 0.4464782182336526 0.3090227589008567 0.10349207694917481 0.10349207694917481
4 0.45013896469027354 0.5482489500078491 0.12978175843752043 0.09660715988879928
4 0.6631796233131284 0.4219145953838603 0.08388890507947586 0.1230952488188736
4 0.6580878408289909 0.29850437723502565 0.06566469473518968 0.09280754809323426
4 0.7381250596107976 0.41773303767197917 0.05207342068857255 0.06112103847458741
4 0.6546652627835078 0.6036829505560034 0.08504961179556503 0.06695437622353531
4 0.46906506868129033 0.6422345629845406 0.113903787293461 0.13350695916315977
4 0.7328125662342195 0.4671973243324681 0.08123513103285873 0.09179068511654265
4 0.7908730920949353 0.5394790628997226 0.07531251324684404 0.1009474303072194
4 0.811170723127794 0.6279413621740833 0.08468751324684405 0.10127481252120454
4 0.7579589322909539 0.7393079373091596 0.1009127139724832 0.11900794954451292
4 0.653323506793058 0.6772568598118305 0.09422620435383652 0.1062896947351895
4 0.5595908318433163 0.41223454973769674 0.10781747840045366 0.13797620435383653
4 0.5570139249497418 0.24884417233303502 0.07364088584218216 0.09776786660488854
4 0.6037351575265466 0.2652032931142748 0.05946925843752062 0.09415179328391084
0 0.49404767739681255 0.4168699752355927 0.15707343393541642 0.163105179126093
4 0.5867213385515562 0.785962226416719 0.10036707694917482 0.1033829495445131
4 0.5738542616023814 0.6862896086307042 0.1119593413771451 0.12251489546082901
4 0.7762773348385411 0.3679041632625423 0.07547620435383653 0.10563493030721931
4 0.6586855854715132 0.4948163820443491 0.08877481252120453 0.08425100362819701
4 0.7956424045313217 0.2952652714299104 0.07191469473518967 0.09302580290255769
4 0.8172768462712865 0.422008820704271 0.06895338584218216 0.09760417549789598