5 0.4726016986132292 0.5027941293532137 0.9452033972264584 0.9944117412935727
0 0.35329246732749936 0.7506572557657512 0.14498911094166686 0.1948698439616777
0 0.530772648841979 0.28359698778706977 0.09088087955902786 0.08279256784239593
0 0.5699455580362847 0.2136872795101838 0.036883057370694416 0.042508404567984305
0 0.6198325360004511 0.4228033299397252 0.014535278685347208 0.021049484396167627
0 0.6298076012549302 0.39751340287050363 0.02238414627652787 0.023021420171816586
0 0.7563473449866661 0.6403703674789677 0.08793771751493082 0.09044129353213641
0 0.5732581687905202 0.844316481794176 0.13434255167111128 0.20679663387576924
4 0.4826793345374303 0.3334841231331772 0.111920731382639 0.11510710085908257
4 0.40491343797656204 0.5492076204196438 0.13528549620027785 0.11321040818602893
4 0.6419965170987496 0.5123538308442364 0.09509690729444457 0.12983134215265543
4 0.6774638512549302 0.400010961101961 0.07249455547083343 0.09743492198083885
4 0.7102555546178121 0.5370506156699454 0.05926720364722229 0.0655298247398008
4 0.5717716700247911 0.6729361267512217 0.08924564437666671 0.07958568068726599
4 0.3910490000969092 0.6407809667561706 0.125075348023889 0.14388719810012063
4 0.6897241958603468 0.5789957762308234 0.0881559230620141 0.09981629353213642
4 0.7174478459365967 0.6649266321782887 0.0836502610179167 0.10738313206674714
4 0.7060544446260758 0.7511540592475103 0.09306162860909736 0.10943695499752568
4 0.6204422933155549 0.8334918464480685 0.11064917211208343 0.127525213703953
4 0.5459891136040271 0.7388543758467107 0.102545731382639 0.11461577792830405
4 0.5499915082650343 0.4660752951140161 0.12049695079743081 0.14832903663473135
4 0.6034646132227776 0.31947693407816813 0.08357752583555574 0.10425813206674714
4 0.6402918127859373 0.35034847580128214 0.06780705547083343 0.09718926051544959
0 0.4894358679724302 0.4464754460639558 0.16958906743868063 0.1789925384437538
4 0.44963948404499937 0.8120252029613606 0.10875936379145834 0.11338082654882306
4 0.470589723311423 0.7184765988229177 0.12173214247680572 0.13434842378986112
4 0.7625999578281941 0.5061591417892272 0.08528549620027785 0.1105900192218769
4 0.6123077106779856 0.5780673620519007 0.0942604526972918 0.09389384215265544
4 0.8038620438842358 0.4473097642450359 0.07878092306201409 0.09932497060135788
4 0.7814941217721524 0.5681611748059139 0.07885365824437507 0.10244997060135788