5 0.4421875 0.571875 0.81015625 0.65546875
1 0.80625 0.64921875 0.0390625 0.03671875
1 0.64375 0.55703125 0.06171875 0.05078125
1 0.7203125 0.57109375 0.05859375 0.046875
1 0.3890625 0.275 0.053125 0.02421875
1 0.4734375 0.2734375 0.07109375 0.0390625
1 0.55234375 0.30234375 0.03828125 0.0296875
1 0.5328125 0.34296875 0.059375 0.03359375
1 0.3078125 0.340625 0.0609375 0.04609375
1 0.2390625 0.35625 0.04609375 0.0359375
1 0.23125 0.3890625 0.05859375 0.03671875
1 0.15703125 0.490625 0.0484375 0.028125
1 0.11953125 0.5015625 0.05234375 0.03203125
1 0.41328125 0.37890625 0.04765625 0.03984375
1 0.4765625 0.38671875 0.05546875 0.05234375
1 0.52578125 0.45 0.06171875 0.04609375
1 0.61484375 0.46171875 0.1078125 0.0640625
1 0.1265625 0.54765625 0.059375 0.05
1 0.16640625 0.534375 0.06171875 0.0484375
1 0.16796875 0.5921875 0.07265625 0.0421875
1 0.19765625 0.63046875 0.0609375 0.0515625
1 0.25 0.5640625 0.08671875 0.0640625
1 0.30234375 0.5125 0.03125 0.021875
1 0.35625 0.5125 0.06171875 0.034375
1 0.30625 0.63984375 0.053125 0.0375
1 0.35546875 0.60078125 0.0625 0.0484375
1 0.43515625 0.58125 0.03671875 0.0296875
1 0.44609375 0.52265625 0.07109375 0.08515625
1 0.43828125 0.41484375 0.04765625 0.03203125
1 0.525 0.55390625 0.05234375 0.0328125
1 0.5234375 0.64609375 0.05078125 0.07109375
1 0.51484375 0.7171875 0.05625 0.046875
1 0.44609375 0.646875 0.0484375 0.05078125
1 0.57109375 0.68984375 0.06171875 0.04921875
1 0.62421875 0.67890625 0.07109375 0.05625
1 0.14765625 0.69921875 0.0609375 0.03125
1 0.325 0.68671875 0.0671875 0.05
1 0.37578125 0.66015625 0.059375 0.04765625
1 0.33203125 0.73359375 0.06171875 0.0484375
1 0.11875 0.65 0.0421875 0.02734375
1 0.2921875 0.45859375 0.0203125 0.0203125