5 0.54375 0.51484375 0.91171875 0.73203125
0 0.7546875 0.578125 0.16640625 0.10390625
0 0.259375 0.52421875 0.0609375 0.07578125
0 0.18125 0.50390625 0.03515625 0.02890625
0 0.36796875 0.40546875 0.01796875 0.00859375
0 0.34140625 0.4015625 0.01875 0.01875
0 0.5390625 0.221875 0.0703125 0.071875
0 0.78359375 0.34609375 0.18203125 0.090625
4 0.31953125 0.55703125 0.0890625 0.0890625
4 0.54765625 0.578125 0.08046875 0.115625
4 0.4484375 0.36171875 0.1109375 0.06875
4 0.33046875 0.35625 0.0828125 0.053125
4 0.45234375 0.29140625 0.053125 0.0453125
4 0.6203125 0.38984375 0.0578125 0.07578125
4 0.6390625 0.56953125 0.11875 0.09765625
4 0.49765625 0.30078125 0.08125 0.06875
4 0.5734375 0.253125 0.0890625 0.06171875
4 0.659375 0.2421875 0.08984375 0.071875
4 0.76015625 0.30390625 0.10390625 0.08515625
4 0.690625 0.39765625 0.09375 0.0796875
4 0.42890625 0.46015625 0.12265625 0.0890625
4 0.2734375 0.44609375 0.08671875 0.06171875
4 0.29296875 0.403125 0.08515625 0.046875
0 0.4265625 0.5234375 0.1421875 0.1359375
4 0.78671875 0.471875 0.0890625 0.08671875
4 0.69140625 0.47421875 0.10703125 0.0953125
4 0.40859375 0.24921875 0.09453125 0.0625
4 0.51796875 0.37421875 0.07265625 0.07734375
4 0.34140625 0.22421875 0.08203125 0.059375
4 0.46328125 0.215625 0.0859375 0.05703125