5 0.4336988070998037 0.44905509583968745 0.8392726141996073 0.8981101916793749
1 0.4259260871758144 0.8137461901607634 0.04456222749876275 0.04629442496187508
1 0.487561870758328 0.6316227147620482 0.06462242198083885 0.07173083605604162
1 0.48869500282507505 0.7129454499444094 0.05977114767057934 0.06849673328249999
1 0.7248007626631562 0.32260616499079803 0.03592421189493074 0.06013871941479163
1 0.7426267497728574 0.4090157904657633 0.05409435775648763 0.07928876291777787
1 0.729079906149864 0.49380901776433966 0.03831222749876275 0.04614895459715278
1 0.6838526153312611 0.4815642441129856 0.04570864767057934 0.06816942496187509
1 0.6420048727944929 0.25022397834541615 0.058290534825709096 0.0700228656913195
1 0.6118802815463488 0.1828734773954856 0.04653416327441153 0.05414329255305557
1 0.5773005636585243 0.17976731440145785 0.048751760515449584 0.06667966014423614
1 0.4592222710308992 0.12072158235322879 0.03715916327441153 0.05392508700597225
1 0.44015136646291486 0.0851841258562149 0.04529921189493056 0.06035692496187504
1 0.6237638851189649 0.3648501760087147 0.049741050429541286 0.055778527735416715
1 0.6288065892119793 0.4312200584175342 0.06593926051544959 0.0670797036472223
1 0.5725433011069099 0.4919770268823954 0.05837242198083885 0.0715853656913195
1 0.5790190304146949 0.5856906592912148 0.08755531094499087 0.12220361474138901
1 0.3947536572815178 0.09953821979604134 0.0645405348257091 0.07016833605604171
1 0.4155508361597615 0.13816430870187466 0.06149742198083885 0.0716581008736806
1 0.35748935266810494 0.14968434337114553 0.05730124491161739 0.08092399810013892
1 0.32343525723608924 0.18645829796829835 0.0645405348257091 0.07016833605604171
1 0.40229059757972224 0.22842628600045106 0.08328389077317447 0.10025587955902786
1 0.4656847122336149 0.2738829499444093 0.029926517412854636 0.03502961664125
1 0.475622956240721 0.3291880457840969 0.047353034825709094 0.06976829255305557
1 0.33640332598299627 0.2995758938079859 0.050068599050060315 0.062028527735416714
1 0.38639335990419416 0.34299793227697883 0.0631418091359686 0.07325696846486114
1 0.4209974112382467 0.421195014248958 0.03814845318850324 0.04302395459715278
1 0.48287993554850617 0.422883494397326 0.10129690637700647 0.0866297906531944
1 0.591766934643995 0.39610082921909673 0.04349105042954129 0.0556330573706945
1 0.4670712290806425 0.5092937730826732 0.04529921189493056 0.06035692496187508
1 0.3723319391665507 0.5224496961446873 0.08296298620519008 0.06435474715020853
1 0.2981950763216805 0.5257396567257636 0.05968926051544958 0.06693423328249999
1 0.3564778878324983 0.44381620307854136 0.06232293758467104 0.057631968464861315
1 0.337738933173657 0.5787912683330205 0.06305992198083885 0.07169446846486131
1 0.3592730964480685 0.6314798572388539 0.07144563206674714 0.08281380642076393
1 0.24392149762515078 0.14685224373173594 0.04414614767057934 0.0681330573706945
1 0.29166071404263716 0.32642998774781223 0.06643058344622813 0.07645470364722229
1 0.32857421585165947 0.37406740074184003 0.06141553482570909 0.07009560087368065
1 0.2447414484388049 0.3416016992788193 0.06149742198083885 0.07165810087368066
1 0.2888721494796016 0.10904246599631921 0.03683161465389251 0.04767508700597225
1 0.5178270663720579 0.2538964518442704 0.0263101944820761 0.025581881458888844