5 0.5223509180223586 0.4161507896557137 0.9550799756436803 0.8323015793114275
1 0.1457747812528834 0.41574650717157613 0.04766593262955983 0.046949411069925694
1 0.32759179708119596 0.46639380399886593 0.0730204886359143 0.06813493030721922
1 0.24786338677277048 0.4715203028177397 0.06819662094116259 0.06015873920022692
1 0.6376723603944463 0.683551499830364 0.06000229139585791 0.03801092068857255
1 0.5529564411575671 0.7060291897562302 0.07907957386326192 0.057415685116542825
1 0.4687859926996946 0.6972568796820964 0.045994338473758486 0.04064484736759475
1 0.4805144253292545 0.6515624337657805 0.06800570616851012 0.04922123920022692
1 0.7063053579588143 0.5983927606301371 0.07134889448011279 0.061830366604888456
1 0.7724621919683459 0.5656323351322412 0.053943206168510116 0.048730165879249124
1 0.7738434598252534 0.5312300532810758 0.06647047970746059 0.050729175497895976
1 0.828232725246529 0.4122146692529921 0.05536933847375849 0.04097222958157989
1 0.863716257713933 0.3922369859505479 0.06013865909060954 0.04582342068857255
1 0.5932968433483177 0.5867236290491242 0.057122753246410876 0.051964293283910834
1 0.5283576359619916 0.5944567726958547 0.06674321509696383 0.0663541754978958
1 0.46600368628630306 0.5435416026402544 0.07134889448011279 0.061830366604888456
1 0.37524231859155144 0.5545187973754441 0.12183981818121907 0.09170140507947586
1 0.8480873035740177 0.34827865482502185 0.07140344155801373 0.06495536660488846
1 0.8094242240287131 0.3714904655321278 0.07296594155801372 0.0650099303072194
1 0.7971384582004004 0.3149230070019401 0.0838216209411625 0.060704376223535306
1 0.7594299525183575 0.2834473177090461 0.0730204886359143 0.0681349303072194
1 0.7205799123403157 0.3621005965649866 0.10144549756436802 0.08630457694917482
1 0.678069084012827 0.42682778467675425 0.034865923701106104 0.02932540145127884
1 0.6239719192401745 0.43964773240716876 0.06956820616851012 0.04927580290255769
1 0.6497958538983293 0.302110526872206 0.061782979707460585 0.05056548439090332
1 0.6083117374213936 0.3527479331328082 0.07452844155801372 0.06506449400955025
1 0.5319031960255358 0.3913317726958548 0.04443183847375849 0.04059028366526398
1 0.5316207780064726 0.4522419908446893 0.09080800649282175 0.10311013103285874
1 0.5610298141273246 0.5566194667980723 0.05542388555165907 0.044097229581580064
1 0.4467236266265007 0.44037196262172096 0.060165932629559826 0.047385920688572544
1 0.43114526542457077 0.34878466334736036 0.06704322402541756 0.08354167549789597
1 0.4246009849857616 0.27640123185901466 0.0666341209411625 0.06010417549789597
1 0.5080077743530245 0.32892354193314843 0.06046594155801373 0.06457342068857255
1 0.37470039651200315 0.3171824884824366 0.07452844155801355 0.06506449400955017
1 0.32353731696669835 0.34083080880818944 0.08403980925276536 0.0732043762235353
1 0.7967584030048249 0.20250485255543635 0.06797843262955965 0.047658739200226743
1 0.6216532629889387 0.2593699553653268 0.07924321509696383 0.06679068511654282
1 0.5764674480541306 0.29842502088175615 0.07134889448011297 0.061830366604888456
1 0.6052566956184986 0.21465765609096624 0.07296594155801372 0.0650099303072194
1 0.8350572439142153 0.24489075999716498 0.04906479139585791 0.03762897477225655
1 0.6982628072274657 0.47765367469528763 0.027026150162155815 0.02749008293962447