6 0.6981445949092575 0.8502223230423201 0.2750900070293133 0.28406954206179835
6 0.39447593940873954 0.8561293277920186 0.24736311331561955 0.25767746042459266
6 0.20195018341288354 0.6714666434867078 0.19652405128112632 0.20357645861557022
6 0.1782065066150286 0.4294052962456698 0.2114598465663966 0.22306344301173803
6 0.3499445736119206 0.5693353346894234 0.16589048138875012 0.18170810266810483
6 0.5576351031814252 0.6612716084338561 0.17980743217453857 0.17932008706427283
6 0.8404240243977089 0.5919229014001657 0.2939855562435252 0.2881771879233554
6 0.7407685109582547 0.29288785786802923 0.2582278387085138 0.25668817051050075
6 0.6171598447043698 0.45007183683713003 0.18827490363849114 0.19379202283992142
6 0.4973202638537389 0.16946256671074209 0.24380146567298447 0.248138686114333
6 0.4156101532242064 0.3561193617132165 0.18471325599585597 0.1842532485296619
6 0.27259639970954974 0.2137979856393632 0.19005572745980875 0.19856140999505117
2 0.5640842721213973 0.9336003098133372 0.08641699710451575 0.11519563206674732
2 0.8193410446615885 0.7583767390302653 0.08263702564056316 0.10096935775648745
2 0.8759504937947469 0.41765324174379864 0.1261687018192454 0.09857469810012062
2 0.630503214844415 0.5692312726127788 0.09179370181924558 0.096773180687266
2 0.4250794683590716 0.6932918130926975 0.06940927956950453 0.08468926051544959
2 0.27326871939252895 0.7804155975797223 0.07565927956950454 0.08501680913596861
2 0.4734141528099217 0.5095619442549334 0.06791955417661058 0.08616987336031982
2 0.310563088294229 0.4098441480092636 0.07849318114108117 0.07893058344622812
2 0.16502376405862668 0.5479539003841127 0.0825984842842343 0.06667624491161739
2 0.19240593961813657 0.2992198292623566 0.07046235731976358 0.07383364767057934
2 0.34915459160399787 0.15078673055098052 0.06606595574818704 0.07983798620519007
2 0.6663763248547749 0.1346792101974499 0.08554370181924557 0.0964456320667471
2 0.5615369292790543 0.3099923914505429 0.07500430810555195 0.0709543091359686
4 0.4819715155063687 0.5092310736081471 0.15400691149637388 0.16082239258219672
5 0.5 0.5 1 1