5 0.5 0.5 1 1
6 0.15787121721045586 0.45242313947037927 0.188613199909143 0.17658732576804842
6 0.14370689789772192 0.364268375042409 0.21616498982323468 0.16663197241000383
6 0.2731200016974807 0.612983671954517 0.12751192559888339 0.1713343413771451
6 0.35786905868574265 0.817874557796699 0.1901756999091429 0.17664188947037934
6 0.6329276916570009 0.7218180464487717 0.10802494120271575 0.15661707694917465
6 0.4297096749215149 0.29833587331312844 0.11954893939369331 0.10867065027015244
6 0.43064365389061576 0.42985869182478276 0.16190021370395283 0.11326887023308566
6 0.4163819165537719 0.0896776359270002 0.14199050542706698 0.1500049784004536
6 0.5894918679332528 0.10198420688572521 0.12916295680654777 0.14331846878180676
6 0.5998550785849881 0.2925372850160263 0.09635710085908258 0.11253969473518968
6 0.7137371941433918 0.22529027603035168 0.11797979534115868 0.13824902286549073
6 0.815591863976524 0.43234386259817337 0.16247342378986113 0.12420637023308564
6 0.7936991745828307 0.5364584437236993 0.14379866689245624 0.15474704210278442
6 0.49703553652318977 0.5519271539831676 0.1222578595655099 0.1306002139724832
6 0.5436006772963641 0.4549355920949353 0.10202060266810484 0.16108632213985138