6 0.16328125 0.60859375 0.23828125 0.22890625
6 0.1890625 0.3046875 0.215625 0.2046875
6 0.390625 0.15 0.16953125 0.1625
6 0.63125 0.175 0.1875 0.17578125
6 0.47578125 0.31796875 0.1546875 0.1359375
6 0.36328125 0.50703125 0.1484375 0.15078125
6 0.40234375 0.803125 0.23828125 0.24765625
6 0.70625 0.7640625 0.21328125 0.21640625
6 0.56484375 0.609375 0.1625 0.15625
6 0.853125 0.54609375 0.20546875 0.203125
6 0.678125 0.42734375 0.15234375 0.1546875
6 0.83359375 0.31328125 0.1671875 0.15625
2 0.0953125 0.4578125 0.1015625 0.06484375
2 0.240625 0.7484375 0.08828125 0.065625
2 0.56953125 0.87421875 0.07578125 0.1109375
2 0.44609375 0.5984375 0.08125 0.07421875
2 0.34609375 0.36796875 0.0734375 0.0546875
2 0.2765625 0.19921875 0.071875 0.0609375
2 0.521875 0.45390625 0.07421875 0.05234375
2 0.63671875 0.3109375 0.065625 0.06640625
2 0.51640625 0.13828125 0.0515625 0.07265625
2 0.7578125 0.215625 0.06328125 0.0578125
2 0.8875 0.40234375 0.06796875 0.053125
2 0.86953125 0.72265625 0.0828125 0.06796875
2 0.70859375 0.58203125 0.0578125 0.0640625
4 0.52109375 0.4625 0.13515625 0.128125
5 0.5 0.503125 1 0.9859375