5 0.4953125 0.49296875 0.990625 0.9546875
6 0.40703125 0.76875 0.1359375 0.146875
6 0.321875 0.77109375 0.1203125 0.178125
6 0.57578125 0.68203125 0.14609375 0.0859375
6 0.78203125 0.6296875 0.13828125 0.15
6 0.7328125 0.35703125 0.134375 0.071875
6 0.303125 0.49296875 0.08359375 0.09375
6 0.4265625 0.509375 0.0765625 0.13671875
6 0.10390625 0.47734375 0.1203125 0.10625
6 0.140625 0.31640625 0.11640625 0.09453125
6 0.321875 0.33203125 0.09296875 0.0703125
6 0.27578125 0.215625 0.11328125 0.08671875
6 0.48671875 0.14765625 0.08984375 0.134375
6 0.58125 0.18125 0.125 0.10703125
6 0.5515625 0.46328125 0.10390625 0.09296875
6 0.4671875 0.40703125 0.14140625 0.0640625