5 0.5 0.5 1 1
4 0.5179089808782769 0.7256630022811107 0.0963583314853265 0.10054682028847228
4 0.5206680867469984 0.08801687870600651 0.09948333148532651 0.10061955547083341
4 0.4596927893919517 0.07535453096645794 0.09864887357870131 0.11308318787965285
4 0.1670102786568465 0.30199564504225684 0.10206229991529536 0.0913172906531945
4 0.23794586298477044 0.17673976548322895 0.08093075256024873 0.07678201196784729
4 0.5862501862246533 0.6364537254956245 0.09587248407381015 0.14578658510611114
4 0.660962488911959 0.5760415959365967 0.10951077886860805 0.08524912860909736
4 0.3693580888131369 0.6868758720564928 0.09810284200867017 0.10370818787965277
4 0.4587097441736308 0.5823136989944788 0.12273882096198285 0.09804006933854179
4 0.5675262181476203 0.2746804241088537 0.19948187343752685 0.26366637575930574
4 0.45295621295653554 0.20146308928708295 0.12079688936371688 0.11827983415618064
4 0.19584718117474295 0.42101774876572906 0.07624325256024873 0.07667290919430556
4 0.18647842840273268 0.5690922260643054 0.08790879465362353 0.0894274823325695
4 0.2826932757436619 0.5957982367978818 0.1122101156156063 0.18517639342673622
4 0.38231457316929573 0.533241725779965 0.12577281570031093 0.09655030452090294
4 0.3891876574972196 0.40947691745933995 0.0816279735504664 0.1423342767854862
4 0.27867582075022124 0.3119135460684373 0.0783517841302798 0.08608427678548614
4 0.37046150234848724 0.28943717439319416 0.11885495776545092 0.1385195989738195
4 0.30791454166985177 0.4512663335874998 0.07918624203690498 0.07362064437666671
4 0.7106524047957965 0.47553179644968696 0.09617632096198285 0.09742182028847246
0 0.44092081762527513 0.8275904846136802 0.11664001038216938 0.15407186379145835
0 0.4443357020096689 0.6444506762930552 0.10233531570031093 0.09600479065319459
0 0.639308025814249 0.5131785732351731 0.12106990514873246 0.12296733415618064
0 0.5653098127165391 0.45153386483829816 0.1472529735504665 0.1438617156150695
0 0.7677383207502213 0.30053049002892296 0.1260150103821694 0.15429006933854178
0 0.631241565700311 0.07918477973218699 0.14541745776545092 0.139137848023889
0 0.26847042299988655 0.7142579492788192 0.10627936305535765 0.11014002583555574
0 0.33109370741251504 0.5000123049021525 0.09305132096198285 0.09734908510611114
0 0.4361158654038448 0.395867705928333 0.08660389988706055 0.12060474715020834
0 0.4335684471009328 0.27153985315479134 0.07493835779368574 0.1078501740119445
0 0.33962946032569963 0.20331848964767332 0.0993923262236546 0.09905705547083343
0 0.3564466920510225 0.053558145042256824 0.11601838410204497 0.10711629008451365
0 0.1838623916416169 0.4838814246775346 0.12088789462538867 0.11984233415618065
0 0.20326702609659772 0.22605008767156237 0.10544490514873237 0.12260365824437507