5 0.5 0.5 1 1
6 0.21015625 0.41616829098882074 0.165625 0.15757849512873606
6 0.2 0.3284910129856435 0.196875 0.1440614659077429
6 0.31640625 0.5859916416374439 0.103125 0.16273755357072234
6 0.38984375 0.7966484979681099 0.16875 0.15919554220663662
6 0.66875 0.7257355746707456 0.0875 0.14840231818121907
6 0.4875 0.28741559415250606 0.1046875 0.0971398271096728
6 0.4828125 0.4170212735356551 0.15 0.09636825973923262
6 0.4859375 0.07801332061355573 0.121875 0.1365023360381265
6 0.65625 0.10598613635914281 0.109375 0.1315966477265238
6 0.65703125 0.29584352312861795 0.08125 0.10454322402541774
6 0.77421875 0.2392952885498935 0.1 0.12830800649282176
6 0.8640625 0.453363517039538 0.1484375 0.10884098620028233
6 0.8375 0.5552436168773822 0.1234375 0.14277960957707697
6 0.54140625 0.5446065312462928 0.10625 0.11904210064862326
6 0.59296875 0.4517565580316541 0.0796875 0.15295345048646744