5 0.5 0.45859375 1 0.89453125
4 0.25234375 0.503125 0.08671875 0.0765625
4 0.853125 0.47734375 0.08515625 0.08046875
4 0.86015625 0.4203125 0.09765625 0.0765625
4 0.625 0.1546875 0.075 0.08359375
4 0.74765625 0.21640625 0.06484375 0.06640625
4 0.3421875 0.56328125 0.13046875 0.06875
4 0.40546875 0.63046875 0.06875 0.09140625
4 0.27734375 0.36171875 0.0890625 0.07734375
4 0.38359375 0.44140625 0.08046875 0.10390625
4 0.68046875 0.52890625 0.22890625 0.14921875
4 0.740625 0.41875 0.09921875 0.09609375
4 0.5140625 0.1875 0.0640625 0.06171875
4 0.37421875 0.18515625 0.075 0.0703125
4 0.35703125 0.2765625 0.165625 0.07890625
4 0.4234375 0.36796875 0.07734375 0.10625
4 0.540625 0.36796875 0.1265625 0.05546875
4 0.62421875 0.26015625 0.07421875 0.0625
4 0.6515625 0.3453125 0.11875 0.09296875
4 0.49453125 0.29375 0.0625 0.0640625
4 0.503125 0.6734375 0.08125 0.0765625
0 0.15078125 0.43515625 0.134375 0.0890625
0 0.3234375 0.43046875 0.07890625 0.08359375
0 0.4625 0.6078125 0.10234375 0.09765625
0 0.51484375 0.53515625 0.1203125 0.11875
0 0.671875 0.71796875 0.134375 0.09609375
0 0.86953125 0.58125 0.11640625 0.11796875
0 0.24453125 0.26796875 0.09296875 0.08515625
0 0.45 0.3171875 0.08125 0.07421875
0 0.55703125 0.41171875 0.10546875 0.06484375
0 0.6734375 0.403125 0.09375 0.05546875
0 0.73046875 0.31328125 0.08359375 0.08046875
0 0.8953125 0.32109375 0.1328125 0.09140625
0 0.4546875 0.17890625 0.1 0.09765625
0 0.69921875 0.1859375 0.10625 0.08125