5 0.5 0.5 1 1
4 0.7114916941707597 0.4327276140992682 0.11403257485477489 0.10127269334818116
4 0.07583452233530348 0.5871374680139994 0.11268839867609244 0.10594201201463563
4 0.07764742535462212 0.6489107620146356 0.1266781240689866 0.10454314401654478
4 0.37561608271716695 0.8806265753898611 0.10338617328319835 0.10739542401336308
4 0.23439392328770753 0.8414629833704529 0.08830482878371626 0.08535679201145392
4 0.6064617458661707 0.3885134427514052 0.15792812406898663 0.10490677068745358
4 0.5263419063290875 0.3297373320734966 0.0989897717116218 0.11359088001272663
4 0.7105370080672799 0.58748783943345 0.11730312406898662 0.10443405601527189
4 0.5836513304408554 0.5258225387491781 0.11534251778268026 0.12939769334818116
4 0.25047711145810203 0.4961504833704528 0.28475179735218487 0.21257491470399828
4 0.2053743190683158 0.6253834500318167 0.13074919396136275 0.12489200668363551
4 0.48853776778718955 0.8225333594048149 0.0848887303552928 0.07907042934436319
4 0.6375403480186479 0.7953452454248595 0.09953342721213972 0.091734061346272
4 0.6406718101769757 0.694545814091314 0.19779114474715093 0.12254880402608972
4 0.5530498397464803 0.6122322060789054 0.11236306699689216 0.13248633068109025
4 0.42841155872923364 0.6365771307288153 0.15087760339082212 0.08764654535327168
4 0.35738196712523573 0.7686351053866793 0.09611732878371626 0.08544769867918127
4 0.31365554590895206 0.6837055747135433 0.15269696856846854 0.12670904535327185
4 0.4900532260165759 0.7060816560709513 0.08503427956950453 0.08219542934436319
4 0.4149335254356754 0.30499077605822456 0.10770980024766903 0.09963746801399935
0 0.8326731813504782 0.48260143944935835 0.16675946856846835 0.12687267735518085
0 0.6486042423515141 0.5242333140913139 0.10651117328319834 0.1074317866804538
0 0.469907815758547 0.36660098539940605 0.1371447431755744 0.12808973201781743
0 0.426733550457066 0.45442770206077 0.1601841368892682 0.1533442706874535
0 0.2263076730783105 0.29341583469922583 0.168613066996892 0.13314085868872622
0 0.059325688379791464 0.48126872867599957 0.11865137675958293 0.15316245735199913
0 0.7624933062480344 0.6803298674410859 0.12235449710451576 0.11230110001590835
0 0.5339145419800106 0.6706350520766783 0.10607452564056316 0.09805678668045381
0 0.4030691104246447 0.5932902073917701 0.12929370181924557 0.09364200668363551
0 0.28108279446120993 0.6278277447087708 0.11464900496239867 0.08097837468172671
0 0.23465509657090583 0.7351584393698165 0.11112589867609249 0.10592383068109008
0 0.0720525126153938 0.7598300806810903 0.1441050252307876 0.12507382001908987
0 0.5535998416085072 0.818600384746951 0.13558224317557438 0.12807155068427178
0 0.2904427160917784 0.8632203520448616 0.13634422249741007 0.11090223201781732