6 0.8483644931170987 0.33824489911679967 0.26630938539871385 0.2543311134861197
6 0.8562512248654912 0.6469750414366676 0.24185321345960348 0.22864915188677948
6 0.6710034274506798 0.8228796265512575 0.19000687056996632 0.1818818004748536
6 0.4261538424697079 0.8221822592377069 0.2108923735357159 0.19653533386094857
6 0.5666939763483659 0.662439883215175 0.17167336463846716 0.1532566953020041
6 0.659357684333581 0.4602886983380121 0.16755886760421673 0.16718280298213611
6 0.586387122052841 0.16674929849629666 0.2686358893530466 0.2731265775927424
6 0.28496388490442226 0.2365295672344081 0.2391738824329644 0.23949572367353414
6 0.4447911655505007 0.37736385273207407 0.18193970258518863 0.1754044799417403
6 0.16232351684309504 0.4708400342440247 0.2307883794672148 0.22520590314042063
6 0.3510597060824108 0.5725065196625483 0.17087486859279988 0.17196123119538154
6 0.20774739927605937 0.702606859791703 0.18656353558899424 0.17397837226160834
2 0.9332554407593715 0.48282396173235426 0.11080484882113666 0.07657452335696498
2 0.7545760479462839 0.2056573711409811 0.0966786818249421 0.07460284639736088
2 0.4104984426993569 0.11163956433141424 0.08915002471457942 0.1196425617576248
2 0.5652309995428895 0.37698811652212755 0.08924818380210837 0.08375052586424747
2 0.6916183804929791 0.5993595585254266 0.08060801285158128 0.06321070533113407
2 0.7803983320895845 0.7625976929277357 0.07923651384016424 0.06785274122451135
2 0.5050004481737455 0.5304828410535916 0.08048067885919252 0.06008570533113407
2 0.40573923030269865 0.6858954182506225 0.0748036818249421 0.07396634890464338
2 0.5452685984012069 0.8468747191876946 0.060995849809719616 0.0798071719450391
2 0.2943480855496256 0.7931660121407009 0.06973417984777566 0.06445495658477522
2 0.14330821448536782 0.6184424599499876 0.07429434585538686 0.0614663489046432
2 0.12540981277503158 0.2943601022698556 0.09211851581733077 0.07759145407749282
2 0.30338225695726323 0.4198050684880494 0.06530134783255317 0.07056856426490725
4 0.505399696196579 0.5210851090002802 0.1525413626613009 0.14333612602253218
5 0.5 0.5 1 1