5 0.5083899239338212 0.5020386988650721 0.812889470798812 0.9959226022698557
0 0.5072386933084102 0.19841504875899404 0.11226473734881744 0.11729045157021031
0 0.4153580866088663 0.43801109468150123 0.07581816000954511 0.07249477711788863
0 0.5095171666136388 0.40558269107886213 0.14155224801081764 0.08377926959604132
0 0.6723898839513204 0.3782797081676209 0.09969201201463562 0.11067673871722886
0 0.4267468358927776 0.802528235747728 0.1795067813494539 0.12393290815498545
0 0.306662697247004 0.645075785431159 0.1232931440165447 0.12542120031656906
0 0.29341945194145724 0.4399336443649321 0.1295795066836356 0.12872805674305993
0 0.549821803906777 0.7029494360642972 0.10890447469763487 0.23121655925034226
0 0.4108229385741861 0.6934343805748785 0.14823860001590833 0.121461126022532
0 0.5256586925923216 0.563136778305023 0.147276084022908 0.17297816191590928