5 0.5 0.5 1 1
4 0.17293815187920178 0.4914502945830364 0.23594141926229187 0.2150312787274336
4 0.15116833539045166 0.293574236704646 0.140700348023889 0.14550846302712267
4 0.2944072294827779 0.17942697867096394 0.20131184612402792 0.20209166297065298
4 0.41513730357097234 0.17085488645053223 0.06468205547083343 0.09739021046687393
4 0.5858141326931599 0.22994770734192782 0.11424695079743064 0.14864887357870132
4 0.7974250863403822 0.30468791503679155 0.13721167211208343 0.129701452503779
4 0.6722822288171878 0.4253504835796999 0.24676851006798622 0.1438843208208084
4 0.7801882606366671 0.5697290861117138 0.22834712480937505 0.22395125241907438
4 0.6405835128208686 0.7059333546687396 0.14299019984750014 0.17684946828879458
4 0.4470822070656947 0.40365197589895363 0.08212412860909737 0.1093287683452644
4 0.3556064879352435 0.5629444049369708 0.18848453780340294 0.1873011208772782