5 0.53203125 0.48203125 0.9359375 0.8734375
6 0.35625 0.3953125 0.053125 0.05625
6 0.37109375 0.34609375 0.04296875 0.03984375
6 0.44375 0.24140625 0.05078125 0.053125
6 0.49296875 0.2828125 0.0453125 0.04609375
6 0.47265625 0.40546875 0.0515625 0.09296875
6 0.6078125 0.38046875 0.03515625 0.034375
6 0.64921875 0.3609375 0.053125 0.05078125
6 0.61015625 0.3375 0.0328125 0.04296875
6 0.625 0.3015625 0.0390625 0.0484375
6 0.734375 0.190625 0.05078125 0.053125
6 0.70234375 0.1703125 0.0453125 0.059375
6 0.70703125 0.41640625 0.0703125 0.075
6 0.69375 0.4796875 0.0546875 0.06171875
6 0.6453125 0.49296875 0.053125 0.0515625
6 0.6890625 0.53046875 0.0546875 0.040625
6 0.80390625 0.4875 0.040625 0.0421875
6 0.88359375 0.3765625 0.0484375 0.05
6 0.7296875 0.63046875 0.0765625 0.08125
6 0.7140625 0.6484375 0.0453125 0.046875
6 0.5828125 0.628125 0.053125 0.0578125
6 0.5078125 0.66640625 0.046875 0.04765625
6 0.5265625 0.73203125 0.05625 0.0578125
6 0.490625 0.7859375 0.0390625 0.0640625
6 0.73125 0.778125 0.05390625 0.03984375
6 0.47578125 0.5984375 0.040625 0.04375
6 0.446875 0.56953125 0.03515625 0.034375
6 0.3984375 0.59140625 0.06640625 0.0578125
6 0.346875 0.57890625 0.0484375 0.05546875
6 0.296875 0.61953125 0.05859375 0.059375
6 0.2546875 0.6109375 0.0453125 0.0265625
6 0.30390625 0.575 0.040625 0.03203125
6 0.3125 0.540625 0.05078125 0.05
6 0.25078125 0.446875 0.0484375 0.04296875
6 0.921875 0.41796875 0.04765625 0.05390625
6 0.5296875 0.7796875 0.0421875 0.0484375