5 0.5015625 0.5109375 0.996875 0.89375
4 0.7421875 0.4296875 0.121875 0.1296875
4 0.68671875 0.1984375 0.134375 0.11484375
4 0.65859375 0.3078125 0.1203125 0.11796875
4 0.36015625 0.2703125 0.12734375 0.121875
4 0.23828125 0.40625 0.14140625 0.12265625
4 0.528125 0.33359375 0.14140625 0.1203125
4 0.57734375 0.48984375 0.14375 0.1375
4 0.33828125 0.51953125 0.15546875 0.12265625
4 0.3875 0.659375 0.16328125 0.14375
4 0.67734375 0.63046875 0.16328125 0.1296875
0 0.46640625 0.44296875 0.17578125 0.12265625