5 0.5 0.5 1 1
4 0.6110035040571897 0.19695949296923662 0.24049218100470676 0.2664290062682641
4 0.8084785219140972 0.2359168094579868 0.1590319009729349 0.1630117591180557
4 0.8911128567360554 0.41282610799496594 0.21777428652788905 0.230091462765278
4 0.8792854943146619 0.5343192482875703 0.10289890340856686 0.07892639342673605
4 0.7889895511317953 0.685280376612327 0.16007620373287815 0.1333606267092362
4 0.6766782861142614 0.8724329248649658 0.14639553327818292 0.15490831838861113
4 0.5824764983718517 0.7101491707809032 0.17015240746575647 0.263229964665139
4 0.4211356237772411 0.7727731912981254 0.24660581330995512 0.25876197663298617
4 0.3141338271063775 0.5930109964846183 0.19039099512873606 0.16998911094166685
4 0.6450917264577545 0.49450729340607696 0.1188511858759707 0.09804006933854162
4 0.5075626785690748 0.35542399676895875 0.20521715421934558 0.21406641926229186