5 0.49756205066195375 0.5296875 0.9951241013239075 0.85
0 0.7988247202256076 0.478125 0.12726032092583353 0.115625
0 0.547283644956548 0.42734375 0.07863873035529281 0.078125
0 0.5923906296550671 0.515625 0.09263276385373889 0.14375
0 0.6422171935515871 0.6703125 0.11737589867609248 0.1046875
0 0.1829257384225727 0.50078125 0.13663962903138532 0.1828125
0 0.3241051641869704 0.3546875 0.13253001778268034 0.128125
0 0.5271060397036991 0.30703125 0.13750861621110372 0.134375
0 0.3007424770500332 0.6046875 0.23997864474715103 0.1203125
0 0.2908131670824545 0.465625 0.13064218610347994 0.1546875
0 0.43655585256676177 0.55703125 0.18369441149637405 0.153125