5 0.5 0.5 1 1
0 0.6615605404799186 0.23129104790106422 0.11321040818602893 0.13590405925034235
0 0.8647574615562462 0.19103943560207876 0.12907442559888338 0.17068823620994644
0 0.8896058960886997 0.4335368241610231 0.17281778154634891 0.2016032670887588
0 0.6804046364777612 0.46891908003351784 0.21063868611433295 0.2385864415410804
0 0.915604072819237 0.6690256947732788 0.11130707146044046 0.1888926669304743
0 0.7349881586403141 0.7412320007249158 0.2011817989592032 0.2367511569013443
0 0.48178791553771916 0.7651622795586641 0.13879026232447203 0.11792694906292774
0 0.42741907734179263 0.5335425550272002 0.16074714947960161 0.12012594655564542
0 0.4220543051792397 0.2626617536944167 0.20356981456303558 0.2227795851145898
0 0.07688124604327111 0.7220006836235218 0.15376249208654222 0.15441001834239998
0 0.11667300712454758 0.4611230195960413 0.13286781094499087 0.12399509263643722
0 0.2863182852799943 0.7923372303374517 0.18442366689245615 0.1551374440483631