5 0.5 0.49921875 1 0.99375
0 0.26171875 0.27265625 0.1171875 0.0828125
0 0.2546875 0.0703125 0.15 0.08984375
0 0.49375 0.0796875 0.171875 0.128125
0 0.49453125 0.2859375 0.20234375 0.16015625
0 0.7296875 0.07109375 0.16640625 0.1015625
0 0.7671875 0.2703125 0.203125 0.15
0 0.75078125 0.5171875 0.09140625 0.1140625
0 0.5171875 0.5390625 0.08984375 0.1375
0 0.25390625 0.50703125 0.1875 0.1546875
0 0.64453125 0.9046875 0.125 0.12734375
0 0.39765625 0.828125 0.1 0.10703125
0 0.74609375 0.71015625 0.11953125 0.153125