5 0.5254860141192579 0.4964346482131141 0.7009720282385159 0.9928692964262282
2 0.45129600785105184 0.536956241559862 0.13300637978345584 0.11934686068413444
2 0.5301364102000496 0.4508330577577537 0.09500627461060632 0.1006313527754692
2 0.6067109335570147 0.5556532089366172 0.08871081050398359 0.09881418479069151
2 0.7003796801918024 0.737212273651634 0.06026756175762475 0.08673067885919253
2 0.60939904671393 0.19104953946896489 0.04681281551854859 0.05340884288963736
2 0.7205939256394559 0.4641912677201351 0.04846624373179385 0.0565975098858317
1 0.6670610633404704 0.6673918635755219 0.06876202335696498 0.11048651384016459
1 0.7183591388881487 0.6293215192030098 0.040426423198680436 0.04846667490485963
1 0.7382373813663013 0.6942143487467743 0.04221624373179385 0.05634284190105419
1 0.650634429796091 0.5867148665412715 0.03711956677218957 0.04208934091247105
1 0.6556221435070022 0.43555161456410507 0.04180706677218975 0.04228034190105419
1 0.5416887094877691 0.17581847030532374 0.07777331050398359 0.09836851581733078
1 0.5924555876218722 0.14637370943090883 0.050619777117888634 0.07697367688202617
1 0.55172528754273 0.11752846783386577 0.04515938730530315 0.050220175893442943
3 0.4773677967139299 0.19642940064739095 0.0989663489046432 0.07582235376405225
3 0.49109297908381044 0.3186718151721274 0.14866012351524951 0.17460736364988402
3 0.4523834832404455 0.439922074069376 0.13989287727617333 0.14147652866891214
3 0.5535919452354972 0.611787803803421 0.09650659012915472 0.1521938527754692
3 0.5353754911580044 0.5233619737653649 0.07079588479802065 0.07311384783255317
3 0.5754909919494272 0.826776133841477 0.11154055674305993 0.13251802273741298