5 0.5 0.48828125 1 0.453125
2 0.5328125 0.57421875 0.08828125 0.11015625
2 0.47109375 0.47734375 0.0796875 0.07578125
2 0.590625 0.43046875 0.08046875 0.0671875
2 0.78984375 0.3859375 0.07578125 0.04140625
2 0.24375 0.33671875 0.04453125 0.0359375
2 0.53359375 0.2984375 0.04609375 0.0359375
1 0.7140625 0.4015625 0.0984375 0.04296875
1 0.690625 0.3421875 0.0390625 0.03046875
1 0.7578125 0.3390625 0.0484375 0.0296875
1 0.6328125 0.39609375 0.0328125 0.02890625
1 0.4890625 0.35390625 0.03359375 0.0328125
1 0.2109375 0.396875 0.08359375 0.05703125
1 0.19609375 0.34140625 0.06875 0.034375
1 0.1578125 0.3734375 0.04140625 0.034375
3 0.2140625 0.46328125 0.053125 0.08671875
3 0.334375 0.48125 0.14609375 0.1125
3 0.440625 0.5484375 0.1109375 0.1125
3 0.63125 0.4953125 0.13515625 0.0625
3 0.54140625 0.48984375 0.0578125 0.05625
3 0.8421875 0.528125 0.11171875 0.08203125