5 0.5009555552475544 0.471875 0.9980888895048912 0.94375
4 0.2892394073560453 0.5574578028177396 0.13108194198043535 0.13556053248413757
4 0.35431618871431486 0.7876884506408214 0.14276289462538863 0.12193454210278461
4 0.37841457039728543 0.6772494584453697 0.12888240514873237 0.1245684687818068
4 0.6785734650932612 0.7098238231513416 0.13687691567207594 0.127966287293461
4 0.7950112652203182 0.5718922588160387 0.14946792093374786 0.12996529691210784
4 0.5075182414722077 0.6492558893007432 0.14937691567207612 0.12840279691210785
4 0.45227846267418687 0.4938342685195035 0.1550654735504665 0.14575398801910033
4 0.6898848784874373 0.4604860220628826 0.16509292093374803 0.1305109339354164
4 0.6356006549369708 0.3214706512816428 0.17417949459715382 0.1526587524470707
4 0.3463407338620486 0.35505699991518197 0.17336044724210717 0.1385962524470707
0 0.56530137841685 0.5392062775051782 0.18384292093374804 0.1311656983633867