5 0.5 0.5 1 1
4 0.22319643073676948 0.5138790446371833 0.15497949602163538 0.1611567706874535
4 0.23786964743790429 0.7676489346355924 0.16577154535327177 0.14878404002227158
4 0.28815945408972315 0.6576739506285927 0.15170904535327184 0.14862040802036275
4 0.5940196501034043 0.7549098405872309 0.1595942706874535 0.1549613146880901
4 0.7481157094207233 0.6351320478994592 0.17371131468808992 0.15981244668999892
4 0.4303469540897232 0.6560194492759572 0.17367495202099903 0.15668744668999893
4 0.40800723539940603 0.482037056612048 0.18014312802354446 0.17551017202418073
4 0.6652475707351787 0.49701497724382226 0.18937267735518085 0.16311926002545327
4 0.6399828467138615 0.34025644724700393 0.20370789735836253 0.18672039202736235
4 0.32949024204327076 0.3149591919557747 0.20040108402290802 0.17105902936027154
0 0.5158748267424965 0.552666635264185 0.21128404002227175 0.16649879869508943