5 0.48494016490547764 0.5019915751350762 0.7417553298109553 0.9960168497298476
2 0.4112213846548567 0.6001786263083534 0.1413522287263694 0.12991073320977709
2 0.49506459864869895 0.5117188162342196 0.1021806444174139 0.10979664065150559
2 0.5785316045024315 0.627110692457755 0.09278746369925486 0.10634425843752045
2 0.6820161945669235 0.826778364960426 0.06616133118569749 0.09447917549789615
2 0.576259014732527 0.23648569245775491 0.05032725292686617 0.05799603847458741
2 0.6998430022394951 0.5344916612395616 0.05033634328594587 0.059558538474587405
1 0.644079857331102 0.7504688361044854 0.07410109621281222 0.11662699400955034
1 0.6993122579950318 0.7117808475372309 0.044040891490547907 0.05152778366526398
1 0.7215872337945349 0.7812947393698628 0.04565793364502539 0.06095734736759475
1 0.6256111375817228 0.6639038535276807 0.039307939695149584 0.043551592558271325
1 0.6293486950579028 0.5007862946346732 0.04401362041330899 0.04684028366526398
1 0.5035027707826514 0.21676098029937013 0.08497496369925486 0.10607143992586625
1 0.5580084636010589 0.1874207098809501 0.05673178903121965 0.08477679328391079
1 0.5132954064194666 0.15461564436452072 0.04874657220870695 0.054816474772256554
3 0.4356612858097659 0.23626245924797792 0.1067136083130606 0.08339783175849816
3 0.4512686259724538 0.36803081442012103 0.1604567527304745 0.19150299763774736
3 0.41139812577606205 0.4962996581595188 0.14930108411256365 0.15362105172143145
3 0.5226361285065366 0.6860838991738442 0.10405221662612103 0.16297620435383636
3 0.5017691166026799 0.5900620710435429 0.07544542759490121 0.07918155771188111
3 0.5481957064707801 0.9173983865599723 0.11956813231716552 0.14477184137714474