5 0.5 0.5 1 1
6 0.4611151384016444 0.633485370873929 0.07136034684397004 0.06766553482570892
6 0.40861222091115845 0.6323223405707756 0.052101010874414835 0.05418288896415202
6 0.2855766275272295 0.5910123450933314 0.06660917984777566 0.06585737336031983
6 0.31287661516993986 0.5308627391458661 0.05854201186299814 0.05919793758467105
6 0.4399020301889679 0.5163764360027914 0.1061173488211363 0.07884205223856355
6 0.3783995030029306 0.3904181235874625 0.043906508897248564 0.04439845318850333
6 0.3487464950942652 0.35439209237979796 0.06511034684397003 0.06733798620519008
6 0.33568542098770815 0.39892002035353064 0.051782675893442945 0.04637038896415202
6 0.2964000865010278 0.39549844923177446 0.05991351087441492 0.0545923247398008
6 0.15627515220462782 0.3190698253056277 0.06660917984777566 0.06585737336031983
6 0.145271326615196 0.3564436725466657 0.0727318458553869 0.06305992198083885
6 0.38731956376361476 0.2826908327688596 0.09419035178688588 0.09224945499752568
6 0.45366214676742034 0.2776481286758451 0.07623884783255316 0.07259869629109836
6 0.4789141561589605 0.32095107134889883 0.06667284684397004 0.06741987336031982
6 0.5041250617864483 0.26717429613412813 0.05573534684397004 0.06684666327441154
6 0.43114120653952137 0.16687108095983724 0.05366351087441501 0.05426477611928182
6 0.3000066116727177 0.11893927125804178 0.0617943458553869 0.06248671189493056
6 0.5921715484405755 0.19914359113660254 0.10232118676785795 0.10047139077317438
6 0.6137746344101307 0.2105381145423509 0.05854201186299797 0.05919793758467105
6 0.6294062460828483 0.3443808480340075 0.07298651384016441 0.06930992198083885
6 0.68758084342111 0.40788010402690134 0.061667011862997965 0.05936171189493056
6 0.7471495030029306 0.371092754976841 0.07317751482874754 0.07399742198083885
6 0.8106045079458465 0.39125476877165094 0.07566584486680376 0.058536196291098366
6 0.737645874524299 0.15707119855440588 0.054109179847775656 0.06520227611928182
6 0.629366436805039 0.4586890094993968 0.05522601087441501 0.05434666327441153
6 0.6089239442194128 0.49499167967121327 0.043906508897248564 0.04439845318850324
6 0.6435191201128557 0.5370220494134885 0.076684516805914 0.08353619629109836
6 0.6441531314815622 0.5910101865686183 0.06810801285158127 0.06437676051544958
6 0.6989334733826164 0.6288510232942067 0.0763661818249421 0.07572369629109836
6 0.7006843157779622 0.6718197732942067 0.03960101087441501 0.05352779172311397
6 0.6521858073750051 0.6344326379480993 0.044161176882026254 0.05064845318850324
6 0.6162164738769079 0.6355347925160835 0.06342051285158128 0.06413109905006031
6 0.5406845746752107 0.722482593850136 0.05548067885919252 0.06059666327441153
6 0.33090910178688593 0.07034464100031698 0.0664818458553869 0.06273237336031982
6 0.7934196665390839 0.3537923903229484 0.05997717787060921 0.0561548247398008