5 0.5 0.5 1 1
0 0.27128081363895856 0.2750216841360048 0.13186955547083343 0.09450449980360834
0 0.24756663744281254 0.06184951844496021 0.16649912860909738 0.10564198770335986
0 0.5007461888295834 0.0644477984991895 0.19211737765916687 0.128895596998379
0 0.5181921812301391 0.2751479074014252 0.22921864057694458 0.18255901170746497
0 0.750327961531007 0.04573818423420066 0.18190592306201392 0.09147636846840132
0 0.806527329406528 0.24221619097169592 0.22740156743868062 0.17161242134838534
0 0.8087308347248616 0.504738916869395 0.10607077488562525 0.12716246369925485
0 0.5634735393220144 0.5421081484244347 0.10661628875333343 0.15059996369925485
0 0.2817689444322574 0.5242131630587659 0.21192203780340294 0.17777151775758923
0 0.726180746387709 0.9193377480550924 0.14229921561506947 0.139871541958086
0 0.45904649135371595 0.8560393590986275 0.11522756933854161 0.11784200585373235
0 0.8189455553739242 0.7086133506126163 0.13830269984750032 0.1695317708808471