5 0.48203125 0.48828125 0.9640625 0.9765625
6 0.3533497342846261 0.63671875 0.06725609905006032 0.0609375
6 0.29997575079296956 0.6265625 0.04785100180902226 0.0484375
6 0.18626845488598395 0.56015625 0.0639673247398008 0.0578125
6 0.22827889247065505 0.50390625 0.05426477611928178 0.0515625
6 0.35973693238474674 0.51484375 0.10483798620519007 0.0625
6 0.32726302634642446 0.37421875 0.04119156603337348 0.040625
6 0.30603647953492774 0.33203125 0.06100609905006031 0.0609375
6 0.2826908327688596 0.375 0.050402791723113974 0.0375
6 0.24424248643233265 0.36328125 0.05706222749876275 0.0453125
6 0.12242611940359094 0.2578125 0.0639673247398008 0.0578125
6 0.10175177125804177 0.29453125 0.06832727611928183 0.0515625
6 0.3618194900503773 0.26640625 0.08863313206674714 0.08125
6 0.4301191106971637 0.275 0.07366987336031983 0.0640625
6 0.4447271653105765 0.32421875 0.06256859905006032 0.0609375
6 0.48328505427472856 0.27421875 0.05163109905006032 0.0609375
6 0.4338759537543302 0.15859375 0.049331614653892505 0.046875
6 0.31358778720055824 0.08359375 0.06076043758467105 0.05625
6 0.5875088868164455 0.2234375 0.09685506784239592 0.0890625
6 0.6070844024202777 0.2375 0.055827276119281774 0.0515625
6 0.591161752036165 0.37734375 0.06881859905006031 0.0609375
6 0.634065225012372 0.453125 0.057553550429541286 0.0546875
6 0.7025629194944479 0.428125 0.06898237336031983 0.0640625
6 0.7609995392367231 0.4609375 0.07433161465389268 0.046875
6 0.7437965083677429 0.2078125 0.04998671189493074 0.059375
6 0.5632271025565633 0.49296875 0.05253850180902227 0.0484375
6 0.5333824722988385 0.52578125 0.041191566033373664 0.040625
6 0.5581058333346864 0.57578125 0.07111808344622812 0.075
6 0.5466050893275802 0.63125 0.06701043758467104 0.05625
6 0.5925040875185579 0.6796875 0.07070864767057934 0.0671875
6 0.5847015535973601 0.72421875 0.035351001809022266 0.0484375
6 0.5442303618288175 0.6765625 0.03995661465389251 0.046875
6 0.5078391604493364 0.6703125 0.0608423247398008 0.0578125
6 0.4118029641582381 0.74375 0.05286605042954129 0.0546875
6 0.35568343396662644 0.040625 0.06380355042954129 0.0546875
6 0.7522320488476616 0.41953125 0.057226001809022264 0.0484375