5 0.5 0.5 1 1
0 0.22238031326932317 0.3048914410137849 0.20154654844057554 0.2341607137152085
0 0.5119508547526355 0.11338196713368098 0.14577670950527094 0.20632534802388905
0 0.8752944076418352 0.37238229274048684 0.2306026956651067 0.14273693313000013
0 0.5868406971851623 0.5529906342117713 0.1645903765014653 0.20832425911805572
0 0.7305667698460255 0.8913393937110767 0.2016102154367699 0.21732121257784662
0 0.22673086813568935 0.5649022206490626 0.11309686068413453 0.13219686379145834
6 0.9212382952276801 0.5131897839067715 0.15752340954463975 0.13016289152687505
6 0.7899776956651064 0.15575653077263954 0.09881418479069151 0.088155923062014
6 0.5761592292769344 0.310003700416181 0.13481003460041113 0.16704464247680564
6 0.38110010277546913 0.10097027327010448 0.1695378616727176 0.13819359707395845
6 0.1335008384781941 0.42224063554295144 0.18525570357377186 0.17914590539458358
6 0.3251895672608369 0.7209541585287156 0.15100803756616052 0.18147081838861112
6 0.49823708950395834 0.8303506083762157 0.17725220258518865 0.17427656743868064
6 0.4447500617864484 0.3030425727570143 0.13210152866891214 0.13888327488562507
6 0.685481127032938 0.6177272410693756 0.1030851907221905 0.11635365824437507
6 0.6782309956257377 0.7845874327487505 0.1387335306460784 0.1484037452503472
6 0.8744467624316516 0.8687663302595494 0.15643036661563342 0.16130378875333343
6 0.9019430682494202 0.7390612996743411 0.13022069368794006 0.13103440729444457
6 0.898588622090022 0.5992721010611118 0.13427152372599593 0.11551851006798622
6 0.9245324150376184 0.46569718806708404 0.1509351699247631 0.13321515634451409