6 0.42975777866891207 0.12359399505194209 0.06899935079830274 0.0847219924781526
6 0.4637308720528409 0.17031823086617712 0.09974001482874754 0.07313127461060623
6 0.5154074130790427 0.3635764858807421 0.08781301779449713 0.08683006175762475
6 0.38532864083592133 0.2617675964638678 0.10844385277546911 0.09523359514371972
6 0.41545915121604465 0.31016799254465965 0.06692751482874755 0.07217652837152996
6 0.3251391932308295 0.5122509812618885 0.09919618676785795 0.0980858105039836
6 0.4878965198088445 0.47544600006650695 0.04084517589344294 0.04488660266556703
6 0.7113897110253268 0.5854872751393316 0.08950285178688588 0.09000052586424748
6 0.7102808557783996 0.48149009692608635 0.05841467787060921 0.054761707838416385
6 0.6790136097327324 0.5011721111118512 0.10318334980971962 0.08103470282385157
6 0.5911965692380032 0.707093153669146 0.0683626808363588 0.06909699247815268
6 0.5769404096561827 0.7411415447353729 0.11026102076024671 0.10152905925034225
6 0.7196836665762649 0.7698395430860203 0.07043451680591399 0.08164245658477523
6 0.4854837856261753 0.5506051244396863 0.0467423488211363 0.074710494985435
6 0.3988233854358949 0.6313443105704906 0.06842634783255316 0.07065949247815269
6 0.5101601334587286 0.6187186269469688 0.09349001482874755 0.07294941818411545
1 0.46044138737588014 0.24315633729266786 0.10461851581733086 0.07795516693047429
1 0.4697009822426839 0.29763924881286574 0.0680443458553869 0.0612844924781526
1 0.3654153888587549 0.2529608977966514 0.08067167984777565 0.06477320533113406
1 0.30619689775600356 0.296921497954936 0.10662668479069151 0.088938131037097
1 0.29334802376317726 0.49987901339434215 0.09454317885919253 0.06049488229073816
1 0.34536812159573044 0.5671968940357276 0.07553851087441492 0.05369931301126592
1 0.6131737510257642 0.3826327112701359 0.06511034684397003 0.06588106426490725
1 0.6183042614058876 0.43176053305689044 0.047158842889637495 0.04663095909205772
1 0.5667921354358949 0.6264569191085524 0.059786176882026074 0.0501196719450391
1 0.7248911369187697 0.6288962943396615 0.06728034190105418 0.042534492478152684
1 0.810027482279865 0.6835179466886594 0.0761751808363588 0.0693243130112661
1 0.7069634906828219 0.726407791832379 0.053599843878220456 0.05150031551854841
1 0.5611244086675995 0.7369086858015997 0.09875051779449713 0.0871483105039836
1 0.5680416176413978 0.5419455267886842 0.1039818458553869 0.06233016693047429
5 0.5 0.5 1 1
0 0.5329715978697342 0.4491048089211379 0.1442195266917457 0.1306088054894186
0 0.571024696196579 0.5191756165221276 0.06804434585538673 0.06128449247815269
0 0.5943441324701453 0.611576065189344 0.17938770555093803 0.18937605172849495
0 0.516079869618564 0.552843574360544 0.0694450197716634 0.09565949247815268