6 0.8833648413033195 0.22624798359814324 0.11578972668681722 0.14910109621281215
6 0.7115121872215506 0.8276327007152435 0.15788632001909003 0.14153403590796182
6 0.777408812539824 0.9389610861556672 0.09195223734881744 0.11458974082661796
6 0.4795723912317319 0.7512782372123805 0.14683973201781733 0.13209540339440445
6 0.8298563912715029 0.46032754692805566 0.1462215666772721 0.07897040339440445
6 0.9664842346037755 0.4689354533475222 0.05605110001590816 0.11750566256778665
6 0.8601780485757768 0.6745809444687276 0.13784654002227156 0.16485336123992678
6 0.31661314596595613 0.2526402284317818 0.21380905601527206 0.11373628883482798
6 0.0679323873329091 0.030082930619963373 0.1358647746658182 0.04766586123992674
6 0.1282239026495917 0.12653574980360827 0.12610906134627214 0.09603972872636941
6 0.16987286394018458 0.44164312021691715 0.1215306493475448 0.10538745764913067
6 0.045048323321136924 0.22136191559284873 0.09009664664227385 0.0833488311856975
3 0.18844630987432395 0.9269402707826512 0.1650806546785449 0.08845448770335977
3 0.40105232797581924 0.18047031264254138 0.16271927068745368 0.15406130698520065
3 0.3043365812380953 0.7033805718159236 0.16847837468172652 0.11191016842151917
3 0.5106609485996394 0.4967543636758137 0.10303518801718106 0.12715337334017515
3 0.5978967719207764 0.587111718963812 0.17480110001590835 0.11819652985783762
3 0.8933092692552764 0.5802360468298599 0.09658519334818116 0.10992951190385672
3 0.8567467026177749 0.36516503785286936 0.08417610001590817 0.11766928903121965
3 0.7276148279758192 0.18237019769018148 0.08706474267981754 0.09737496974937895
3 0.2870779979312759 0.5079544423274284 0.2106124253659985 0.24183401775758923
5 0.5 0.5 1 1