6 0.19146951623864497 0.7089408031669807 0.08549321509696392 0.0655352711033185
6 0.22749851948505584 0.658327148540598 0.06731595941492108 0.09802048863591431
6 0.401473581984232 0.5350145592560607 0.08428527110331832 0.08582049756436802
6 0.345457586855496 0.7015668595803721 0.09091710064862309 0.10780459172016936
6 0.38300817979348134 0.6532696814150392 0.06984094155801364 0.06370003571381488
6 0.6170831708650276 0.6663661505724882 0.09379663879807013 0.09379663879807013
6 0.5235667702958346 0.5203872232179341 0.045967064934808025 0.03829093262956
6 0.5546566777615911 0.2605485730557783 0.0858477711033185 0.08584777110331832
6 0.4516719995962582 0.29905373985702555 0.05254434740221221 0.057150026785361165
6 0.4824992597425279 0.32272701907801876 0.07674550649282175 0.10130912986961631
6 0.7181912978919749 0.3326712146965174 0.06830571509696384 0.0652352621748646
6 0.7572265243530245 0.3335518762227589 0.09557732710967279 0.1063239123370204
6 0.7364209208617323 0.18317972930701404 0.07924321509696383 0.06542617694751703
6 0.598208260149565 0.49487298011779296 0.07724433847375849 0.040398903408566514
6 0.7097127759778775 0.5499405353133684 0.06986821509696384 0.06526253571381488
6 0.6576474898570256 0.44541272240715524 0.06567163879807011 0.09330571509696384
1 0.3013314857998358 0.634389042209932 0.0721125535707225 0.10435230925276535
1 0.3518224095009419 0.6053912889635211 0.0589579886359143 0.0666341209411625
1 0.3427183705407161 0.7242640198887976 0.06073867694751698 0.07916139448011279
1 0.4083882349890569 0.7652923944834082 0.08310460064862309 0.10766822402541756
1 0.6148797426996946 0.7031121741114384 0.0516636858759707 0.09618525324641088
1 0.6646400093387861 0.6264854444039779 0.04815685633066593 0.07425570616851011
1 0.38608613555495447 0.43218956818451437 0.06515344155801364 0.06361821509696383
1 0.43335660186973435 0.40871511201600413 0.04451365909060954 0.04451365909060954
1 0.6469514975676633 0.38702352394928274 0.0447591209411625 0.058576159090609536
1 0.5934697617711228 0.22941162135149495 0.038672762174864594 0.0678420649348082
1 0.61869367857237 0.12665876826723985 0.06534435633066593 0.07455571509696393
1 0.6968811339301014 0.21120531778077253 0.05092730032431163 0.05399775324641087
1 0.7584890154245707 0.3507121026838086 0.08288641233702024 0.09516822402541773
1 0.5612906870970821 0.4174161818220762 0.05338982710967279 0.10558752678536117
5 0.5 0.5 1 1
0 0.4804304249222174 0.48599463230854356 0.12430234496658024 0.14118983603812651
0 0.536990116480231 0.4225264216758065 0.0589579886359143 0.06663412094116268
0 0.6223333271129681 0.36558490057248816 0.18575804220663664 0.17194100405718976
0 0.5917088441590966 0.46452696104306945 0.09637616801906326 0.0626011858759707