5 0.496875 0.49453125 0.99140625 0.7984375
6 0.5703125 0.70390625 0.05234375 0.0484375
6 0.45 0.73125 0.03671875 0.0375
6 0.4578125 0.696875 0.07109375 0.04375
6 0.453125 0.6640625 0.059375 0.03203125
6 0.54921875 0.31953125 0.0640625 0.05703125
6 0.475 0.346875 0.0765625 0.03671875
6 0.38828125 0.56171875 0.04453125 0.01875
6 0.43828125 0.5765625 0.04296875 0.0609375
6 0.4890625 0.421875 0.05546875 0.053125
0 0.5671875 0.50078125 0.1 0.16484375
0 0.65234375 0.59921875 0.06953125 0.13046875
0 0.40546875 0.61875 0.18203125 0.0296875
0 0.36484375 0.44765625 0.11796875 0.1
0 0.51171875 0.33359375 0.2015625 0.14609375
0 0.35703125 0.3625 0.13203125 0.06015625