5 0.5 0.5 1 1
0 0.34296875 0.81328125 0.20703125 0.1625
0 0.10078125 0.55 0.2015625 0.109375
0 0.30546875 0.16875 0.10859375 0.209375
0 0.5296875 0.4328125 0.1859375 0.1296875
0 0.86484375 0.25546875 0.24140625 0.15703125
0 0.5984375 0.78359375 0.1171875 0.090625
6 0.4359375 0.10859375 0.10625 0.13984375
6 0.10546875 0.2734375 0.07421875 0.08515625
6 0.29140625 0.4671875 0.1484375 0.10703125
6 0.11640625 0.678125 0.1125 0.14921875
6 0.47265625 0.88828125 0.153125 0.15625
6 0.73671875 0.671875 0.1609375 0.121875
6 0.81640625 0.49296875 0.14765625 0.15
6 0.30625 0.59609375 0.1203125 0.11015625
6 0.5765625 0.33046875 0.10234375 0.08359375
6 0.7421875 0.32109375 0.1296875 0.11484375
6 0.79453125 0.12109375 0.1390625 0.12890625
6 0.66171875 0.1078125 0.1125 0.109375
6 0.525 0.12421875 0.096875 0.115625
6 0.3890625 0.109375 0.109375 0.1359375