5 0.5 0.5 1 1
0 0.696498202647815 0.19293684878638828 0.25335624813797325 0.21192334422416687
0 0.8684073201017732 0.5065596716403118 0.2211216368892682 0.15654485999173637
0 0.5756160827171669 0.8614342352792704 0.16411396567298447 0.2395015239356944
0 0.4136812787454443 0.5514812730826733 0.22348465756743252 0.17376872758291687
0 0.0857918349889693 0.6765969079600346 0.1715836699779386 0.2093061840799308
0 0.4294755225401913 0.1788613906738538 0.14288532092583353 0.118825348023889
6 0.42784851675373226 0.9007721050546523 0.1435788337461151 0.16722648043270852
6 0.8036726162156128 0.7905723021492701 0.09848034946188093 0.10374455547083343
6 0.6639167191921503 0.5573630246981939 0.1799144400324213 0.14309930262104179
6 0.891853436312877 0.3717846281373256 0.15346325599585597 0.17838218597979177
6 0.5825513267168017 0.09503517059347202 0.1963785020669146 0.19007034118694405
6 0.2621552818458162 0.269380553952222 0.1963399607105858 0.16065047853284736
6 0.13718089888548943 0.43929562329076377 0.18820212903138533 0.1869947729857639
6 0.6795139480997012 0.4235510691511105 0.15171666542531562 0.1408821859797918
6 0.33974716501553986 0.647630880890208 0.12526117328319825 0.10905030452090295
6 0.1689273968185748 0.6289750659200692 0.1629452638537389 0.1473867591180557
6 0.07790117524992361 0.8248707537997222 0.15580235049984723 0.16330269984749995
6 0.1985998184491433 0.8631857585493747 0.14375861621110375 0.13757534802388918
6 0.3419131708065081 0.8692149401607636 0.1299144400324213 0.14193553970326392
6 0.47514089371820295 0.9074753935236455 0.1465582845319034 0.16417421561506984