6 0.8500943577888499 0.8591419755748646 0.17862105172143145 0.15449407095872517
6 0.20310030670039075 0.810798634661056 0.18316470798203355 0.1952281983633867
6 0.14206609217975324 0.8952802728654907 0.07860120435383648 0.10574405771188111
6 0.21616326877395756 0.5592187764936878 0.17184526206571754 0.18390875244707078
6 0.602574517044677 0.8543998787554241 0.11979168874473985 0.16804565027015245
6 0.6298413998916343 0.9757093612474108 0.1289087392002269 0.04858127750517838
6 0.3960095477147161 0.9194816646981228 0.20282244355406326 0.16103667060375457
6 0.6687053930985764 0.29021338238362115 0.17246531015895172 0.24635418874473985
6 0.8412797644279703 0.048105271854000445 0.10755952885594056 0.0412103317584982
6 0.7419171706885725 0.08521091305366023 0.1307093413771451 0.12316965988879931
6 0.44013147059590524 0.18001245924797793 0.1393948606144388 0.14844247840045358
6 0.6272718281303011 0.04219254463467319 0.10141865626060227 0.04411707694917477
3 0.7640203822988031 0.3606474226723071 0.19588296279135697 0.20191470798203354
3 0.21586562449425487 0.37193703130301126 0.1567658990890261 0.1989881154237622
3 0.4783532447273404 0.5371627603364371 0.15614585099579195 0.136542679126093
3 0.4118874857416658 0.6448636437315486 0.16479665389834947 0.20551093393541642
3 0.49957105733336293 0.940605185749515 0.13545140507947587 0.11878962850096997
3 0.7042734263005042 0.8618527694069297 0.1413740228654909 0.11573910580511537
3 0.8512872916394484 0.6922000122353535 0.12100695916315977 0.11346727767481415
3 0.40654269899635886 0.31305064854087195 0.2997917019915837 0.2726488486335392
5 0.5 0.5 1 1