6 0.25390625 0.12734375 0.140625 0.10703125
6 0.83125 0.2953125 0.1328125 0.14765625
6 0.93984375 0.2328125 0.10859375 0.0859375
6 0.75546875 0.51953125 0.12421875 0.13984375
6 0.478125 0.1796875 0.0734375 0.13984375
6 0.48984375 0.0375 0.11171875 0.075
6 0.6859375 0.1515625 0.15703125 0.128125
6 0.27265625 0.6734375 0.10625 0.203125
6 0.03984375 0.92265625 0.07890625 0.1546875
6 0.14921875 0.8546875 0.09140625 0.11875
6 0.45390625 0.81640625 0.1 0.1140625
6 0.240625 0.94609375 0.078125 0.1078125
3 0.921875 0.8 0.08046875 0.15703125
3 0.20390625 0.59140625 0.14453125 0.15234375
3 0.7078125 0.6875 0.10390625 0.16015625
3 0.51015625 0.48828125 0.12109375 0.096875
3 0.5984375 0.40390625 0.109375 0.16484375
3 0.5953125 0.11953125 0.10390625 0.090625
3 0.3875 0.153125 0.11171875 0.078125
3 0.209375 0.2765625 0.09140625 0.08203125
3 0.51875 0.703125 0.2296875 0.19609375
5 0.5 0.5 1 1