5 0.51484375 0.4996545078837847 0.9703125 0.9993090157675694
6 0.3109401021084909 0.5435083849742706 0.05989021046687402 0.06380923328249999
6 0.2901964206513992 0.41569250949930525 0.047769642065139985 0.043242160144236055
6 0.3252539601139381 0.4266111724933331 0.0608912683452643 0.08099673328249998
6 0.3604102101139381 0.42579290169177053 0.046009720990217676 0.06660692496187508
6 0.7156576941877482 0.561469296449687 0.07146474729857691 0.07500130642076393
6 0.690612920580812 0.4806920751350342 0.053442789391951705 0.0870648953265972
6 0.47128752595542345 0.3684505675355899 0.027821163111827474 0.049019381458888844
6 0.4530604416980866 0.41816028001652744 0.07184417889684287 0.05472517401194441
6 0.6112439389966635 0.4880155722852425 0.06632222099021767 0.0670797036472223
0 0.5239784284027327 0.5612368263693052 0.19018392619541977 0.13081750816812523
0 0.4151109335938174 0.6396547267298955 0.15049979991529536 0.09244468597979179
0 0.41016031015629045 0.38004333738722196 0.06597215244730918 0.1950228656913195
0 0.5925709917545564 0.35545764542350644 0.12832096302712265 0.14030030452090295
0 0.7023085547534442 0.5203176195879509 0.19150277346576167 0.23383340539458342
0 0.6825967522779001 0.3564915089306244 0.08649748407381015 0.14556837955902785