5 0.499681665019028 0.5078125 0.999363330038056 0.984375
6 0.43516027270023194 0.3031052188666248 0.0649193458553869 0.06155754809323426
6 0.564225690190718 0.3037004743089204 0.0455963428896375 0.04684028366526398
6 0.5480130997725385 0.3367758691367772 0.08529551285158128 0.06382937622353531
6 0.5450499258562619 0.3710963054344464 0.06903384288963732 0.047658739200226743
6 0.36345643867066213 0.6996057074338793 0.07949118182494193 0.07454862141421188
6 0.44602885813831444 0.6891890518062492 0.08960101087441501 0.054618067330527965
6 0.5863368176435854 0.49067468465320657 0.051146005931499164 0.029871038474587407
6 0.5389179895826957 0.4639832098809501 0.059178681824942105 0.07383929328391084
6 0.44927587494422844 0.6095015518062493 0.07148768083635879 0.06958830290255769
0 0.3891288952101835 0.5111706900106843 0.14364120653952134 0.19380954210278442
0 0.32674825342286007 0.3908557008104574 0.10285969764227279 0.1502579495445131
0 0.5826334974913611 0.42795642984388316 0.19648768083635879 0.0739533990890262
0 0.5821520419404228 0.6125769665043721 0.1457820266917457 0.13147323320977708
0 0.40593044015353696 0.6940476773968125 0.24214237353571572 0.1988095553496283
0 0.5699611066554396 0.7005581161415524 0.1504403517868859 0.09262898801910033