6 0.1765625 0.65859375 0.07265625 0.05
6 0.21484375 0.61640625 0.05 0.08515625
6 0.38984375 0.528125 0.06875 0.06953125
6 0.31875 0.67421875 0.07109375 0.08984375
6 0.35859375 0.63515625 0.05859375 0.05078125
6 0.57265625 0.68125 0.0765625 0.07578125
6 0.50234375 0.53203125 0.0375 0.03046875
6 0.56171875 0.29609375 0.06953125 0.06953125
6 0.46171875 0.3171875 0.0421875 0.046875
6 0.4875 0.34375 0.05859375 0.0859375
6 0.70390625 0.38671875 0.0546875 0.0515625
6 0.73984375 0.39375 0.0765625 0.08828125
6 0.7375 0.25078125 0.06640625 0.05078125
6 0.57578125 0.51953125 0.06875 0.02734375
6 0.67109375 0.58671875 0.05703125 0.05234375
6 0.6359375 0.48203125 0.05 0.0796875
1 0.28515625 0.60546875 0.05390625 0.0890625
1 0.3359375 0.5859375 0.046875 0.05546875
1 0.3140625 0.69453125 0.0453125 0.06796875
1 0.36875 0.74296875 0.06328125 0.08984375
1 0.56640625 0.71484375 0.0359375 0.08515625
1 0.62109375 0.6515625 0.0359375 0.06484375
1 0.38671875 0.43046875 0.0515625 0.05078125
1 0.43359375 0.41640625 0.0359375 0.03671875
1 0.63203125 0.4265625 0.0359375 0.04921875
1 0.60078125 0.27421875 0.02578125 0.059375
1 0.6359375 0.18203125 0.05234375 0.0609375
1 0.6984375 0.27109375 0.03984375 0.04296875
1 0.7390625 0.41015625 0.065625 0.0796875
1 0.55 0.4421875 0.0359375 0.09375
5 0.5140625 0.52265625 0.90546875 0.88125
0 0.46796875 0.49453125 0.09921875 0.1171875
0 0.5265625 0.44375 0.0453125 0.05625
0 0.61171875 0.403125 0.15234375 0.1359375
0 0.571875 0.48984375 0.0828125 0.0453125