5 0.5 0.5 1 1
6 0.23902990341186198 0.3932254993808274 0.14990236282348768 0.1802783130679506
6 0.21064225609237522 0.6779108684874153 0.14521486282348767 0.18005998924663302
6 0.4339544399364558 0.18274811001035993 0.11520008035608367 0.15992727171162172
6 0.4648872455390684 0.46779304404692523 0.14058190990138844 0.18296666542531542
6 0.4207888234628154 0.7133987965281245 0.14351599512873606 0.17217471463952716
6 0.6653394387219351 0.6114573451231637 0.124684174511885 0.16661391935425698
6 0.6362436428585552 0.1764487983901514 0.07742734496658024 0.14255568114108116
6 0.6683043461876915 0.3521551197302696 0.13063416558343127 0.14971751778268033
6 0.8155418104738766 0.4139915320552131 0.11977848620028234 0.15389559553293922
6 0.8037161461082614 0.5995480423942954 0.12254893019392768 0.13372864474715093
0 0.7759043863657333 0.2698626964470713 0.16749896590774274 0.20451633374611503
0 0.8724331440796664 0.6876794350745318 0.23462401055001153 0.29351036724456103
0 0.642706913561427 0.8794817531048811 0.2248750892845374 0.18220899420903186
0 0.5467544488649095 0.1603208382987382 0.15795241639421018 0.28369441149637403
0 0.561407689532714 0.48359351840636206 0.15912517856907477 0.35088191149637404
0 0.2565195921305018 0.5539981794884513 0.15168305113509045 0.1928510876750565