4 0.11952684871137605 0.5326281106841345 0.2390536974227521 0.4087515533834914
4 0.155126834012055 0.13237078410611952 0.2914040072360892 0.20521005931499045
4 0.42836194312733894 0.8821307035737718 0.2615394448207603 0.23573859285245646
4 0.5251793051792397 0.2719332801889679 0.17321392921692808 0.27055653361182797
4 0.655266359115284 0.777518729808407 0.1950269742194024 0.18101387254713258
4 0.7114709300098976 0.39226432072087797 0.134000943011738 0.20659219269935694
4 0.8874060724805526 0.9044154467280517 0.10161116689245624 0.1538200197716634
4 0.7994401622583588 0.6557776754735134 0.1319471200809595 0.19715352570316255
4 0.892174296134128 0.529591860264205 0.08410276232447203 0.11724584980971961
4 0.6639905789236723 0.07324772387690796 0.08451884215265544 0.09543451680591394
1 0.3235537709193575 0.5338244906456409 0.16606981456303557 0.22349053262324467
1 0.4124834741078608 0.4951705089344296 0.09109639077317429 0.1019391847906915
1 0.41294157677596577 0.33703967395345763 0.12341756784239592 0.0939011917107738
1 0.39955294267305375 0.039768084523861415 0.1243316146538925 0.051841025703162534
1 0.5901138291508149 0.49692796300249303 0.13894739258219674 0.15222302768032883
1 0.6618371794440707 0.18903189136739393 0.12826884215265544 0.09721719269935694
1 0.7717787454774442 0.15279991410480695 0.08608134215265544 0.09549818380210837
1 0.7794042169833132 0.052114164599098546 0.05056656603337366 0.04259867688202614
1 0.8586003940525349 0.06473618140501251 0.05467421189493038 0.06147601087441492
1 0.7862075791508149 0.5049181710248891 0.11437011646291495 0.09976918973360753
1 0.7856532219601543 0.7843974239906387 0.10745173111680746 0.1462621877564409
1 0.9668777250123719 0.4934898755872442 0.023663229307785017 0.09451400395433254
1 0.9282014908433467 0.9326969556253003 0.04282930913596843 0.07346667490485963
5 0.5 0.5 1 1