4 0.48359375 0.85625 0.359375 0.190625
4 0.08984375 0.765625 0.1796875 0.253125
4 0.8734375 0.5796875 0.22109375 0.20859375
4 0.28125 0.4234375 0.240625 0.1171875
4 0.78203125 0.35 0.14453125 0.15859375
4 0.4171875 0.25703125 0.18359375 0.0921875
4 0.93046875 0.1390625 0.1390625 0.06875
4 0.68125 0.19921875 0.1734375 0.0921875
4 0.5703125 0.096875 0.10234375 0.0609375
4 0.0734375 0.26796875 0.146875 0.059375
1 0.51015625 0.64375 0.19375 0.121875
1 0.4828125 0.5546875 0.084375 0.07109375
1 0.33046875 0.53828125 0.07109375 0.10625
1 0.02890625 0.52109375 0.05703125 0.11640625
1 0.5046875 0.38359375 0.12734375 0.1078125
1 0.21640625 0.284375 0.071875 0.109375
1 0.19375 0.175 0.0796875 0.065625
1 0.08984375 0.15625 0.05 0.0390625
1 0.109375 0.0796875 0.07265625 0.03984375
1 0.04375 0.025 0.06953125 0.03203125
1 0.53359375 0.19609375 0.0796875 0.0953125
1 0.80234375 0.225 0.12578125 0.0765625
1 0.90625 0.0296875 0.046875 0.034375
1 0.4546875 0.0078125 0.103125 0.015625
1 0.54453125 0.01171875 0.09140625 0.0234375
1 0.9 0.009375 0.0484375 0.01875
1 0.9625 0.103125 0.06640625 0.02578125
5 0.5 0.5 1 1