4 0.14860693861395696 0.3864994793125464 0.29068282805536105 0.41113968403881634
4 0.34524831799013683 0.07150173531986426 0.2970033640197263 0.1430034706397285
4 0.3135559452180508 0.8454552139560929 0.2688249147039983 0.2780908267027257
4 0.6324103212921838 0.29572519724700397 0.18283287070336202 0.2724033533577261
4 0.5670354812221869 0.8120410879217308 0.19747607869190792 0.18821016669318064
4 0.7592348086012303 0.4731314872295048 0.14144425469445315 0.2063056386855445
4 0.7347758698679606 0.9639746632320503 0.10219884667409058 0.05586928668045417
4 0.7435076218969139 0.7506206878978683 0.13822834802672618 0.19845677601845377
4 0.8749399825748224 0.6662900465468237 0.08886360001590816 0.118205654678545
4 0.8428403859802737 0.13548548921868708 0.09545904535327168 0.14796588001272667
1 0.3507683279360484 0.4669484059516386 0.1744749306969986 0.22543744668999893
1 0.4476796906031392 0.462696163271821 0.09336928668045381 0.10263519867918128
1 0.5056387359564111 0.315166635264185 0.12616360534690846 0.1014545066836356
1 0.6035062606620002 0.03122962929663805 0.12736247867599956 0.0624592585932761
1 0.6093978932606852 0.5279928045830948 0.14244313335454456 0.15788632001909003
1 0.7881972446292289 0.2665724045592322 0.1292886053469086 0.10149086935072642
1 0.9021779286282744 0.27227641721041473 0.087046561346272 0.09631247334499946
1 0.9494171026416375 0.17330256787082413 0.05383407200827221 0.06155566534054513
1 0.786613826583413 0.604045132558914 0.11526246801399935 0.10445223734881744
1 0.6843769752148691 0.8645746472390498 0.11106586401972632 0.14658519334818115
1 0.9601689579090043 0.659049163868597 0.03232269867918127 0.09255112667090906
5 0.5 0.5 1 1