5 0.49296875 0.50390625 0.9765625 0.9765625
6 0.37265625 0.73671875 0.153125 0.125
6 0.6375 0.78203125 0.153125 0.1203125
6 0.19921875 0.540625 0.1390625 0.09296875
6 0.471875 0.53046875 0.15703125 0.11640625
6 0.696875 0.5875 0.1453125 0.1203125
6 0.63203125 0.3515625 0.14296875 0.10234375
6 0.21875 0.35078125 0.12578125 0.06015625
6 0.38828125 0.33203125 0.12578125 0.11015625
6 0.46484375 0.1984375 0.13125 0.10078125
6 0.63828125 0.221875 0.1125 0.1046875
0 0.32421875 0.2265625 0.17421875 0.13984375
0 0.73203125 0.14453125 0.24765625 0.2359375
0 0.896875 0.39140625 0.17421875 0.196875
0 0.1921875 0.43359375 0.25 0.1234375
0 0.4984375 0.440625 0.31484375 0.1171875
0 0.52734375 0.7296875 0.165625 0.12734375