0 0.6006812085633323 0.8387327086155703 0.4130816393503672 0.3225345827688596
0 0.5167137900500125 0.1448686804601235 0.2928025801000249 0.2509228493887446
0 0.2204682420159342 0.39222287878738676 0.21783602084968248 0.14090604025277598
0 0.2819860667056827 0.5225964535271876 0.09993311850068469 0.217413229307785
0 0.8247455312080169 0.7047128284693871 0.17542120031656908 0.13088258706427264
0 0.9920440621533363 0.5719423513093085 0.01591187569332746 0.09530585594746518
0 0.9544604602791921 0.5515988738105457 0.08676787727617352 0.1402775192218769
5 0.5 0.5 1 1
6 0.5753065062016992 0.4428015694242756 0.3562526293212372 0.4477026741285453
6 0.7888344264308788 0.823289172319523 0.3605931368430847 0.35342165536095393
6 0.9305670045523465 0.7577293651041185 0.138865990895307 0.3393568283578453
6 0.8640625 0.26062199174379863 0.271875 0.44492515490666856