5 0.5 0.5 1 1
6 0.44370340739305936 0.7570251421779188 0.17776423111680745 0.14317834913967822
6 0.7214532711424408 0.7780723986208266 0.17760045680654796 0.1400533491396782
6 0.2379060295101838 0.5730097322424108 0.15729460085908267 0.11025676483072289
6 0.5157510685197644 0.5362263079671592 0.1789172953411587 0.13537493949875792
6 0.7552163602428784 0.5723445733870574 0.1681435696514182 0.13843630698520074
6 0.654570149818286 0.33692067867505576 0.16247342378986113 0.11965903590796181
6 0.23149449796383506 0.37611200634471176 0.13822369629109837 0.07421927088084708
6 0.40152703697341563 0.3399558168459539 0.1455315852552504 0.124246541958086
6 0.46113997512391364 0.1950336814055303 0.14816526232447186 0.11488972267624523
6 0.6420591044771273 0.20257749493183447 0.13114153663473155 0.1179147287263694
0 0.32112248473485205 0.2372671540817755 0.2021024898232347 0.16050220452587255
0 0.727685665987945 0.12408589803165129 0.28974633197589006 0.24817179606330259
0 0.9131711256215977 0.3525446369133615 0.1736577487568045 0.2182601623713949
0 0.2165079850735363 0.4629443858332071 0.27661116689245613 0.15156354176169415
0 0.5302872020568495 0.44080017847866404 0.34223616689245623 0.15194533684303818
0 0.6012326243763726 0.7357899707313377 0.19042800542706698 0.14637607201231528