0 0.18490642325750348 0.5675086393704676 0.33870215738381587 0.38744876592065347
0 0.8721797039306395 0.5518368291934919 0.24684082670272572 0.2769778387085138
0 0.6223818879694559 0.25410984284234295 0.12104084802672599 0.20240587014004516
0 0.5030409946292289 0.29936022270229784 0.19940111067790872 0.09205487510244392
0 0.3448883085614594 0.7914834485094767 0.1127919960216353 0.16454199710451575
0 0.4739292765356879 0.975068582298373 0.0930056600095451 0.04986283540325402
0 0.4910536892107329 0.9264856488809802 0.1274533853437269 0.08245724317557475
5 0.5 0.5 1 1
6 0.5833984672581398 0.5813786641824612 0.4020919480426343 0.33262002481199354
6 0.19921272923300465 0.748741522745079 0.3772555800445434 0.3455181310982999
6 0.29804857654364203 0.9098159557481871 0.31311926002545337 0.18036808850362576
6 0.7737485578851416 0.8702398411897132 0.4358851453691802 0.2595203176205736