2 0.5063114314454437 0.7821178811182732 0.12950094655564542 0.16196792093374804
2 0.48160826279910973 0.9905549234939967 0.10747753087881229 0.01889015301200665
2 0.35338735675569516 0.6460831286286116 0.10970527210332381 0.12493835779368574
2 0.1282295470431344 0.8419893499011779 0.10295516693047428 0.10738683674699842
2 0.09001048152458593 0.7882882262518895 0.08071645407749281 0.09361276308359248
2 0.14930761051661884 0.6014399446112713 0.07428459765100208 0.08699874203690498
2 0.14230613809672593 0.3608149446112713 0.08678459765100213 0.08772678413027987
2 0.10435281169111779 0.5574855472844595 0.058341348904643334 0.07515118942018653
2 0.27617135807584337 0.16349116553090176 0.09536998746358769 0.11474431043863911
2 0.602918063011266 0.10842902311282598 0.11806334138279588 0.14414338410204497
2 0.385455429862598 0.16673653384793116 0.0876029515702104 0.11585178413027983
5 0.5 0.5 1 1