5 0.49609375 0.503125 0.9734375 0.91015625
0 0.50078125 0.32109375 0.17578125 0.134375
0 0.26796875 0.30078125 0.1515625 0.11171875
0 0.6328125 0.36015625 0.0375 0.0609375
0 0.6375 0.428125 0.02890625 0.08203125
0 0.534375 0.4375 0.03828125 0.03828125
0 0.4859375 0.4578125 0.0828125 0.040625
0 0.31171875 0.62578125 0.17109375 0.103125
0 0.4546875 0.7015625 0.1015625 0.23046875
0 0.56953125 0.73203125 0.05078125 0.07890625
0 0.78125 0.7265625 0.16484375 0.07890625
0 0.76640625 0.65625 0.14140625 0.078125
0 0.31640625 0.4765625 0.26953125 0.1875