5 0.5 0.5 1 1
0 0.5091087751824555 0.6962728917501424 0.21824198165323577 0.1900997124710205
0 0.761629787184508 0.6555219218647481 0.1883908551898026 0.16076503954332697
0 0.3607394528755526 0.6906025063886096 0.05354315651766246 0.07403967787060921
0 0.3400593142136752 0.6203682608372338 0.050554511903856715 0.09734984387822046
0 0.44806725693388694 0.5823814880998208 0.04871930113146803 0.05041117688202625
0 0.4951286092950191 0.5484402282139891 0.0987920240041051 0.06494852076024671
0 0.6432717143866258 0.3244867805717163 0.20398858411256385 0.15671420950527093
0 0.47480351551809397 0.2829253161607106 0.16092945140261464 0.273681533611828
0 0.34671033177487265 0.2826772598486507 0.07242951190385671 0.09824118182494201
0 0.12296375956616563 0.3449066403044487 0.19445904800821018 0.1297697075281045
0 0.15301889822804302 0.41475888387865806 0.16942268657189175 0.12250103558899425
0 0.6712507477605048 0.4826839411421201 0.33119649960721664 0.2728087361970166