5 0.5 0.5 1 1
0 0.6698121140148452 0.5193712352403225 0.16831940564770315 0.2018908586887262
0 0.7275721043814267 0.2789365919000955 0.14093855172849495 0.1734567760184537
0 0.6081351649519172 0.6528564445815039 0.06859688730530315 0.049219297342454026
0 0.5371550752184738 0.6497774452578217 0.09185253087881229 0.04324201734563573
0 0.5434398306287502 0.5411473325907308 0.04663095909205772 0.045839758672817865
0 0.5301418602539214 0.4881950552594125 0.05736988229073816 0.09282384667409058
0 0.38292719411487 0.2868518259468661 0.13527958511458973 0.19369655068427197
0 0.28200588862545134 0.4270415686266837 0.2570349131695505 0.13732037603436212
0 0.23176654473537295 0.543212008633047 0.09088106426490725 0.06353633601209037
0 0.20499814159495222 0.7653233659691377 0.10844430047485369 0.18401246801399934
0 0.27939874802144293 0.7582097526257291 0.10307483887551347 0.16052042401336308
0 0.5369327325155298 0.30848937392586706 0.23859846489804556 0.3089226560311804