2 0.554588395630465 0.7455202541809718 0.1319643065307547 0.15763327488562506
2 0.5944222550637774 0.9682122185617704 0.10912202885594055 0.04000936379145834
2 0.3728175512580951 0.6676530933711456 0.1119593413771451 0.12125936379145834
2 0.21727691250550607 0.9378961242406942 0.10516370435383644 0.10548889342673604
2 0.16510428809606922 0.8992343209540625 0.08123513103285881 0.0908808795590275
2 0.1681945386442234 0.6966541816113887 0.0747668762235354 0.08448540919430556
2 0.09365829699692589 0.4653873042365625 0.08726687622353535 0.08477634992375016
2 0.11333342385343344 0.670565113507118 0.058759930307219356 0.07318423328249998
2 0.16351689609380124 0.2268501746775346 0.09600695916315986 0.11152068787965286
2 0.4547172710513922 0.06336824971565955 0.11880954210278442 0.1267364994313191
2 0.2670585583448533 0.19160104606843728 0.08830358656782167 0.11446384992375007
5 0.5 0.5 1 1