5 0.5171875 0.5005001051728495 0.965625 0.9989997896543009
4 0.5371745256649966 0.9173779974262105 0.11544129353213642 0.08916545157021041
4 0.8435750118701867 0.9761954047897735 0.13641553482570892 0.047609190420453015
4 0.7247973563976912 0.9251774402209323 0.13501016508343397 0.10533602084968266
4 0.5917082174335391 0.8713811873179385 0.14109639077317446 0.10239287727617352
4 0.5164349004956545 0.8044460884132951 0.11288950361804453 0.10001202335696498
4 0.6246601582975705 0.8005745938235714 0.11765889077317446 0.10171091567683313
4 0.5936724298942966 0.7302477219576745 0.13139384215265543 0.09587009263643723
4 0.9154046670039978 0.8261956856020788 0.11075379353213641 0.08902905925034225
4 0.8246125706674711 0.835254785364652 0.1380532779283044 0.10386444906292809
4 0.7434953674789677 0.7907713479802064 0.11486808344622794 0.07822795157021041
4 0.8309201243763725 0.7621128020576993 0.11576884215265544 0.0954154515702104
4 0.9073254941186478 0.7315735073888334 0.10951884215265544 0.09523359514371954
4 0.8479671042499847 0.6557407816037282 0.10401247060135788 0.07947220282385174
4 0.7990249932141367 0.7042404660851798 0.11264384215265544 0.09532452335696498
4 0.7021024055840371 0.7302824773679508 0.11264384215265544 0.09532452335696498
4 0.6440475661449152 0.709091787476223 0.05171298620519007 0.06390938730530316
4 0.40137870929293873 0.6482067971096415 0.10935506784239593 0.09210859514371954
4 0.23461393317365697 0.5918705659142599 0.1234994549975256 0.09408027210332363
4 0.13466816485629124 0.5304580413036536 0.08805992198083885 0.07276756175762493
4 0.23641104929788756 0.4624331185006846 0.13665455223856354 0.1069439849563052
4 0.43824022218323755 0.5626928459351423 0.08394563206674714 0.08356866943775679
4 0.5004912386915809 0.5746449281467383 0.07046298620519025 0.0644549565847754
4 0.4878883401164904 0.48301135761362496 0.0746525192218769 0.08485838479802066
4 0.5320953635222387 0.4632360667056827 0.07276247060135788 0.07856292069139795
4 0.5867828635222387 0.46482731043747655 0.04439180913596861 0.07305706677218975
4 0.6266675570998037 0.46676789515635486 0.07785940637700665 0.08651181301126591
4 0.7224271144267499 0.4929559736070271 0.09250176051544959 0.06821645407749273
4 0.7061270850281078 0.5689274402209323 0.09488313206674714 0.08388691818411545
4 0.8196506744672296 0.5917321058977653 0.09291119629109837 0.07602895407749273
4 0.7752931648562913 0.549098325018953 0.1022043091359686 0.07473923871722903
4 0.8330027662812007 0.4595106392838602 0.10762879353213642 0.08893813103709683
4 0.8490648575293449 0.5278431021368416 0.05064180913596843 0.07323892319868044
4 0.8048678002023987 0.5031553392047179 0.08238977611928178 0.05388116943775678
4 0.6254082722740947 0.3980860913162889 0.096773180687266 0.09018238229073816
4 0.547361837402957 0.4121964039318436 0.08691350180902227 0.05089256175762476
4 0.4725698773170487 0.3990993588672662 0.07054487336031982 0.06601745658477523
4 0.39951083559393463 0.3595307420159342 0.11149742198083885 0.07344952335696497
4 0.35556608378491233 0.3098884431904331 0.11708568068726607 0.09077341567683303
4 0.38427758197589 0.26236022532288683 0.1147043091359686 0.07510295157021041
4 0.47391993611433303 0.24624714350700225 0.10195864767057934 0.07005173871722885
4 0.5479549796464693 0.33420779625171154 0.07572369629109836 0.07552884890464337
4 0.47476314111185863 0.33675848324044555 0.11404256784239593 0.0922449874635877
4 0.2537026113745322 0.18211513268644958 0.08633364767057934 0.06959709765100212
4 0.934752294775332 0.3618436805875138 0.11675148801421216 0.11416545157021041
4 0.7986510204650722 0.35476330331134054 0.10023237336031983 0.06688127461060622
4 0.8246469544316988 0.31495665723054883 0.11076043758467122 0.059387023356964976
4 0.7134228493887446 0.3062599556603384 0.08822369629109836 0.07589256175762475
4 0.654000261758645 0.3333931055020539 0.07136374491161739 0.08164245658477531
4 0.7784846053816384 0.2527688942984251 0.10088747060135787 0.07938127461060622
4 0.7803945861597615 0.1701382507249158 0.08633364767057934 0.06959709765100208
4 0.7855700870642727 0.19447066099147253 0.0979328889641522 0.05277331050398355
4 0.7554897614199607 0.11168925323219829 0.09463747060135788 0.07919941818411554
4 0.5923446302577248 0.04999793230337347 0.08748671189493056 0.06183006175762479
4 0.5270471788782438 0.054338439825220866 0.08805992198083885 0.0727675617576248
4 0.5570146398686633 0.09031304374442913 0.09357293758467104 0.05888691818411549
4 0.558355811849502 0.16055734758449508 0.10812676051544941 0.06867109514371963
4 0.6009151260738533 0.15399511051661882 0.07498671189493056 0.06146634890464333
4 0.45589255314307475 0.14041468065402082 0.0530298247398008 0.05926735141192578
4 0.46541803934826487 0.20309653708051156 0.11273237336031983 0.06724498746358769
4 0.41458920171816527 0.2304797395086517 0.06741987336031982 0.06592652837152997
4 0.42758276741285456 0.0467639690546806 0.08025406603337348 0.04289820533113405
4 0.6943408994796016 0.13565193896729105 0.06963747060135787 0.07847199247815259
4 0.6713061912027156 0.17242451326132816 0.10524742198083885 0.07326766693047429
4 0.6793986521931351 0.2077626196878189 0.08616987336031982 0.06647209765100204
4 0.3118304511523384 0.4279648417785074 0.09998671189493055 0.06219377461060631
4 0.3067987924004826 0.49568353919208263 0.08805992198083885 0.07276756175762493
5 0.4043819578226008 0.8245874406831508 0.003206887155129756 0.0016534282132454337