5 0.5001227198475748 0.5094561208222218 0.9997545603048502 0.9810877583555564
1 0.15023791197861142 0.4403132626334374 0.047111349336070064 0.041716027735416716
1 0.24342937577606208 0.4764306409581943 0.05811248184962743 0.052908100873680655
1 0.22719584259857478 0.50650000066559 0.048601126463433175 0.02925239532659738
1 0.178967420857406 0.5435648959921873 0.03144089754067201 0.03353985182361115
1 0.10417195393669743 0.5804667903688541 0.058085210772388506 0.04822060087368065
1 0.05121058040013053 0.6098282884689931 0.039307939695149674 0.04309668977951393
1 0.09371624296791714 0.6635338635071181 0.040788626463433134 0.029070557370694416
1 0.195710535024199 0.7353887200803818 0.037627265027114644 0.022747822188333443
1 0.31967073067127705 0.8223594303771178 0.047102258976990455 0.040153527735416715
1 0.2987542426733295 0.8533191428580553 0.04713862041330898 0.046403527735416714
1 0.4958837727275588 0.8924868263693051 0.04555793969514958 0.043242160144236055
1 0.4892928842620732 0.8340385467340274 0.03135908430895533 0.019477351823611145
1 0.4870167910743232 0.711418664325208 0.03145907825883114 0.03666485182361114
3 0.6335640172666098 0.5173569269586453 0.06914088544042371 0.06878767401194459
3 0.6430309626191002 0.8015500890027425 0.04561248184962743 0.05261716014423605
3 0.48407762255460823 0.6091294657119788 0.07846134328594587 0.05963087955902786