0 0.53515625 0.83515625 0.10546875 0.15859375
5 0.4921875 0.690625 0.625 0.61875
0 0.2765625 0.5078125 0.06875 0.05859375
0 0.3359375 0.55234375 0.04296875 0.08203125
0 0.32890625 0.68125 0.0375 0.096875
0 0.3515625 0.6734375 0.03515625 0.0390625
0 0.40859375 0.790625 0.0390625 0.0265625
0 0.6109375 0.78515625 0.08203125 0.07421875
0 0.47265625 0.4625 0.01953125 0.03125
0 0.38359375 0.50703125 0.05234375 0.0578125
0 0.5703125 0.528125 0.109375 0.06015625
0 0.53203125 0.47890625 0.02890625 0.028125
0 0.65546875 0.496875 0.0453125 0.02109375
0 0.7109375 0.640625 0.13671875 0.109375
0 0.67734375 0.7765625 0.01171875 0.0171875
0 0.68515625 0.73125 0.0234375 0.05546875
0 0.6375 0.67734375 0.05234375 0.034375
0 0.50078125 0.70234375 0.06015625 0.0421875
0 0.44765625 0.496875 0.0625 0.13125
0 0.34296875 0.85078125 0.08359375 0.08125