5 0.52890625 0.49453125 0.828125 0.94375
4 0.53125 0.86796875 0.0953125 0.065625
4 0.82421875 0.89921875 0.11328125 0.08125
4 0.7046875 0.8421875 0.11015625 0.07890625
4 0.57734375 0.815625 0.1171875 0.07421875
4 0.5015625 0.76640625 0.0890625 0.07734375
4 0.60078125 0.74375 0.09375 0.07890625
4 0.56484375 0.6828125 0.109375 0.06953125
4 0.87109375 0.71796875 0.090625 0.06796875
4 0.78828125 0.74140625 0.1140625 0.07578125
4 0.709375 0.7140625 0.096875 0.05546875
4 0.78671875 0.671875 0.09375 0.07421875
4 0.85546875 0.63046875 0.0875 0.07265625
4 0.7921875 0.56953125 0.084375 0.05859375
4 0.7515625 0.62265625 0.09140625 0.07265625
4 0.665625 0.66484375 0.09140625 0.07421875
4 0.609375 0.6546875 0.03828125 0.0515625
4 0.3796875 0.63984375 0.08671875 0.06953125
4 0.2203125 0.61640625 0.10078125 0.07109375
4 0.121875 0.57578125 0.071875 0.05625
4 0.209375 0.49453125 0.1109375 0.08046875
4 0.40546875 0.55390625 0.0640625 0.06796875
4 0.46328125 0.55390625 0.05546875 0.04921875
4 0.44375 0.47109375 0.05546875 0.07109375
4 0.48203125 0.44375 0.0546875 0.0640625
4 0.5328125 0.4359375 0.0296875 0.0625
4 0.56875 0.43046875 0.059375 0.0703125
4 0.66015625 0.4390625 0.07734375 0.04921875
4 0.653125 0.51328125 0.07578125 0.06484375
4 0.759375 0.51484375 0.0765625 0.05703125
4 0.715625 0.4828125 0.084375 0.05390625
4 0.75859375 0.38828125 0.08671875 0.0671875
4 0.78046875 0.44921875 0.034375 0.06328125
4 0.73828125 0.434375 0.06953125 0.0375
4 0.56171875 0.3671875 0.075 0.0703125
4 0.490625 0.39375 0.075 0.03359375
4 0.42109375 0.39453125 0.05546875 0.0515625
4 0.3484375 0.36953125 0.09296875 0.0515625
4 0.303125 0.33125 0.09609375 0.0671875
4 0.32578125 0.2828125 0.096875 0.0515625
4 0.40625 0.2515625 0.084375 0.04921875
4 0.48359375 0.32109375 0.0578125 0.06015625
4 0.415625 0.33515625 0.0921875 0.0703125
4 0.19765625 0.2296875 0.0703125 0.05234375
4 0.84296875 0.2796875 0.090625 0.08984375
4 0.7171875 0.29609375 0.08515625 0.046875
4 0.73671875 0.2546875 0.096875 0.03828125
4 0.63359375 0.265625 0.0703125 0.059375
4 0.58125 0.3015625 0.053125 0.06796875
4 0.68828125 0.2046875 0.08203125 0.06015625
4 0.68203125 0.12734375 0.07109375 0.053125
4 0.6890625 0.1484375 0.0859375 0.03359375
4 0.653125 0.0765625 0.0765625 0.06015625
4 0.496875 0.04609375 0.0734375 0.04765625
4 0.43671875 0.0625 0.071875 0.05625
4 0.46796875 0.09140625 0.08046875 0.04140625
4 0.4765625 0.15625 0.0921875 0.0484375
4 0.51484375 0.14296875 0.0609375 0.046875
4 0.3796875 0.15546875 0.03984375 0.0484375
4 0.39453125 0.2125 0.096875 0.0453125
4 0.35 0.246875 0.05234375 0.053125
4 0.34453125 0.07265625 0.06953125 0.028125
4 0.59921875 0.109375 0.053125 0.0640625
4 0.58125 0.14765625 0.0890625 0.0515625
4 0.59296875 0.1796875 0.0703125 0.04921875
4 0.275 0.44921875 0.08359375 0.0421875
4 0.2765625 0.5140625 0.071875 0.05546875
5 0.39921875 0.8046875 0.00234375 0.0015625