5 0.5 0.5 1 1
3 0.4660131619589564 0.2804749805646899 0.06366360534690844 0.10291098428423436
3 0.37363475795672924 0.30117493238393545 0.09738517202418073 0.1825642510334573
3 0.31593769991250403 0.6294669063290875 0.2212408426957259 0.22425094499482015
3 0.3491934532145509 0.8582618403656529 0.17650905068427186 0.13783825599585597
3 0.33990628998250083 0.11300499834737017 0.07785337468172653 0.11450345574818703
3 0.2629261666534097 0.0853573413991101 0.1252192706874536 0.15887419396136274
3 0.6421869526575459 0.0388526186945577 0.09464088534372675 0.0777052373891154
3 0.6285971673297274 0.01079183498896931 0.10519657733927232 0.02158366997793862
3 0.5590199166534097 0.07156655335255013 0.07193063868554468 0.14233735731976357
3 0.6090648226448192 0.13248262862160975 0.15499767735518083 0.16806941149637403
3 0.4889517699713649 0.18804988606520784 0.12187609468490823 0.13997864474715102