5 0.499836358766298 0.4457985141192579 0.999672717532596 0.8540970282385159
0 0.3939514082831259 0.582064971561963 0.17378414772652384 0.11437605172849494
0 0.18346174188562042 0.37114888895465575 0.19291597727182858 0.1367966210079672
0 0.40838960389832935 0.3370479882550105 0.10731366801906325 0.06402905925034234
0 0.4029908120954344 0.1985394177218971 0.12151253571381489 0.07225073620994645
0 0.6741707422926575 0.559734296647423 0.23082508035608368 0.16132525956691152
0 0.9084071948077199 0.39536923442757976 0.1599125624991764 0.12490437476889076
0 0.9136283031669805 0.2305936805875138 0.12082278896022558 0.12220527210332381
0 0.7935652191574489 0.25758442643087875 0.0994466209411625 0.060676738717228854
0 0.6271083762194636 0.30042148112887446 0.15489778003177204 0.10601798244902269
0 0.6522135162353496 0.25034492478152603 0.16548072402541755 0.08602373119538154
0 0.7160635564133915 0.17481973904643333 0.17521028003177203 0.10660901583511762