0 0.8187183668806775 0.35625 0.19475121266133186 0.146875
5 0.6362647824674041 0.4359375 0.7274704350651918 0.796875
0 0.5380543425276529 0.703125 0.07806254464226861 0.0859375
0 0.570366236196987 0.6296875 0.09643071509696384 0.0640625
0 0.7067167934211575 0.60859375 0.11200116801906326 0.0609375
0 0.6938349638758526 0.58671875 0.04922843262955982 0.0453125
0 0.8024775324641087 0.5 0.03675570616851047 0.046875
0 0.7479598076279123 0.2859375 0.10023755357072232 0.103125
0 0.442416739850435 0.50546875 0.03799092370110611 0.028125
0 0.511063374184278 0.5890625 0.07463753571381489 0.06875
0 0.4880138376596843 0.3875 0.09132620373287814 0.1296875
0 0.44516386444504547 0.4390625 0.038154564934808025 0.0375
0 0.4342245900953163 0.3046875 0.033712526785361165 0.0515625
0 0.5717052248361967 0.2140625 0.14982054220663663 0.16875
0 0.7225682954530476 0.21875 0.02058523538950343 0.015625
0 0.672595568991998 0.2203125 0.06315456493480802 0.0375
0 0.6283740105500115 0.2828125 0.049528441558013545 0.0625
0 0.6878326055165918 0.421875 0.05909435633066593 0.0734375
0 0.48493152231783904 0.52421875 0.1532261858759707 0.0953125
0 0.8823383563273708 0.5546875 0.10654210064862327 0.10625