5 0.5 0.5 1 1
3 0.5655797648917054 0.7159145154179802 0.06261562406898662 0.10413412094116267
3 0.6509393761404103 0.6626725129823482 0.0945976782455972 0.1874375446422686
3 0.5863354904894873 0.32064292572640574 0.2302098465663967 0.21634556899199797
3 0.4640924251452251 0.10818206168510199 0.1855094685684687 0.1281364569792891
3 0.757069443965872 0.8349759813257229 0.08031254631872749 0.11537162986961605
3 0.8462047185729779 0.8349680730458925 0.12922523531769164 0.1599398360381265
3 0.47684463482686273 0.987766601459402 0.09059076674922295 0.024466797081196034
3 0.5512303587720149 0.938132817165274 0.0652697431755744 0.12373436566945202
3 0.4775403016999203 0.910630951700988 0.16211050992479753 0.16207508035608384
3 0.5774739892511422 0.8130758875769588 0.12351889081820958 0.13798301542127547