0 0.5436865008579298 0.17604627450437543 0.14589883636823106 0.1845230832062501
5 0.5476967362764535 0.36063948005145885 0.779606527447093 0.7129871493137506
0 0.7137750626820616 0.5638586650813201 0.08182431301126591 0.07529224715020852
0 0.6662384846271008 0.5049005859591326 0.06361988229073816 0.09360583605604163
0 0.7058358452102267 0.3799557905562853 0.06242109514371954 0.10606946846486114
0 0.6823528811036039 0.380972776688577 0.04515938730530315 0.049455792553055565
0 0.6564161698999751 0.2513755424561464 0.04631271034569906 0.03542966014423614
0 0.45525448667216484 0.2060409393982643 0.10111988229073816 0.09447865824437507
0 0.5083063126820615 0.5590763268410768 0.02600021034569906 0.034956881458888846
0 0.6074485063347131 0.5371487350854519 0.06767088479802048 0.07183993882958326
0 0.42960230265293176 0.4696852120996879 0.12437552586424747 0.08877417211208342
0 0.45370138070789257 0.5280977773541671 0.03693771034569906 0.03521145459715278
0 0.33787780390657296 0.4784952080156253 0.04934678213245362 0.032377395326597204
0 0.3205037504622184 0.3232985617390975 0.1649838054894186 0.14280836189159735
0 0.38746759309865564 0.19820894918191004 0.016216033386094786 0.020676175911805574
0 0.3682485801665319 0.24075947188333363 0.03927310015828454 0.06181032218833336
0 0.4015408017950019 0.3056402426848962 0.06225595909205772 0.04673083605604171
0 0.5427651953685112 0.3151815096867366 0.07194920783841656 0.05788654160312508
0 0.5427411486545812 0.5309519800514588 0.09480769780928675 0.1458593202884723
0 0.7365954148854102 0.2094621058107645 0.10442673871722903 0.10080139342673622