5 0.49921875 0.52109375 0.9859375 0.92578125
4 0.42265625 0.7953125 0.17734375 0.2
4 0.6421875 0.73515625 0.1875 0.15703125
4 0.7625 0.60625 0.1703125 0.17734375
4 0.8234375 0.42265625 0.15859375 0.1390625
4 0.5875 0.2265625 0.171875 0.125
4 0.52265625 0.57265625 0.16640625 0.18359375
4 0.6203125 0.49296875 0.18984375 0.14921875
4 0.5390625 0.35234375 0.16015625 0.15
4 0.37421875 0.38203125 0.18125 0.128125
4 0.33515625 0.52265625 0.1734375 0.14765625
4 0.225 0.64375 0.15234375 0.14609375
4 0.16640625 0.50234375 0.16015625 0.1328125
4 0.21171875 0.3578125 0.18125 0.15625
4 0.76953125 0.26875 0.15234375 0.14375
4 0.38203125 0.23359375 0.15859375 0.13125