5 0.5779912175358912 0.4954552628902988 0.8440175649282177 0.9909105257805976
0 0.4497219415613089 0.3947980071245476 0.11393758928453739 0.17768898801421243
0 0.6558703502448813 0.1662248705352447 0.13616714529089186 0.19914790818602893
0 0.6957065974055074 0.38815078019161164 0.06435460064862326 0.10952548620519006
0 0.8333838754086849 0.3707884605401935 0.07243983603812651 0.12555992198083885
0 0.4807911148586732 0.6718208525565632 0.16182171022569988 0.23795810266810485
0 0.6511642958666753 0.8830029347595959 0.12435689204448082 0.14857469810012064
0 0.8152267958666751 0.8744047834709721 0.11896028003177221 0.10770403663473153
0 0.7867081039016245 0.7642828329960022 0.06112050649282175 0.10311171189493074
0 0.7388042122608854 0.6021004155377192 0.10738758035608367 0.16017393939369348
0 0.7891627224071552 0.6236578329960022 0.08723872158978559 0.16848440637700665
0 0.8662240543880919 0.6805009752395146 0.10774213636243815 0.1804864393936935