5 0.51328125 0.48359375 0.97265625 0.85
1 0.7921875 0.6125 0.04140625 0.03359375
1 0.71015625 0.56875 0.0484375 0.04296875
1 0.72890625 0.5421875 0.04296875 0.02109375
1 0.7765625 0.5140625 0.025 0.02734375
1 0.8484375 0.48828125 0.0484375 0.0390625
1 0.9015625 0.4671875 0.03359375 0.0359375
1 0.8671875 0.4125 0.03515625 0.0234375
1 0.78046875 0.33359375 0.03359375 0.01875
1 0.675 0.2390625 0.04140625 0.03203125
1 0.69765625 0.21171875 0.0390625 0.0375
1 0.51953125 0.15234375 0.0390625 0.03515625
1 0.51953125 0.20703125 0.02734375 0.015625
1 0.50859375 0.321875 0.025 0.03046875
3 0.35390625 0.48359375 0.05859375 0.05625
3 0.37421875 0.21953125 0.0375 0.04375
3 0.50078125 0.41640625 0.06875 0.046875