5 0.48671875 0.5 0.9734375 1
1 0.5565669340857401 0.21045153007636014 0.04203438730530316 0.048910214672181596
1 0.5186828376883792 0.3037924500715876 0.054807171945039104 0.058430665340545127
1 0.48869146080791737 0.2870316640674514 0.031142351411925874 0.050345445337363515
1 0.4533366340065978 0.2397294027291335 0.03372178213245362 0.03163180800445433
1 0.4187546970178639 0.16586464139081553 0.0501196719450391 0.05837612133990877
1 0.39141695869634635 0.11162203672022482 0.04493206677218966 0.041134077339272455
1 0.3354564637109113 0.15473569004613424 0.03086956677218975 0.04097044533736342
1 0.25982231472712564 0.25623400803627105 0.024528638558944316 0.0377727200031817
1 0.16946643619731117 0.38022494402449886 0.040426423198680436 0.04732953333863606
1 0.138807469583406 0.35954881735359 0.04667642319868044 0.04740225867281787
1 0.09243126009563685 0.5567323526814084 0.04355142319868044 0.04736589600572696
1 0.15047108062875028 0.5495925620225899 0.019659282132453625 0.03146817600254544
1 0.2747807588419956 0.5479129780394528 0.036846782132453626 0.03166817067154533
3 0.46278556103270896 0.6938992820655424 0.07075042069139795 0.06954997867599957
3 0.17880536612641618 0.7038806200270442 0.05288095909205772 0.045912484006999675
3 0.37647965116186366 0.5444072647199066 0.06013116943775678 0.08036020934118149