5 0.5 0.5 1 1
4 0.8117129178088017 0.6707863145049391 0.24867823663405914 0.22698911905195923
4 0.7882243969738759 0.4415254004397885 0.20805323663405878 0.22557046279135698
4 0.6804511523767222 0.2911856053417792 0.2246036998023559 0.2152331635169964
4 0.5089563129988879 0.18462060289470844 0.18270462613895014 0.19193950725639414
4 0.2736921891378379 0.3619643197775987 0.1723131577089811 0.20093256134007814
4 0.6061924179499762 0.5154737880112512 0.22910918927901208 0.21227185462398895
4 0.5441257864787671 0.4002555265785059 0.2018032366340588 0.22535220798203354
4 0.3914326969597585 0.44248268819658565 0.19547764192396552 0.1970635168750409
4 0.39262201258948226 0.6101513378337661 0.17763769454068407 0.21203375244707062
4 0.5256690019955513 0.6857465932760617 0.19620568401734034 0.20956351687504088
4 0.6265097071301664 0.8241493835647475 0.1887726156156063 0.18903276206571745
4 0.47640329131691594 0.8438567044386545 0.17810813140062187 0.19333831614940172
4 0.3406485308641594 0.7619296034428625 0.20612671558737147 0.21926589908902622
4 0.3467216235081141 0.196887446001134 0.18555661035393456 0.18736113466105583
4 0.24567912315517826 0.5636979453681619 0.17480112087727823 0.19010418874473983