5 0.50078125 0.4234375 0.99609375 0.6984375
0 0.4125 0.546875 0.15625 0.0890625
0 0.228125 0.32890625 0.1734375 0.109375
0 0.446875 0.3125 0.09765625 0.04765625
0 0.4546875 0.1796875 0.1125 0.0546875
0 0.68359375 0.5453125 0.2078125 0.128125
0 0.92578125 0.40546875 0.1484375 0.1015625
0 0.94296875 0.24765625 0.103125 0.10390625
0 0.8234375 0.26484375 0.09140625 0.046875
0 0.66015625 0.29296875 0.13984375 0.084375
0 0.68828125 0.24765625 0.15234375 0.06328125
0 0.75625 0.1796875 0.15859375 0.08046875