5 0.51796875 0.5006274825768048 0.9640625 0.9987450348463904
4 0.5978497703403172 0.9063344009879426 0.10943334980971961 0.08183533175849789
4 0.9056622703403171 0.9170834503471212 0.1305098537640525 0.1012946598887993
4 0.7733153439525826 0.8664336312024947 0.12719385277546902 0.09649803248413776
4 0.6368048409868331 0.8476240890997104 0.13338018577927463 0.09515378729346083
4 0.5514602485914872 0.8017361810250095 0.10525518577927465 0.09417164065150559
4 0.6509044916714052 0.7724430398253498 0.1084438527754692 0.09584326805616747
4 0.6047033123179211 0.7107590061600858 0.12368685079830274 0.08701390507947586
4 0.9267056463103099 0.725124128840242 0.10324701680591417 0.08317957694917481
4 0.8444807367284891 0.7557987207655413 0.1303188527754692 0.09660715988879928
4 0.7585286492760593 0.7332937489885097 0.11061384783255335 0.07251489546082901
4 0.8321452214054501 0.6828150885515563 0.10825285178688589 0.09115576805616747
4 0.8972953775272294 0.6351613277517829 0.10193918479069168 0.08937501324684405
4 0.8231283656642315 0.5764013974445635 0.09661501482874754 0.07358632213985139
4 0.7880477115196183 0.6344668685886231 0.10812551779449713 0.0880307680561673
4 0.7058373893902277 0.6846454286627568 0.10669035178688588 0.09110120435383653
4 0.6462713884016444 0.6778845079741844 0.04766817885919252 0.05939484736759475
4 0.40684147387690794 0.679665229666398 0.10018568380210838 0.0846329495445131
4 0.23783680589213044 0.6675223498146655 0.1175641847906915 0.08992065027015243
4 0.12950038247014536 0.6317534862050019 0.08398768083635884 0.07002481252120454
4 0.20771161269848187 0.5408680805773718 0.12732118676785786 0.09962303248413758
4 0.42024078760334166 0.5872966803920374 0.07655718281352523 0.07912699400955017
4 0.4801742031166613 0.5839286329317753 0.06479201186299814 0.05843254809323426
4 0.4462992688202614 0.49927089073632364 0.06893568380210838 0.08354167549789597
4 0.48246226190017916 0.4677679195922641 0.0669911818249421 0.07411211179556502
4 0.5342648424325269 0.45631455362034784 0.04030134783255335 0.07005952885594055
4 0.5706015904553604 0.448221800625123 0.07355951680591381 0.08214286660488845
4 0.6665998399610689 0.4492337183184706 0.08829317885919252 0.060813503628197194
4 0.6705644397707884 0.527386000169636 0.08743101581733086 0.07794643992586625
4 0.7803386877936221 0.5218577411839613 0.0886751808363588 0.07018850362819702
4 0.729973931862123 0.49201398456053946 0.09486151384016442 0.06884425843752062
4 0.7609281601132932 0.39011666786298366 0.100122016805914 0.0830704495445131
4 0.7930986729648745 0.45209087820726984 0.04498884783255317 0.07022321996293321
4 0.7457780039915137 0.43951646713734427 0.0769100098858317 0.04949405771188111
4 0.5531156601132932 0.3828596954529798 0.08924818380210837 0.08425100362819701
4 0.48423566752766706 0.4155605788480913 0.08296900889724874 0.045024812521204535
4 0.412679002508639 0.4208631485408719 0.0649193458553869 0.06155754809323426
4 0.33385366555050067 0.4009474634243292 0.10410917984777565 0.06604664065150559
4 0.28085865813612687 0.3639906112474109 0.10943334980971961 0.08183533175849825
4 0.29666273026551754 0.3114930938242158 0.10729784684397004 0.06771826805616729
4 0.37547613836446336 0.2736781244942549 0.09467051285158128 0.06415675843752044
4 0.4655546517103362 0.34001494182478276 0.06842634783255334 0.07104167549789597
4 0.39847723965705767 0.3595164207733905 0.10806185079830274 0.0864682680561673
4 0.1567261383644634 0.266039206167935 0.08067167984777565 0.06522818511654283
4 0.8317115509120334 0.2701067574260302 0.10732702174883002 0.10672620435383653
4 0.7033292243340185 0.2976092201325692 0.09616934585538672 0.06264882213985139
4 0.7178572979462838 0.2520883890070431 0.10522601087441501 0.05516370435383653
4 0.6125623028891999 0.27181555724854495 0.08255251482874755 0.0730952488188736
4 0.5643131452845456 0.3130382687739576 0.06718218281352506 0.07879961179556502
4 0.6597291215585495 0.20403034572313228 0.09349001482874755 0.07347719473518968
4 0.6416383547526354 0.12382449055098918 0.08386034684397004 0.0668998125212045
4 0.652685942699357 0.14605415461613974 0.09553267589344294 0.047023822139851346
4 0.6044447608744149 0.07259680724854492 0.08880251482874754 0.07331350362819708
4 0.4382467579086654 0.052750554801474205 0.08360567885919253 0.060649812521204514
4 0.37826426285158127 0.07406007041057083 0.0839876808363588 0.07002481252120449
4 0.4145028517868859 0.10185025371301508 0.09116351087441502 0.05467263103285878
4 0.4328336991251476 0.16880214073632366 0.1039818458553869 0.06292164065150559
4 0.47116402866891205 0.15219748329459504 0.06947951186299814 0.05859623920022679
4 0.3332475346004111 0.1754663137871489 0.047540844866803766 0.05626984736759484
4 0.35822762996150637 0.2332887374709463 0.10704317885919253 0.0614682680561673
4 0.3169142218625606 0.2724132356568477 0.06342051285158128 0.0630654843909034
4 0.28459251730020557 0.09185271641955405 0.07646434091247105 0.03855655771188109
4 0.553756352775469 0.11139392322046127 0.0654923488211363 0.07562004809323426
4 0.5406316116727177 0.15306306804831812 0.10098417984777566 0.06593751324684391
4 0.5575299515966055 0.18485870507162666 0.0805443458553869 0.06210318511654278
4 0.26954576783167816 0.488417692372937 0.09435217787060939 0.056344258437520445
4 0.28169028216613423 0.5567138245869221 0.08392401384016442 0.06846231252120454
5 0.4519987594659023 0.8497520403735038 0.003188666996194378 0.0016716274046615354