5 0.5 0.5 1 1
4 0.8088360685915514 0.5822600844099781 0.231725107141445 0.2102319366867496
4 0.7259901611224997 0.3588714029982343 0.18808420129724618 0.21571827759614015
4 0.5818191956184986 0.24616507710637753 0.2065614659077429 0.20042056006354425
4 0.38491296793963303 0.1997462244291595 0.16407395697928912 0.182496674511885
4 0.20216510308755037 0.4614807909888207 0.15335464529089188 0.19480575973923261
4 0.5680258823085437 0.4991264358726754 0.21116714529089187 0.19581488068039513
4 0.47669354464556407 0.40375366030513027 0.18027170129724618 0.21558190990138842
4 0.3374344013832671 0.5021348388775003 0.17662850405718977 0.1858398628234877
4 0.38373488271558065 0.670181455354436 0.15667056006354424 0.2057978068171334
4 0.5340661193229 0.6985946018631438 0.1753114659077429 0.1998750892845374
4 0.669012089291128 0.8025435365212985 0.17180463636243815 0.177945542206637
4 0.5270506858825612 0.876651418015768 0.15941373051823932 0.18397735389503395
4 0.3729359302005185 0.8411388376596843 0.18485010714144484 0.2094137305182393
4 0.2305197483784422 0.26972966761202616 0.16865236282348778 0.17632849512873605
4 0.2281161282513538 0.6760614882288772 0.1578239569792891 0.18238758035608366