5 0.554709951241006 0.522630986985313 0.8854881175762477 0.863788542740487
3 0.8382284595542762 0.2900055506242715 0.1699153463973609 0.09764133225631957
3 0.8025396974800824 0.495564566391841 0.08802884890464355 0.07387521751493065
3 0.5382786206787626 0.44250707589114635 0.09371655925034225 0.10835932028847228
3 0.6566110835317442 0.43275282902527834 0.06905152837152997 0.06562630642076392
3 0.8083912292168245 0.6168765219389243 0.0722674565847754 0.06882404160312508
3 0.48722693454795857 0.5312234305645489 0.1015457796251713 0.05545252583555573
3 0.3479167304704657 0.6171037663362503 0.06977895407749282 0.09062630642076393
3 0.5261721111118512 0.6705047893220144 0.07810827962517113 0.0549070119678472
3 0.33670879433966155 0.7067474945847573 0.06739810015828454 0.06246493882958344
3 0.644553701241006 0.524722123478195 0.056051423198680436 0.0481478656913195
3 0.6670902792959668 0.5830983211414936 0.06363660266556703 0.04051720364722229
3 0.661933766363843 0.6259761521635422 0.09042642319868044 0.0489479526972918
3 0.5987768853267461 0.7277009999030908 0.0948411385589445 0.039682055470833436
3 0.6263132004495832 0.8291914179311117 0.07158549498543501 0.0453865416031249
3 0.5149270710618389 0.7882917013661116 0.07364810015828453 0.06261040919430556
3 0.43199255060786773 0.7636897852379517 0.05462531551854859 0.052798998100139015
1 0.761327327263538 0.3804655900431951 0.0876196719450391 0.05981271751493065
1 0.8912816002247915 0.42805171770236183 0.11223923871722903 0.10098323138263901
1 0.8743692333734596 0.49879997558614664 0.06873327962517095 0.05468880642076392
1 0.8243859537482884 0.5507975802595493 0.07636392319868043 0.04862064437666671
1 0.3322332091585648 0.4306753038553127 0.08146060015828453 0.06279224715020852
1 0.2759484537482884 0.538032555755174 0.06261967194503919 0.059230836056041625
1 0.4769175718532617 0.48251317363069485 0.05145485141192587 0.05116376291777787
1 0.7337920459890143 0.5744876937666673 0.05306281551854859 0.05276263050895835
1 0.6563944716949771 0.5476693142076394 0.1093128155185484 0.05407186379145834
1 0.7513934199664821 0.7218718400431952 0.05711381802583091 0.030996733282499987
1 0.6880499854850306 0.6688000850092021 0.054807171945039104 0.059048998100139014
1 0.5726810497499379 0.6035725156706603 0.09047188730530316 0.0505104526972918
1 0.588140913698276 0.6633475591736463 0.06542642319868044 0.048366071238402954
1 0.47393366119099356 0.6387995412218753 0.07489235141192588 0.05170927678548622
1 0.5246035994333688 0.7244110393220143 0.05935827962517113 0.05447060087368065
1 0.37447556730091514 0.7521879343642712 0.06390938730530316 0.049892203647222286
1 0.31968276722177286 0.781402002468542 0.05426160266556703 0.04029899810013902
1 0.570861170824412 0.8810617360353824 0.06390938730530316 0.049892203647222286
1 0.5755008582088574 0.8022100374221532 0.05426160266556703 0.04029899810013902
1 0.592103336501245 0.7689799633339588 0.06216503087881229 0.043605836056041625
1 0.6405719287419708 0.7959067924561465 0.057386602665567034 0.04037173328249999