5 0.45648005531476626 0.5488304098835095 0.9129601106295325 0.8114751628201263
0 0.6612305208875615 0.494520288898039 0.04858735731976367 0.07268722749876275
0 0.7184629780834906 0.47047860131336783 0.08772263192686935 0.07629690637700666
0 0.7414916015333045 0.6118914953659026 0.07260705417661058 0.0864155348257091
0 0.6655433775881525 0.6696464416570009 0.06526543507002262 0.06265048620519006
0 0.5684159363128769 0.36222012324877817 0.10574488585581072 0.06165455223856355
0 0.6614018029382654 0.37371314394099303 0.05312930810555194 0.06980788896415202
0 0.46708887675958294 0.37922059475464714 0.048548815963434674 0.03839411465389251
0 0.3714809702256076 0.4574894369073025 0.07158820967712849 0.0645405348257091
0 0.33385469168956033 0.44543317220798145 0.048985463606069854 0.04776911465389251
0 0.17698610752916055 0.4669031377209566 0.06421235731976357 0.07350609905006031
0 0.2990323895798645 0.3397087946637901 0.022893844499481997 0.023021420171816586
0 0.1382446311028091 0.5624546551338112 0.03328768899896399 0.04538774310259512
0 0.23248693672716164 0.530238619403591 0.026018844499481997 0.0231851944820761
0 0.28979216853019657 0.5046344318189199 0.031070217535011314 0.03124335594746519
0 0.23856350062368176 0.684230078584988 0.06737159057054054 0.040939260515449584
0 0.33529510546224595 0.6487662121220732 0.046622442927905364 0.03049972749876275
0 0.38325095430495415 0.7904314116925318 0.058360463606069855 0.048260437584671224
0 0.46779077419733034 0.7657379488930902 0.03121576674922295 0.03436835594746519
0 0.5243853765546952 0.7721240677308543 0.10000430810555194 0.0722645036180447
0 0.5788759774643178 0.7232870980340076 0.03234161910658777 0.025075243102595124
0 0.6004791497140589 0.7112441214397558 0.030488020678164317 0.01874335594746519
0 0.6555497934277528 0.6834190145877794 0.019696069892376045 0.021295145861557074
0 0.638486417911024 0.731853192561512 0.021331344499482086 0.02293953301668683
0 0.614167122211469 0.6014187420865422 0.053600188998963995 0.04645227611928178
0 0.6640750769261987 0.6175074095448253 0.06773546360606986 0.048751760515449584
0 0.6371402034763847 0.47629923338011493 0.03626713978475245 0.042426517412854636