5 0.51484375 0.49982727733131826 0.9703125 0.9996545546626365
3 0.34785843403881633 0.28192851595322943 0.10287155601527206 0.1136817866804539
3 0.46987143606776965 0.4938188939370029 0.1405170066836355 0.12661813868554467
3 0.4688003794159507 0.603221165937321 0.04431362133990877 0.048946577339272504
3 0.6187885520369074 0.2647115545830948 0.07590906667727211 0.07899770401018139
4 0.32739412941595075 0.6048665766231839 0.12347495735199913 0.1389181440165448
4 0.3929736760820871 0.6001967106142752 0.06540791868236298 0.1163704346753633
4 0.361088971435359 0.7474626092855022 0.09920111600890866 0.06677042401336308
4 0.6030684807844946 0.8610689339195037 0.10134541868236298 0.11678860534690827
4 0.6210094114417223 0.7913195079169583 0.07623633068109026 0.10712270401018138
4 0.43690220536281676 0.21213308927436633 0.10247156667727228 0.0793067866804539
1 0.8997140247453601 0.5692968678787783 0.05843066534054486 0.053797709341181485
1 0.7799442280394528 0.2815888772279139 0.052144302673454136 0.05059998400699968
1 0.7582050406985894 0.22636557523077744 0.03504770934118149 0.05821248933799979
1 0.7009647053628167 0.20906044390518613 0.060029528007635946 0.05694089067472685
1 0.6936340107017711 0.25055760057291343 0.048837489337999786 0.03493862133990877
1 0.2778555640515431 0.37650576662954716 0.052144302673454226 0.05059998400699968
1 0.332806693387952 0.3985256699554566 0.0648079346753633 0.0648079346753633
1 0.4737964147437692 0.562532531269912 0.058303396005727134 0.04286020934118149
1 0.4293464334022696 0.5028853586091845 0.028543170671545326 0.03626476400381797
1 0.7315378314369498 0.7548723832352318 0.061610209341181485 0.05852157200827222
1 0.7053389581078587 0.7864314659055044 0.05841248400699968 0.05223520934118149
4 0.8478408000477252 0.3417445798854598 0.10437951201463562 0.10901246801399936