5 0.5375 0.5002181686179108 0.925 0.9995636627641783
3 0.3986266870188442 0.2592720235131257 0.10112648801421234 0.11149201190385671
3 0.512144711667788 0.4879878968533009 0.13903592378986113 0.11952268052176755
3 0.5069802561044355 0.5980805143397436 0.04456222749876275 0.04555793969514958
3 0.6757214535271876 0.27103726707021814 0.07736808344622811 0.07542724687674199
4 0.36339735244096233 0.5855299964839585 0.12266729534115868 0.13504768657189176
4 0.4298854895960921 0.5874788367448424 0.0623096494796016 0.11595225292686617
4 0.38906349502315896 0.7325095356133742 0.10163109905006032 0.06151019262201594
4 0.6307673954072718 0.873716839475317 0.10120837516934209 0.11305451190385654
4 0.6521234170039978 0.8043310352205907 0.07415455223856356 0.10352497579950323
4 0.49308933796878385 0.19890267095560188 0.10532930913596861 0.07246587334017515
1 0.9464521918800841 0.6084474052411162 0.0588703889641522 0.05032725292686617
1 0.8375973337849125 0.30478152887587895 0.05245661465389233 0.04716589149054773
1 0.8189425090451117 0.24687812528508274 0.03279921189493038 0.0595477168225127
1 0.7606829517181652 0.2231088271786767 0.059034163274411536 0.05345225292686626
1 0.7512160984842333 0.26600939948557956 0.0485946302577247 0.033085210772388504
1 0.3220851984388049 0.3486430748409856 0.05089411465389251 0.04715680113146821
1 0.3774654172311404 0.3770816922292325 0.06248671189493056 0.05972043364502548
1 0.5134039964934971 0.5567242613146816 0.058297178878243726 0.03938975292686635
1 0.4702028731331772 0.49242995715815124 0.028445904567984216 0.03609203610435348
1 0.7664382225219218 0.7800037217924825 0.06215916327441153 0.05347043364502539
1 0.7382656348918222 0.8087372549699697 0.057144114653892505 0.047193162567786474
4 0.9044816186106214 0.3738996884186034 0.10376016508343397 0.10213519262201594