5 0.56953125 0.5109375 0.62265625 0.79296875
0 0.49140625 0.30859375 0.06484375 0.03359375
0 0.4609375 0.25859375 0.05859375 0.07421875
0 0.59453125 0.2046875 0.07265625 0.0546875
0 0.659375 0.26640625 0.0484375 0.053125
0 0.375 0.42734375 0.0390625 0.0953125
0 0.37578125 0.33515625 0.059375 0.040625
0 0.403125 0.5234375 0.02890625 0.04140625
0 0.48984375 0.6 0.05078125 0.06015625
0 0.48359375 0.6390625 0.03828125 0.0390625
0 0.52265625 0.78828125 0.06015625 0.05078125
0 0.3859375 0.696875 0.0171875 0.01796875
0 0.61875 0.80703125 0.0390625 0.025
0 0.57734375 0.72109375 0.0171875 0.02109375
0 0.54609375 0.6703125 0.025 0.0234375
0 0.725 0.68125 0.02734375 0.06015625
0 0.67890625 0.59375 0.02109375 0.04140625
0 0.809375 0.5171875 0.0375 0.04921875
0 0.775 0.43984375 0.02734375 0.025
0 0.77421875 0.38203125 0.05234375 0.0875
0 0.721875 0.3390625 0.0171875 0.02734375
0 0.70703125 0.32109375 0.01171875 0.02734375
0 0.67421875 0.2734375 0.01640625 0.015625
0 0.72265625 0.27890625 0.01953125 0.0171875
0 0.6 0.33203125 0.03515625 0.04453125
0 0.609375 0.2796875 0.03515625 0.06015625
0 0.4765625 0.33671875 0.03515625 0.02734375