5 0.42109375 0.49609375 0.84140625 0.8125
3 0.16171875 0.734375 0.16171875 0.0890625
3 0.1875 0.53203125 0.08359375 0.06875
3 0.4484375 0.57265625 0.0875 0.10234375
3 0.3328125 0.5875 0.06484375 0.06015625
3 0.175 0.41328125 0.0671875 0.06484375
3 0.49375 0.484375 0.096875 0.05078125
3 0.6265625 0.39453125 0.06484375 0.084375
3 0.44921875 0.35 0.07265625 0.05078125
3 0.6328125 0.30703125 0.0625 0.05703125
3 0.33984375 0.49765625 0.053125 0.04453125
3 0.315625 0.440625 0.0625 0.03671875
3 0.31875 0.39921875 0.0875 0.04453125
3 0.375 0.296875 0.09140625 0.03515625
3 0.34375 0.1984375 0.06875 0.04140625
3 0.4546875 0.234375 0.06875 0.0578125
3 0.53671875 0.2546875 0.05 0.0484375
1 0.23203125 0.64296875 0.08359375 0.05625
1 0.103125 0.6015625 0.10546875 0.09453125
1 0.11640625 0.53203125 0.06328125 0.05
1 0.1625 0.4796875 0.07421875 0.04453125
1 0.65 0.57734375 0.07578125 0.0578125
1 0.7 0.46953125 0.05859375 0.05625
1 0.50625 0.53203125 0.04765625 0.04765625
1 0.25078125 0.45234375 0.04921875 0.05
1 0.32734375 0.475 0.1046875 0.0484375
1 0.2265625 0.30859375 0.05546875 0.0265625
1 0.290625 0.3578125 0.05 0.05390625
1 0.40703125 0.4171875 0.0859375 0.0453125
1 0.3890625 0.35859375 0.0609375 0.04453125
1 0.5015625 0.3796875 0.07109375 0.04765625
1 0.44765625 0.29765625 0.05390625 0.05078125
1 0.59375 0.26484375 0.0609375 0.046875
1 0.64609375 0.23359375 0.0515625 0.0359375
1 0.39609375 0.1453125 0.059375 0.0453125
1 0.3953125 0.2234375 0.053125 0.0359375
1 0.38046875 0.25625 0.059375 0.0390625
1 0.33203125 0.23203125 0.05546875 0.03671875