5 0.5140625 0.4866369367682834 0.971875 0.9732738735365668
3 0.3580591922050654 0.11903932884800639 0.13576503954332697 0.18824540944452867
3 0.5664566240300074 0.18971894662903668 0.09482702174882984 0.1036522408266178
3 0.4764350963868596 0.45436777478967194 0.13121019072219048 0.11479881908544912
3 0.4823110701894054 0.33008539227611466 0.07987318380210837 0.0816954275949012
3 0.6935921269957569 0.2030451275435876 0.08625051779449713 0.08485678903121974
3 0.5612040272232184 0.5210780309379921 0.07802152372599629 0.11292724687674216
3 0.6324781438388519 0.678513281036188 0.10662668479069151 0.08653746369925486
3 0.7105036902650801 0.5030178564663488 0.07231535178688589 0.08789997579950323
3 0.7234042327741566 0.70455308538911 0.07655718281352505 0.07698974687674216
3 0.5756127426228073 0.35689281109041726 0.060422846843970035 0.06439884328594588
3 0.639165906653252 0.34402010636815294 0.0560536818249421 0.07218407220870696
3 0.6826439926228073 0.35627012149346343 0.06976335475263547 0.10194429508134402
3 0.7804859264249157 0.4369701547691466 0.06045202174882967 0.10345225292686618
3 0.8894470909496521 0.42617757963357333 0.06112318380210837 0.08158634328594587
3 0.831308280188968 0.533572443996758 0.08000051779449713 0.0848204275949012
3 0.7955564639910763 0.6150497029737485 0.06348417984777566 0.0628545240041051
1 0.441598545474826 0.2131069705349459 0.08063718775644109 0.1004454275949013
1 0.5083801857792747 0.08768881401728348 0.12722302768032884 0.13195904800821018
1 0.5790892752088709 0.11619054303824047 0.06880834980971962 0.07850679508134392
1 0.626852954562355 0.1760831726249316 0.0660016847906915 0.0863011143631847
1 0.435747723876908 0.66402912110068 0.0818813527754692 0.0926420179539809
1 0.540398073192336 0.7392194977605048 0.0733048488211363 0.07384656615858276
1 0.5089876112156071 0.5245075579671592 0.0617943458553869 0.0597204336450254
1 0.6386446418245045 0.2736939708295335 0.06504667984777565 0.0628636143631847
1 0.6010756576418352 0.34893032016560355 0.07833985870696818 0.12073974687674198
1 0.794368059809282 0.2790394801011115 0.043235346843970034 0.06429884933607007
1 0.7310350716722802 0.33567127518245543 0.06979784684397003 0.06445338544042353
1 0.6479280944096931 0.44399283529091405 0.0696360207602467 0.09881929508134384
1 0.7125490099230127 0.4381468353891099 0.0623673488211363 0.07378293364502539
1 0.6702898671471061 0.5517007961614985 0.06756418479069168 0.08631020472226432
1 0.7663862757403436 0.5128513987190224 0.06680018083635879 0.06756020472226432
1 0.7752558928502686 0.672994013180403 0.06555601581733086 0.0753636143631848
1 0.79805140570185 0.7338133385123679 0.05092051285158128 0.06121930113146821
1 0.9350898547898165 0.4915525947588838 0.06386618182494211 0.0722295240041051
1 0.853888934333581 0.4740519982514842 0.05098417984777583 0.06278180113146803
1 0.8216839293906653 0.45079630543307647 0.05599001482874755 0.07062157220870695
1 0.855806919999125 0.40605597717424524 0.05430018083635879 0.06748748184962743