5 0.43450878246410884 0.5002730157850156 0.8502675649282176 0.9994539684299688
2 0.652633670858437 0.32287793096298145 0.04155230032431163 0.055491136803468066
2 0.5814092816533298 0.40067743629524044 0.035165932629560005 0.047314615756780753
2 0.5421519127407622 0.4319505521226083 0.038509120941162676 0.05999662628012441
2 0.52324795413662 0.46675048635171024 0.04758411201270896 0.04335515785015538
2 0.48790078936396764 0.4537653679640936 0.04001707386326192 0.05696263154179633
2 0.49039672361838066 0.28377138637994503 0.03988070616851012 0.04915013154179624
2 0.5255199715897858 0.1945037600292335 0.03365797970746058 0.05034861049510884
2 0.4722176935866084 0.18125333113239064 0.038318206168510116 0.04905912628012441
2 0.6784166952081663 0.4586180098880591 0.03837275324641087 0.052184126280124234
2 0.6111179212621789 0.627179023112826 0.04478639448011297 0.06192314732681172
2 0.7034963360348312 0.643485833551465 0.04163412094116268 0.060178636803468064
2 0.6444037540538945 0.7009196309770989 0.04651253571381488 0.07138915258848363
2 0.5744048997518234 0.7147931442018656 0.041688668019063256 0.06330363680346807
2 0.5423366935833132 0.6660980389684287 0.05262616801906326 0.06394067363517095
2 0.23897018587267543 0.5898947708349259 0.07189436525911966 0.09472023677523325
2 0.33042130032101624 0.553076581273565 0.06534435633066593 0.07716871572854593
2 0.28268540949435134 0.3668891813159173 0.04462275324641087 0.05254814732681172
2 0.26287569561520335 0.26037387080669105 0.06213753571381497 0.0722992052052021
2 0.37782676542127547 0.1390742654320797 0.0573954886359143 0.06890118942018657
2 0.4249191428519645 0.7802298864505323 0.06200116801906326 0.0644867052052021
2 0.5197970405784884 0.8950196995200074 0.05262616801906326 0.06394067363517095
2 0.6367021225594252 0.8409530967762319 0.04462275324641087 0.0525481473268119