5 0.5002772559519284 0.4301194732654577 0.9994454880961433 0.6928860534690846
2 0.6953969176359521 0.6778922599061407 0.048628397540672094 0.03337612133990895
2 0.6277230834251926 0.5950803072485948 0.040788626463433175 0.028597714672181595
2 0.6001248033709633 0.5516484805856401 0.0517352168225127 0.030287484006999675
2 0.568738447984769 0.528574607256549 0.03462953005422946 0.04414998933799978
2 0.5841770956236368 0.49636154392109455 0.05018180718159222 0.03183180267345413
2 0.7484168576256895 0.5249212538988228 0.04080680718159222 0.031722714672181594
2 0.8299577491162372 0.5739758245544597 0.04389544574527378 0.0255090773392725
2 0.8476401528052293 0.5245479892186872 0.04080680718159222 0.031722714672181594
2 0.5618122579950319 0.6810092639242762 0.04549430718159222 0.03177725867281787
2 0.4057980864502547 0.5890683066120479 0.053334078258831144 0.03655566534054522
2 0.3820883965587133 0.6768501172820024 0.05331589754067192 0.033430665340545215
2 0.3316929659387499 0.6094631699554566 0.06426248789975161 0.0351204346753633
2 0.3250293546006273 0.5384421452896383 0.057994307181592396 0.031922709341181486
2 0.37489754439397294 0.5152040926161842 0.05337953005422928 0.04436816534054522
2 0.4763862797596417 0.23275412460218478 0.0831579336450254 0.06033861067790856
2 0.5027174964839586 0.3269853825986849 0.06594316256778665 0.05545111600890866
2 0.6870061380727022 0.30999623524032244 0.04709316861791084 0.03804544000636341
2 0.7909078428931624 0.3080059265595504 0.06279998184962743 0.052289753341817756
2 0.8971447282353899 0.4388099365452328 0.059656801131468026 0.04912839067472703
2 0.27490611387220537 0.3835461072963199 0.053434072208706954 0.05374316534054513
2 0.15657881556940761 0.45758413864577374 0.05337953005422928 0.04436816534054522
2 0.1986941135776178 0.5789773333068193 0.04708407825883119 0.03648294000636341