5 0.56171875 0.4703125 0.8765625 0.80703125
3 0.29140625 0.60703125 0.0921875 0.07734375
3 0.515625 0.5421875 0.09609375 0.11171875
3 0.61484375 0.5671875 0.0375 0.034375
3 0.33671875 0.353125 0.0625 0.06015625
4 0.5859375 0.69765625 0.1125 0.09296875
4 0.59609375 0.63671875 0.103125 0.03828125
4 0.72421875 0.7 0.04453125 0.0859375
4 0.88359375 0.50234375 0.09453125 0.07578125
4 0.821875 0.4703125 0.090625 0.05234375
4 0.24765625 0.509375 0.05625 0.08671875
1 0.6796875 0.16328125 0.040625 0.04609375
1 0.38828125 0.209375 0.03828125 0.0421875
1 0.3328125 0.2171875 0.0515625 0.01953125
1 0.30390625 0.265625 0.04375 0.046875
1 0.340625 0.28203125 0.02421875 0.04140625
1 0.3640625 0.69296875 0.03828125 0.040625
1 0.396875 0.646875 0.05 0.05078125
1 0.57890625 0.55390625 0.0296875 0.0484375
1 0.5140625 0.58203125 0.03046875 0.02109375
1 0.8140625 0.359375 0.04375 0.0484375
1 0.83671875 0.390625 0.03828125 0.04609375
4 0.459375 0.16015625 0.08515625 0.08046875