5 0.49263820194145724 0.4239914294668866 0.9737713321132675 0.8479828589337732
0 0.30439221992363985 0.5534526427820865 0.05087270401018138 0.07645485141192587
0 0.26091439258436744 0.5984529057142102 0.09155224801081766 0.08232441818411544
0 0.17327912726768485 0.478388109791703 0.07443747334499946 0.08807431301126609
0 0.220318306612048 0.39579691864633393 0.06793293467536321 0.06601745658477523
0 0.4541462245783222 0.6373466064929977 0.1069954346753633 0.06715405925034226
0 0.3601235045751406 0.6635119528903586 0.057068160009545024 0.07194920783841638
0 0.54539848058564 0.5808034383088823 0.0504727146721816 0.04207985141192587
0 0.6028939019335031 0.47213548047046566 0.07421929734245403 0.06932431301126592
0 0.6435643552673668 0.467047163698276 0.050581802673454135 0.05145485141192587
0 0.7874330812778663 0.38554344794230067 0.06804202267663584 0.07539245658477522
0 0.7261581319223672 0.5505523339939626 0.023710220003181702 0.024119461599340218
0 0.7823739586250928 0.28338155436879137 0.03490225867281786 0.04631271034569906
0 0.7058472739497296 0.3496490635399915 0.025272720003181703 0.024164925705962938
0 0.6607978559436845 0.3954760405787378 0.031613626670909056 0.03215928213245363
0 0.6285682533020469 0.21210125092443682 0.06767839600572696 0.044142456584775315
0 0.55121486529282 0.2822977421489482 0.04880112667090888 0.032659387305303156
0 0.4408051713080921 0.1730484257724699 0.059956802673454136 0.051727636051661904
0 0.36985632463400153 0.22978181057049057 0.03163180800445433 0.03372178213245362
0 0.31108985196531974 0.2463304645688411 0.10245338534372675 0.07951766693047428
0 0.27986657662318387 0.3120607646479834 0.031540901336727066 0.025909282132453627
0 0.26557680995386573 0.33200119160758745 0.029905676002545345 0.01961381802583091
0 0.22441546061427511 0.37927700837977724 0.018986357336090796 0.020858069279472157
0 0.2187563539545021 0.32867761480626795 0.023728401336727066 0.02568196159934022
0 0.3026217292727755 0.4371373209953318 0.05525112133990877 0.05002874373179385
0 0.2471075259389119 0.442657546780437 0.07091248400699968 0.05360838479802066
0 0.33711381325591266 0.5603103965430101 0.03644657733927241 0.04479567445232178