5 0.4953125 0.53828125 0.9125 0.56484375
2 0.3453125 0.2890625 0.04375 0.02734375
2 0.4015625 0.37265625 0.03671875 0.0234375
2 0.4234375 0.41640625 0.0484375 0.0234375
2 0.45078125 0.440625 0.0296875 0.03828125
2 0.43359375 0.46953125 0.04609375 0.02578125
2 0.28203125 0.428125 0.03671875 0.02734375
2 0.209375 0.37421875 0.03984375 0.02109375
2 0.18828125 0.41953125 0.03671875 0.0265625
2 0.4703125 0.2984375 0.04140625 0.0265625
2 0.60859375 0.39921875 0.0484375 0.0296875
2 0.63828125 0.31953125 0.0484375 0.0265625
2 0.6796875 0.3875 0.05703125 0.028125
2 0.6796875 0.45390625 0.053125 0.02578125
2 0.63203125 0.471875 0.0484375 0.03671875
2 0.51171875 0.728125 0.0734375 0.05
2 0.49453125 0.63671875 0.05703125 0.046875
2 0.32109375 0.63515625 0.04140625 0.03203125
2 0.22265625 0.628125 0.0546875 0.04453125
2 0.134375 0.4953125 0.053125 0.04140625
2 0.71328125 0.6046875 0.04609375 0.04609375
2 0.83125 0.54609375 0.0484375 0.03671875
2 0.80234375 0.428125 0.04140625 0.03125