5 0.52109375 0.49921875 0.95703125 0.9984375
3 0.52109375 0.5 0.95703125 1
4 0.27109375 0.253125 0.09453125 0.071875
4 0.5 0.2421875 0.109375 0.0625
4 0.6890625 0.17890625 0.10546875 0.0734375
4 0.7421875 0.29140625 0.05625 0.09765625
4 0.96640625 0.25 0.06640625 0.06640625
4 0.66875 0.371875 0.06015625 0.0671875
4 0.4296875 0.5375 0.11171875 0.05546875
4 0.28828125 0.528125 0.09921875 0.0765625
4 0.43671875 0.87734375 0.090625 0.06640625
3 0.3671875 0.4140625 0.121875 0.090625
3 0.71640625 0.82421875 0.08828125 0.0953125
3 0.38984375 0.8 0.0921875 0.10625