5 0.5 0.5 1 1
3 0.5 0.5 1 1
4 0.29542300420341244 0.7744946867306768 0.09752950585373252 0.11644735376405232
4 0.22876781109041727 0.5514829510651328 0.08978972872636941 0.12862901878308045
4 0.12039729576871498 0.38328339079874024 0.0991556383672898 0.1274485207602467
4 0.2193029492613153 0.29880362003849364 0.1113920179539809 0.08264535672980174
4 0.12517674112120541 0.09878105680635149 0.07850679508134392 0.06880834980971957
4 0.3174313770526083 0.34791759927824695 0.0816954275949013 0.07987318380210837
4 0.5405047418085764 0.5356563853243518 0.08354881908544912 0.12993685079830275
4 0.5662354739527915 0.6775427963890471 0.10068177693097127 0.12126218775644108
4 0.8777552778147342 0.43052989764446037 0.08968973477649342 0.11144151878308026
3 0.4321513654433392 0.6330181580617648 0.12271131303532475 0.14871602570316256
3 0.7566443888582691 0.16990275684572015 0.11627041549465282 0.11564885771838496
3 0.8125297327333902 0.4987970779865277 0.12880677693097126 0.12240819368794006