4 0.396875 0.91953125 0.359375 0.1609375
4 0.1265625 0.83046875 0.253125 0.3390625
4 0.16328125 0.5234375 0.25 0.17421875
4 0.02265625 0.384375 0.0453125 0.11171875
4 0.246875 0.4125 0.16015625 0.06953125
4 0.21953125 0.32265625 0.16875 0.109375
4 0.05625 0.21015625 0.1125 0.090625
4 0.2109375 0.18046875 0.12265625 0.06953125
4 0.17890625 0.11484375 0.11171875 0.06171875
4 0.34140625 0.09765625 0.1046875 0.0640625
4 0.35390625 0.196875 0.11328125 0.09609375
4 0.4234375 0.29453125 0.1734375 0.09296875
4 0.7578125 0.73125 0.296875 0.2671875
4 0.96953125 0.8296875 0.0609375 0.234375
4 0.5484375 0.534375 0.25 0.203125
4 0.86015625 0.490625 0.2296875 0.21015625
4 0.6015625 0.35078125 0.175 0.12734375
4 0.88359375 0.3421875 0.19921875 0.1359375
4 0.715625 0.27109375 0.1609375 0.1015625
4 0.59453125 0.1859375 0.128125 0.0984375
4 0.47109375 0.14140625 0.10390625 0.06640625
4 0.44375 0.0703125 0.09765625 0.0859375
4 0.61484375 0.08515625 0.109375 0.06328125
4 0.5890625 0.13203125 0.1140625 0.075
4 0.75625 0.19765625 0.146875 0.08984375
4 0.7671875 0.1140625 0.10859375 0.0609375
4 0.946875 0.16640625 0.10546875 0.09375
4 0.8671875 0.18984375 0.13125 0.07109375
5 0.5 0.5171875 1 0.965625