4 0.09842265322420642 0.3346744609687803 0.18360032795514677 0.38690107806243945
4 0.20413103597964538 0.10537784640920382 0.34576207195929076 0.21075569281840764
4 0.5032427781217625 0.13557790993550797 0.222110556243525 0.27115581987101595
4 0.6579773198923762 0.016490004007020748 0.11678939371369382 0.02567268657189171
4 0.6140048037623257 0.2300848713952676 0.09714048138875012 0.17395565046753828
4 0.7107877584770554 0.21076672395279145 0.14154545285270287 0.18827268052176746
4 0.8370141565339753 0.06858779343102395 0.10578342721213971 0.09121587334017515
4 0.8587351069054787 0.2161576850197676 0.09063361621110388 0.13486587939029934
4 0.9293729385846792 0.18917702850210513 0.08380141935425697 0.1223295179539809
4 0.9381230080627706 0.36026623332256535 0.08351032092583352 0.1160795179539809
4 0.8335446699734295 0.3632190373808998 0.11846751778268043 0.12877950585373252
4 0.7270442669541108 0.425574112516473 0.1245035020669146 0.19129768657189175
4 0.2503919915184354 0.728428485267473 0.3267295897419711 0.3408714814568439
4 0.15204019044219688 0.9321807200439665 0.22082623035529286 0.07938855991206709
4 0.46860252832665034 0.5310120880213886 0.25216192927905434 0.28264082493918147
4 0.4948590831224333 0.8598547055078314 0.25441363399378397 0.2639090056573409
4 0.6572519594677314 0.6049348804704539 0.1622218258882322 0.1962033551898026
4 0.6487310998716562 0.8917808954975686 0.17381429735218495 0.21032948770335977
4 0.7342768399468589 0.7318650191323313 0.13180657981717356 0.1804056383672897
4 0.8303812444139196 0.6140866457921561 0.12388276385373871 0.14443177693097126
4 0.8840434377561097 0.4910849621471307 0.08507282092583353 0.1160886083130606
4 0.9535381846557378 0.47110373937268957 0.09292363068852438 0.11309087334017516
4 0.9342896484666955 0.6470849772724412 0.08216614474715093 0.1207579275949012
4 0.8874488817174726 0.6145360976857501 0.09651974317557474 0.12708974082661778
4 0.8085170146777992 0.7822281126146688 0.11701633374611511 0.1646988251355733
4 0.8938380845701754 0.8020497332243695 0.07904114474715129 0.12073974687674216
4 0.8292769325843141 0.9594991397420319 0.10959763192686936 0.0724931444174139
4 0.8100324729071856 0.8986570885123679 0.09583053846084474 0.14583065046753846
5 0.5 0.5 1 1