1 0.7390184554169636 0.18349605707226427 0.09782982622365459 0.09955738229073816
1 0.5432292713290361 0.30692388222423117 0.08974431043863902 0.09464256175762475
1 0.48143492661894277 0.333298514119258 0.06908319994353036 0.0612844924781526
1 0.5060246739175197 0.2604520475053528 0.04564569994353036 0.06060253087881238
1 0.5001254714843278 0.4692276539318435 0.0932333314853265 0.10098348997087
1 0.6868170455006697 0.8244703980593489 0.06843075256024882 0.07686402837152997
1 0.6435297770848181 0.828688885127225 0.039304694681858446 0.058858174452321776
1 0.650142340083706 0.6614104569139797 0.06034523677523325 0.07194920783841656
1 0.4501984640859303 0.9826690621533363 0.0700086631118273 0.03466187569332746
1 0.44742977985682836 0.9708894423325034 0.055582142065139804 0.04373327962517095
1 0.37572835608048305 0.8717639690546806 0.04858868942018653 0.057568459092057725
1 0.2583272954300824 0.7376580905248661 0.06981124203690507 0.07378449247815269
1 0.2262351322476679 0.7108993622324784 0.08065773677523325 0.07254024122451135
1 0.18409240585460407 0.6282854390337981 0.06935621572854585 0.06597199247815269
5 0.5 0.5 1 1