1 0.7765625 0.81640625 0.07421875 0.07109375
1 0.7 0.6203125 0.0734375 0.06328125
1 0.68671875 0.559375 0.0453125 0.0515625
1 0.74921875 0.59375 0.04921875 0.0296875
1 0.559375 0.55546875 0.078125 0.06484375
1 0.2015625 0.6703125 0.06015625 0.046875
1 0.2046875 0.6296875 0.0484375 0.02265625
1 0.35703125 0.66171875 0.05703125 0.040625
1 0.084375 0.42734375 0.0484375 0.05234375
1 0.11015625 0.43046875 0.03046875 0.04296875
1 0.21484375 0.38046875 0.04609375 0.0328125
1 0.3578125 0.2953125 0.05625 0.0484375
1 0.3890625 0.2703125 0.05234375 0.06015625
1 0.471875 0.24453125 0.04921875 0.05078125
5 0.465625 0.52578125 0.93046875 0.921875