5 0.5 0.5 1 1
3 0.5 0.5 1 1
4 0.8165269026989194 0.31488765097952526 0.09827035672980174 0.11257391233702041
4 0.783698451139495 0.5453115365311845 0.09096719269935694 0.12493754464226861
4 0.8106614936485714 0.7465467540637803 0.10184102570316256 0.12356595941492117
4 0.6898688325838761 0.7752365901019068 0.11249468281352523 0.07847164772652385
4 0.6879256250929526 0.976976368105084 0.08064250494291585 0.02482845048646709
4 0.6228948968046014 0.6857161684293956 0.08430601581733085 0.07641822402541756
4 0.5015650889724858 0.4134202029253946 0.08471719269935693 0.12482845048646726
4 0.5373049763111849 0.2736349541432106 0.10314885771838504 0.11734323295387146
4 0.1619494906456409 0.34820390056919287 0.09020318874502423 0.10618754464226869
3 0.6368831650562091 0.3766587682672399 0.12298119665368965 0.14423301542127548
3 0.1620409684397005 0.6382522021113204 0.1185191897336074 0.1113659683433749
3 0.24749040121604465 0.317783969157449 0.13127385771838496 0.11783415665497757