1 0.7661657910912941 0.8699065591265001 0.08726687622353531 0.08330337939029916
1 0.7056746912766286 0.6586599869177929 0.08543155771188111 0.07548178903121965
1 0.6964336113322289 0.5953378303019348 0.0551438569862416 0.05812157220870695
1 0.7580903631463275 0.6386565591264999 0.05443452885594056 0.037809072208706954
1 0.5652555332019278 0.5742662853187867 0.09173612141421188 0.07708065046753809
1 0.18732399536031258 0.6447090328828997 0.06915179328391079 0.05664088544042371
1 0.19528033909971035 0.6041385750373773 0.054161710344286275 0.02999657220870695
1 0.3478621912766286 0.6565782946885605 0.06569941106992569 0.04724770472226432
1 0.0890675115175634 0.38090963241536147 0.058323420688572526 0.05970225292686626
1 0.1158482663268868 0.38731416851971495 0.03757441106992569 0.04708407825883123
1 0.2270114556197808 0.34968742437344746 0.051364092558271325 0.03935339149054773
1 0.38239587086605775 0.28107430064048883 0.06602679328391084 0.056622704722264314
1 0.41678822903342577 0.25940383371978026 0.06333830290255768 0.06910452400410509
1 0.5045238420101172 0.24429243900777867 0.05832342068857255 0.05970225292686617
5 0.5 0.5 1 1