5 0.5 0.5 1 1
3 0.43719599506291607 0.689647586728179 0.1480400693385418 0.11887836401972648
3 0.45567193170829795 0.7687901940642698 0.13931837955902787 0.07972495735199914
3 0.6613218664538187 0.7969713800922685 0.16075827488562505 0.12839881468808975
3 0.7436453636040271 0.718220218769859 0.08339568787965276 0.0931329293443632
3 0.6200468222852425 0.5894037807526779 0.0887741721120836 0.12287497334499946
3 0.32784048527927034 0.6203879620464525 0.09004573138263901 0.110393154678545
3 0.3841261996600689 0.6530828307208612 0.10207425911805564 0.1573954240133631
3 0.08434897767982605 0.40499713001272675 0.11311955547083341 0.09504087468172653
3 0.18067846381211772 0.42956187269254426 0.09015483415618064 0.11508065467854482
3 0.7874973871584722 0.14357475477399506 0.11922408510611113 0.08886360001590839
3 0.500579268617361 0.11522938940163323 0.0752195119678472 0.07741702267663593
3 0.6573364552627429 0.19598104475649586 0.09843880642076393 0.06831474267981759
3 0.3948754356954513 0.05695271805377026 0.05788654160312508 0.07096702800763602
3 0.6966366510261806 0.11907364676158654 0.09912979065319441 0.09800224267981758
3 0.8781723660725692 0.3775054067870399 0.1256559230620141 0.09674882535009015
1 0.21614383833715242 0.41668970269731676 0.04153418977951393 0.039535214672181594
1 0.17346015017315913 0.7061152820257716 0.049528527735416716 0.04743862133990895