5 0.5 0.5 1 1
3 0.665196974545694 0.5336980791349724 0.11261171561506948 0.14097164772652385
3 0.741505554617812 0.5123645957740639 0.07652874525034718 0.13409435633066594
3 0.7641475400845137 0.3118969914719928 0.12224128875333343 0.15207278896022586
3 0.6862238682567707 0.23472479098552546 0.08924564437666689 0.07652731818121908
3 0.5629474095755553 0.3599684784863493 0.11900587955902786 0.08017051542127555
3 0.600151243163055 0.6419821375769588 0.10657861474138883 0.08307732710967279
3 0.6303667264455551 0.58623669804754 0.15058318787965277 0.09477848620028233
3 0.39671254616534646 0.8869695348997407 0.08993662860909728 0.10621481818121907
3 0.41848040302295075 0.7912167041366199 0.1113024823325695 0.08472164772652384
3 0.12706707380385399 0.21558586404130375 0.0838684665650001 0.11391822402541774
3 0.10573170877812459 0.49423301542127546 0.0719126740119445 0.06997730925276535
3 0.1812434678961803 0.3392375982129911 0.06620818787965285 0.09330571509696402
3 0.052477462577846724 0.5995966254053895 0.06998649810013893 0.05432503571381488
3 0.10546287110656224 0.3043074448044245 0.09433318787965286 0.09379663879807013
3 0.35288665102618044 0.11714223011120235 0.0917900693385418 0.11874209172016936
1 0.40594468864215216 0.7589536290555421 0.036810322188333446 0.03812729139585773
1 0.6866309909788535 0.7880816160666033 0.04484102773541672 0.047638659090609534