5 0.49921875 0.50390625 0.99765625 0.9921875
3 0.5140625 0.68359375 0.125 0.09375
3 0.54140625 0.75390625 0.12109375 0.05859375
3 0.73359375 0.75390625 0.13515625 0.1015625
3 0.7984375 0.67109375 0.06640625 0.07734375
3 0.66796875 0.56875 0.06640625 0.10546875
3 0.40390625 0.6328125 0.0703125 0.09375
3 0.46015625 0.65546875 0.0765625 0.1359375
3 0.15234375 0.465625 0.09375 0.0765625
3 0.24375 0.4765625 0.0703125 0.09765625
3 0.76171875 0.13984375 0.1015625 0.06875
3 0.4953125 0.14921875 0.06015625 0.06328125
3 0.64921875 0.20390625 0.08359375 0.05234375
3 0.38984375 0.10859375 0.0453125 0.06171875
3 0.48046875 0.02890625 0.0546875 0.03046875
3 0.675 0.128125 0.0796875 0.08125
3 0.87734375 0.34296875 0.10546875 0.0765625
1 0.27421875 0.4609375 0.03359375 0.03125
1 0.27421875 0.73046875 0.04140625 0.0390625