4 0.09973183440715128 0.2898736751452251 0.19946366881430255 0.4140026497095498
4 0.24941821701890446 0.09832618403656528 0.3574135659621911 0.19665236807313055
4 0.5413375514260558 0.13630556534426216 0.2454498971478884 0.27261113068852433
4 0.7200579699457708 0.01624879559711116 0.11897725897699055 0.03249759119422232
4 0.6367949762904825 0.22574032299725727 0.11357266237139499 0.18961477171162172
4 0.7391841780858807 0.21316108623182356 0.15744083703942985 0.2119649607105858
4 0.8930500423508694 0.07868542473544957 0.11309996369925486 0.10836477171162173
4 0.8890387323406067 0.23117472394966126 0.10397949375348396 0.15167812406898662
4 0.9594557714700223 0.2099311166298977 0.07888859016268768 0.1348887303552929
4 0.9443706060735654 0.38636733809385043 0.09291472872636959 0.12929370181924557
4 0.8366217385871227 0.38045128598415456 0.12895222267624504 0.14815501778268034
4 0.7168041422761148 0.43523729342775264 0.14025333703942983 0.2111644400324213
4 0.1762026494950844 0.7072923074863794 0.3524052989901688 0.39457206120592386
4 0.07486208197126436 0.88858515694826 0.14972416394252872 0.08532968610347993
4 0.4335643953993726 0.5218469973139129 0.27525557181592364 0.3252355562435252
4 0.4043298507108122 0.8481205529382654 0.27654536104353494 0.2784333308506309
4 0.6142280672387372 0.6141863928896334 0.1778169695529872 0.22384853060296184
4 0.5548611158361226 0.8840665533525502 0.18698289129415607 0.1883476782455972
4 0.6681065252806514 0.7507017816409285 0.14644879488495235 0.20208053846084476
4 0.7882559196980654 0.6388845241973303 0.13530221662612102 0.1656336162111039
4 0.8655092869881162 0.5165685684491433 0.09604881908544911 0.1310017510334573
4 0.9437024646812133 0.5012110880938504 0.10697722872636958 0.12994867328319834
4 0.8887690041052168 0.6802843120390025 0.09451359016268768 0.13561647642635144
4 0.8468087630822071 0.6431867264308606 0.107059041958086 0.14401117328319835
4 0.7357162060970064 0.8092548362318237 0.13071471057599685 0.1826027923897861
4 0.8206906489154141 0.8365386201445544 0.09137949980360816 0.13390842721213972
4 0.7163935134749905 0.9085656315170938 0.10692268657189175 0.12057367328319835
5 0.5 0.5 1 1