4 0.28203125 0.57890625 0.096875 0.1015625
4 0.30703125 0.7078125 0.10234375 0.1078125
4 0.478125 0.68359375 0.1078125 0.10078125
4 0.5078125 0.8078125 0.11484375 0.10859375
4 0.6609375 0.7453125 0.125 0.1015625
4 0.65390625 0.6109375 0.1046875 0.11171875
4 0.76875 0.57109375 0.11484375 0.115625
4 0.7203125 0.42890625 0.1140625 0.1140625
4 0.6140625 0.46484375 0.0765625 0.11796875
4 0.45546875 0.52265625 0.1296875 0.14140625
4 0.41875 0.3734375 0.11171875 0.109375
4 0.55859375 0.30390625 0.11015625 0.121875
5 0.5078125 0.54375 0.67109375 0.715625