5 0.53203125 0.56953125 0.8578125 0.66484375
4 0.37109375 0.70390625 0.16328125 0.09765625
4 0.315625 0.621875 0.12109375 0.0890625
4 0.30625 0.50859375 0.1203125 0.09609375
4 0.28828125 0.43828125 0.11171875 0.075
4 0.528125 0.67890625 0.18515625 0.1421875
4 0.57109375 0.6046875 0.1 0.08515625
4 0.425 0.56015625 0.09296875 0.1046875
4 0.415625 0.45546875 0.1203125 0.12109375
4 0.4546875 0.375 0.121875 0.0984375
4 0.56640625 0.3953125 0.0984375 0.0875
4 0.52578125 0.5421875 0.10390625 0.06640625
4 0.71953125 0.6203125 0.11171875 0.103125
4 0.74921875 0.5109375 0.06953125 0.09609375
4 0.840625 0.5484375 0.09921875 0.09609375
4 0.60625 0.275 0.0703125 0.06640625
4 0.68671875 0.28671875 0.0859375 0.0890625
4 0.7453125 0.35234375 0.1109375 0.0875
4 0.67109375 0.3859375 0.128125 0.10703125
4 0.61015625 0.45859375 0.14609375 0.090625
4 0.6421875 0.52109375 0.103125 0.07890625