4 0.6247995991616019 0.7185549314130872 0.11165455223856355 0.10436133068109026
4 0.7529312432141367 0.6903764820973592 0.118150213703953 0.10912155601527189
4 0.7141542689947342 0.5165935367599956 0.11214587516934209 0.11373633068109026
4 0.8373118080043149 0.4828917934436313 0.12193031094499104 0.12165791868236298
4 0.7597556168015991 0.328957724100859 0.11469102103089916 0.1325045120146357
4 0.6243913268875074 0.3383134480824053 0.12300148801421251 0.11230110001590835
4 0.5722379274079057 0.22215209874281466 0.12982469810012062 0.12331132535009015
4 0.43291647783744713 0.2751850973901792 0.12661781094499086 0.12171246268299925
4 0.47836949796383516 0.38267997139558807 0.1277775192218769 0.08424882535009015
4 0.5515657377870697 0.542809496737724 0.15564356965141818 0.13922722668681722
4 0.40225513455313794 0.5840146573838159 0.12332903663473135 0.11855110001590852
4 0.31910404059146025 0.4425078627068618 0.13426653663473137 0.11867836935072659
5 0.5682718809350933 0.48913051340704206 0.7918642684289073 0.7181565841024499