4 0.7812446131927735 0.5190441006862494 0.2370383794672149 0.2240596683123613
4 0.6773595623179209 0.6755142658644786 0.2390173735357159 0.19600740349472243
4 0.4640902411771135 0.7383454934473954 0.22147704646340927 0.2252584924005557
4 0.29441706973229487 0.7196169432948956 0.20521537650146532 0.20926981648875015
4 0.15689321201390988 0.607083188545243 0.20540637749004845 0.21395731648875013
4 0.22545091653908383 0.3896579927818054 0.18994320357377187 0.17925500816812515
4 0.2665812994291587 0.2283925312507984 0.19552204152049332 0.20123911094166685
4 0.5266301200756747 0.16212652593246485 0.19877437551288218 0.20443684612402793
4 0.6692818295809455 0.36212391309093694 0.24054538144438115 0.23350740349472243
4 0.5215711828507062 0.460182819435451 0.20451503954332714 0.19208231648875013
4 0.370258033649009 0.5465957109623261 0.1893702006080223 0.16519250816812522
4 0.38393457859236235 0.3640734984813886 0.16854836463846717 0.152219729482778
5 0.5 0.5 1 1