4 0.5243046805173994 0.7990272359780475 0.2277398180303493 0.23794481456303557
4 0.3676843453235423 0.6824904319304614 0.19961481803034928 0.23647084577069996
4 0.3007557487571457 0.4670015507682256 0.2284290227450791 0.21927670171816532
4 0.314843865796819 0.3009604709400421 0.21073210049533805 0.20743844301173792
4 0.42201204879992693 0.17564728968694912 0.2169093258882322 0.20620349163225704
4 0.640385367244561 0.26268802351729 0.1835146290313853 0.19198386137453216
4 0.8004538800648426 0.3193961261853949 0.20389990363849114 0.19461089439121898
4 0.871873077540862 0.5811015880803255 0.2056079528527029 0.19781778154634874
4 0.6773140564484128 0.7041728386461524 0.23562509263745515 0.23991675033868437
4 0.5773225568626976 0.5485193029159322 0.1934718258882322 0.2049751843053107
4 0.4873781453663236 0.3910542836940553 0.16461907981717375 0.18787621551297518
4 0.6687929652586997 0.4208247501115416 0.15600605913900906 0.17027927973732632
5 0.5 0.5 1 1