5 0.46905387688046185 0.4410183470965749 0.9381077537609237 0.8273383058068502
4 0.5785352108079174 0.27783657016560354 0.18493259263643722 0.12761698165323568
4 0.6482961298499628 0.35007466364794115 0.1407279515702104 0.11173745159900639
4 0.6731477141731297 0.462411037184508 0.1409098079967011 0.1179874515990063
4 0.7024427575883545 0.5294167300029157 0.1277733105039836 0.09603972872636941
4 0.4246684132360576 0.3310666301758663 0.2160294799417402 0.17622719847574847
4 0.39176733353174414 0.41483764217791885 0.12023359514371963 0.10536927693097127
4 0.5459092642522719 0.4326876966290367 0.11443823620994635 0.12095791549465282
4 0.5702523832151749 0.5356536153451433 0.14632473370266402 0.14301472267624504
4 0.5434649111909936 0.6240757659108775 0.14412573620994634 0.12113063231716552
4 0.4271041252976162 0.623190497662309 0.11715405925034225 0.10691359621281223
4 0.4464488218532616 0.4684166392510526 0.11968802586424747 0.08661927693097127
4 0.23912806683869672 0.42588020218818157 0.1348871285298145 0.12576359016268784
4 0.22487168705524102 0.5400063347017389 0.09063702335696497 0.10832156010845857
4 0.1286104524946472 0.5194761869646751 0.11894387978345575 0.11473518657189175
4 0.40462606855455635 0.7514245819712644 0.08513116943775678 0.08016928903121964
4 0.322503890341311 0.7550268258229442 0.10617109514371972 0.10528746369925486
4 0.2530468481797275 0.6991904371610669 0.1313074874635877 0.11012040944452864
4 0.32316077137840793 0.6519154613615636 0.1522564849563052 0.13211358411256366
4 0.3740078690294101 0.5688211602300955 0.1674723079967011 0.11814198770335978
4 0.33272129097444925 0.511258645104785 0.12005173871722893 0.09911927693097126