5 0.5890625 0.4765625 0.75234375 0.90625
6 0.378125 0.54609375 0.05703125 0.11796875
6 0.38125 0.428125 0.05390625 0.128125
6 0.4703125 0.3984375 0.05234375 0.09296875
6 0.4703125 0.23671875 0.06640625 0.07421875
6 0.52890625 0.33828125 0.06796875 0.09140625
6 0.69765625 0.2609375 0.078125 0.06328125
6 0.7984375 0.27421875 0.07109375 0.06796875
6 0.759375 0.38203125 0.0484375 0.0953125
6 0.665625 0.41640625 0.0625 0.08359375
6 0.54921875 0.5640625 0.07109375 0.084375
6 0.59296875 0.71171875 0.05703125 0.09296875
6 0.61796875 0.75703125 0.05703125 0.0703125
6 0.70078125 0.66953125 0.06640625 0.09140625
6 0.6890625 0.54375 0.03828125 0.07109375
6 0.7328125 0.56875 0.0625 0.08671875
6 0.75546875 0.47578125 0.0578125 0.05859375