5 0.4859375 0.3890625 0.971875 0.778125
6 0.5496832110430694 0.5771753818643106 0.12765344155801356 0.0676570266917457
6 0.4231888948904453 0.5784261585560564 0.1385091209411627 0.06341519566510634
6 0.3928076939969409 0.4852000819780414 0.10098184740221221 0.060324687756441085
6 0.21938383076641604 0.4914858685556188 0.08094208279171564 0.07512201680591399
6 0.3290685223244296 0.42456101232010857 0.09969208279171564 0.07588602076024671
6 0.24941975284266907 0.24668536311841138 0.07022277110331832 0.08717634783255326
6 0.26537776379971767 0.13751861015266187 0.07477390340856668 0.07955484882113639
6 0.38026637824805853 0.1749947524342769 0.10402502678536116 0.05576452174882984
6 0.41600723498576164 0.2742479945256115 0.0917977621748646 0.07088018577927473
6 0.5724191018697343 0.3927857944118808 0.09196140340856651 0.08025518577927464
6 0.7318310580382446 0.33944859429815005 0.10106366801906326 0.06501218775644109
6 0.7807322082004003 0.31091241741612385 0.07609094155801355 0.06555601581733077
6 0.6885367999205697 0.22566993718778736 0.09969208279171564 0.07588602076024671
6 0.552381111608967 0.2437089658566994 0.07727161201270896 0.04374468281352524
6 0.5805567045469524 0.19493854342329758 0.09492276217486459 0.07100751977166349
6 0.48174705763120756 0.17554389768164141 0.06359094155801373 0.06504667984777565