4 0.52265625 0.740625 0.175 0.18515625
4 0.3640625 0.66484375 0.146875 0.1921875
4 0.2765625 0.4765625 0.17890625 0.16875
4 0.26953125 0.31796875 0.165625 0.1578125
4 0.35390625 0.178125 0.1703125 0.15546875
4 0.56484375 0.21328125 0.140625 0.14921875
4 0.71953125 0.23203125 0.1609375 0.14921875
4 0.81640625 0.4625 0.16328125 0.15078125
4 0.65234375 0.61875 0.1828125 0.1859375
4 0.540625 0.4953125 0.1484375 0.16015625
4 0.43984375 0.36640625 0.12421875 0.15078125
4 0.61015625 0.35546875 0.1171875 0.13359375
5 0.5 0.50390625 1 0.98359375