4 0.7212262786044119 0.428988596769608 0.11700678134945389 0.12346135771838504
4 0.7196557826225474 0.2955221807619967 0.12176700668363552 0.12990235870696817
4 0.5439472579567293 0.29643471783386577 0.12639996268299925 0.12540585969555132
4 0.5376438086410011 0.16706555281483776 0.13586586935072642 0.13360036167271766
4 0.37394438796945595 0.20965625391715165 0.14518632535009016 0.12929486364988402
4 0.35440295261777494 0.3455446743733871 0.12494655068427196 0.13471719269935695
4 0.2322915952816842 0.3708232000765497 0.13753745735199913 0.14303902866891213
4 0.2547649372613215 0.5198363616355366 0.13593859468490824 0.13985036167271758
4 0.3666745912635486 0.49887792140763765 0.09998291335136278 0.1368235207602467
4 0.5357700366009122 0.46231438581864337 0.15659654002227175 0.17036553262324466
4 0.5448984939131403 0.6173374668452827 0.13277723201781733 0.13659802768032883
4 0.3920274852403225 0.6688574989742359 0.1344670013526355 0.14759919467652338
5 0.4876870726050483 0.4340274901141682 0.8081645134468131 0.8680549802283364