5 0.41212093279822015 0.5128744451985258 0.8236433626919378 0.9709772874630971
4 0.2632746720448532 0.37611603358044593 0.12697353060296185 0.1807093413771451
4 0.34214884284685215 0.30706344401739943 0.11087334160399784 0.1364682680561673
4 0.45730296195344006 0.279642793747247 0.11712334160399784 0.1366865228654907
4 0.5272901302742395 0.2506794908446893 0.09630141935425698 0.12503969473518967
4 0.30138248594137335 0.5292211862128511 0.1751584735308674 0.2104712524470706
4 0.3802138072814915 0.5615674055428121 0.1052397717116218 0.11599207694917482
4 0.4139082187778656 0.40751482260318755 0.12213617328319834 0.11034227767481415
4 0.5204322005809006 0.38117552269585475 0.14383139081820956 0.14073910580511528
4 0.6049869830458892 0.4078620190676577 0.12039389081820957 0.13992065027015244
4 0.5925704121200558 0.5237325557281466 0.10672949710451593 0.11448414065150558
4 0.4397193939230907 0.5064508304077358 0.08656254631872766 0.11689981252120454
4 0.3754620330886705 0.7138293099893158 0.12464474317557439 0.1307093413771451
4 0.48872401241050606 0.7270336597191633 0.10854455417661057 0.08646826805616747
4 0.4576494867699429 0.8248362426587879 0.11297949710451576 0.11470239546082901
4 0.717968518406362 0.5443128958393472 0.08027400496239867 0.08236112141421188
4 0.7125125769261987 0.627961209541678 0.10458480024766903 0.10192957694917482
4 0.6500082688206469 0.6972221302302506 0.10887419396136266 0.12703870435383652
4 0.6103143761404104 0.6284101320443491 0.1316952638537389 0.1481150961864685
4 0.5323199627820095 0.5780951627143882 0.11679800992479734 0.16319445916315994
4 0.4703079603008101 0.6200396152541261 0.09906254631872749 0.11733632213985139