5 0.48290951141287736 0.4139404899347757 0.965673577080481 0.8252440201304486
6 0.5451378424021831 0.6351064179265034 0.12381020472226431 0.06549882535009015
6 0.42322193578632483 0.6294933119430481 0.1347295240041051 0.06250109468490823
6 0.39533276424154773 0.5360614852800933 0.09876475292686626 0.05739542401336308
6 0.22654640280522925 0.5317750693030014 0.08010565651766237 0.07280224801081765
6 0.33402710469882324 0.4734893072883658 0.09886474687674199 0.07458292401336308
6 0.2595578489432866 0.2970000799650016 0.06923178903121974 0.08361247867599957
6 0.2753550448849522 0.19212167596277444 0.07544542759490129 0.07743520401018134
6 0.3865516201187213 0.23536205128104787 0.10030907220870695 0.05428860534690845
6 0.41915556274073723 0.33342683394336625 0.08946247579950324 0.06978633601209036
6 0.5691106318261863 0.45825301658977635 0.0910795179539809 0.07917951734563573
6 0.724347577669656 0.4166002239020045 0.0988011143631848 0.06364542401336308
6 0.7718629271039219 0.39182694322886846 0.07380111436318479 0.06335452267663584
6 0.6838447766363837 0.30378259790741335 0.09729315651766228 0.07300224267981754
6 0.551854433252242 0.31235017059200343 0.07681703005422946 0.04464088534372675
6 0.579715812838933 0.26671040658818546 0.09258747579950324 0.06982269867918127
6 0.48425332191411946 0.24203821793445757 0.0628545240041051 0.06166475334181776