5 0.53359375 0.4640625 0.91796875 0.7921875
1 0.6953125 0.2265625 0.06015625 0.06796875
1 0.53125 0.14765625 0.06171875 0.05703125
1 0.29375 0.2890625 0.07578125 0.05078125
1 0.48046875 0.32421875 0.05703125 0.05859375
1 0.65703125 0.3578125 0.05546875 0.03984375
1 0.8375 0.37265625 0.06640625 0.06953125
1 0.78828125 0.48671875 0.06484375 0.06640625
1 0.53203125 0.5484375 0.07734375 0.07578125
1 0.196875 0.51328125 0.08828125 0.07265625
1 0.2765625 0.63671875 0.08984375 0.06328125
1 0.44609375 0.73515625 0.08359375 0.06015625
1 0.74765625 0.6953125 0.06328125 0.07890625
6 0.15859375 0.37421875 0.09296875 0.09375
6 0.396875 0.21328125 0.1203125 0.08046875
6 0.6078125 0.2078125 0.1078125 0.08828125
6 0.59375 0.2796875 0.1125 0.05859375
6 0.353125 0.375 0.1140625 0.08984375
6 0.421875 0.45859375 0.08828125 0.06484375
6 0.27734375 0.56484375 0.1125 0.08359375
6 0.53671875 0.70703125 0.16015625 0.0984375
6 0.74296875 0.59375 0.08828125 0.1359375
6 0.671875 0.625 0.103125 0.1296875
6 0.775 0.3296875 0.1203125 0.06953125
6 0.85625 0.47265625 0.08046875 0.06640625