5 0.5 0.49615468878220526 1 0.9923093775644105
0 0.3791477156579587 0.15340216159616799 0.1327662683452643 0.08490819368794011
0 0.2818716262801244 0.04889639231879608 0.11181673151356133 0.07314302273741302
0 0.12325403142885676 0.1624601907221906 0.09324874203690503 0.07550401878308036
0 0.08982542335282234 0.3512706813306504 0.11794490514873239 0.12483285672980174
0 0.2008315418110261 0.3168240385547438 0.0668836631118273 0.051047846843970034
0 0.5937834232116479 0.5198906191242726 0.024984589448421347 0.027517504942915848
0 0.5428432785156722 0.4749481922422464 0.10952618942018652 0.0605793557412186
0 0.4804566705808121 0.5144935119001792 0.08340330517696729 0.09380834980971961
0 0.48614449943530263 0.6121497619001792 0.17815436305535765 0.11481586958138301
0 0.7315410284450851 0.5566796477931846 0.062271757821920556 0.07891817885919253
0 0.9573318062806238 0.7190681957394686 0.08533638743875258 0.11188718775644091
0 0.8197782338620486 0.39894008505533407 0.059996626280124234 0.03985567885919252
0 0.8844568419380832 0.21140293437076205 0.04271812101845285 0.037592841901054184
0 0.5694626315417962 0.062173619618564116 0.06577618942018652 0.05879667984777566
6 0.2540391127730089 0.41407838193867275 0.31559272084904333 0.22641389726171202
6 0.8086755919380831 0.20831508505533405 0.15057539462538863 0.12304486364988403
6 0.8945668602833473 0.2913132688574424 0.1813549577654509 0.1430045365775774
6 0.279571191839261 0.29041538885875495 0.12373987884037314 0.11727502471457933