5 0.5008591164769357 0.54921875 0.9982817670461286 0.9015625
1 0.2972168827056948 0.7870694677992711 0.07005912986961631 0.07660017401194459
1 0.4621890921206159 0.8877448810776393 0.06986821509696402 0.06566267401194459
1 0.7178060722351136 0.7679642836224312 0.08384889448011279 0.0613024823325695
1 0.5262674086802772 0.7111836874984032 0.0652079886359143 0.06711607123840277
1 0.3464611318949159 0.6554570983082295 0.06172843262955983 0.04673083605604163
1 0.1607730478853843 0.6206787887533334 0.07636367694751697 0.07987064437666688
1 0.21893832954200948 0.5080164410137848 0.0747466298696163 0.07670927678548622
1 0.4893229675293006 0.4737012180836115 0.08897277110331832 0.08641158510611113
1 0.83423209293469 0.548108338143334 0.09832049756436803 0.0850672906531944
1 0.7607928185849608 0.41207861274461866 0.09971935633066593 0.07572865824437507
1 0.5923410531636855 0.2910179642838894 0.09341480925276535 0.07245818787965286
1 0.27696151501423844 0.2977342108654169 0.0733750446422687 0.08761040919430566
6 0.8633719423654973 0.6963828371934035 0.10654210064862327 0.10868662860909736
6 0.6057521314878789 0.8356401332618407 0.1329136858759707 0.09836737765916688
6 0.3859754196373258 0.8164679867009725 0.12205800649282175 0.10280030452090294
6 0.4065822000761349 0.7443208829775003 0.12310230925276536 0.07314917211208342
6 0.6622770466675683 0.6737408517267018 0.12836255357072252 0.10607077488562525
6 0.596591771100023 0.5792810304882992 0.0981841298696164 0.07725479065319459
6 0.7550434249156268 0.48535245858430615 0.12669095941492117 0.09978440729444457
6 0.495834245939515 0.30985692363069484 0.17704551542127547 0.12126067021222235
6 0.2741013421239112 0.4023126080918752 0.10571598620028233 0.1508377610179167
6 0.3502138287312306 0.3783133700597225 0.12125916558343128 0.14651393692972228
6 0.22258330113179517 0.6720971248093752 0.13269549756436802 0.08586737765916688
6 0.14798094723676117 0.5141742156150696 0.09196140340856669 0.07867182028847228