5 0.5 0.409375 1 0.79140625
0 0.27421875 0.19140625 0.1109375 0.046875
0 0.16640625 0.12265625 0.09375 0.0421875
0 0.04140625 0.27265625 0.08203125 0.05
0 0.04609375 0.4578125 0.090625 0.09453125
0 0.14453125 0.39296875 0.0546875 0.03203125
0 0.53828125 0.471875 0.0171875 0.02109375
0 0.48359375 0.44453125 0.09609375 0.02890625
0 0.434375 0.49765625 0.05625 0.0734375
0 0.4578125 0.58671875 0.15 0.06484375
0 0.6703125 0.46640625 0.0390625 0.065625
0 0.93828125 0.55 0.12265625 0.08515625
0 0.97890625 0.271875 0.0421875 0.046875
0 0.71875 0.2953125 0.05078125 0.02421875
0 0.74140625 0.103125 0.03359375 0.0265625
0 0.42734375 0.05390625 0.05078125 0.0421875
6 0.2109375 0.46796875 0.2578125 0.13984375
6 0.671875 0.121875 0.1171875 0.0828125
6 0.765625 0.17421875 0.14453125 0.09453125
6 0.21015625 0.346875 0.09140625 0.08515625
0 0.94140625 0.25703125 0.05078125 0.02890625