5 0.4992908319719791 0.5275598350945223 0.9985816639439582 0.9448803298109553
6 0.4317265918525342 0.7153598169441497 0.2989869331300003 0.2267089875069681
6 0.13564231340307273 0.5585386869646751 0.27128462680614546 0.1969214935570923
6 0.452496952794201 0.5277643681738138 0.275729964665139 0.16720672247985355
6 0.6574013519205204 0.5843769407753042 0.21217661094166687 0.18870901775758925
6 0.7350373490707287 0.5042485583599428 0.22929006933854162 0.11850560206654456
6 0.8466800978364578 0.674669621788051 0.19237195079743047 0.14328743344863373
6 0.8649768093674648 0.6269133778381752 0.24677112290951406 0.26546241529826115
6 0.911292030966458 0.44932418814302555 0.16054137575930555 0.1852840359079618
6 0.6104023314032982 0.42217237744539177 0.26035953780340293 0.17805331888905726
6 0.8284814905976038 0.3490383627128647 0.2738765239356944 0.15469763212077386
6 0.33592900826503436 0.4347052354638647 0.2739492591180556 0.15782263212077385
6 0.14217966147541633 0.4022432351692771 0.25363675911805567 0.1577044574527388
6 0.07060017467753459 0.35894320794371815 0.14120034935506917 0.09773858411256367
6 0.05246842372760406 0.30592729225267357 0.10493684745520812 0.09752041549465282
6 0.07806848898208325 0.24562559650739968 0.1561369779641665 0.08062380698520064
6 0.2301005016155206 0.24940860577897772 0.24139002583555563 0.10139082493918154
6 0.2416932714671526 0.1876307684449602 0.19556837955902787 0.07925220452587256
6 0.4070636983288887 0.19760469038252074 0.19120818787965294 0.09328743344863373
6 0.532008493731736 0.23281041647661152 0.18368662860909737 0.10574198165323567
6 0.3280827535153817 0.301956367977422 0.2625389804327085 0.1374464996072165
6 0.5406548354873608 0.3311842839630542 0.23103440729444458 0.12632719242562418
6 0.6578254581125345 0.2641053473911624 0.22500261284152784 0.13566583098930574
2 0.625804553383541 0.6665809075978169 0.16359233415618063 0.11499880698520074
2 0.3023885032310413 0.49973533782499685 0.0989479526972917 0.08962610226293641
2 0.20013828505052053 0.362067687062871 0.09211607123840278 0.0645897408266178
2 0.08149934745520812 0.2573034398915414 0.07957970364722226 0.06295451795398091
2 0.2731426400082637 0.21244441608382805 0.06678876291777787 0.050381795081343925
2 0.4657470608860762 0.26053596155795544 0.09542290919430556 0.07242042154477701
2 0.66325653410059 0.3328144407753042 0.08263196846486132 0.059847698672140126
2 0.8749538342530897 0.500309971222317 0.08935474715020816 0.08019656010845858