5 0.4479586935057787 0.4930246659871731 0.8603326129884425 0.985231125805836
1 0.19735068120913857 0.32457112621616835 0.07225679508134393 0.06687958279171564
1 0.11977915135130099 0.49667222280760165 0.06131929508134393 0.06668866801906326
1 0.2738479860530399 0.7400109399331605 0.056713608313060423 0.08066934740221221
1 0.30544848575845224 0.5460115239426921 0.0628545240041051 0.06202844155801372
1 0.33465069330938696 0.3613461976437983 0.042532933645025396 0.06011138555165925
1 0.3443307412194013 0.17477745210802514 0.07541815651766245 0.07318412986961631
1 0.46437507562655256 0.2229712646072013 0.07072156615858276 0.07153980925276535
1 0.536280850121637 0.4875343709378672 0.08174087939029935 0.08579322402541756
1 0.5100258596878027 0.8371116310841371 0.07867042154477702 0.09511367694751698
1 0.6355303746167215 0.7525747642001642 0.06930451190385653 0.09651253571381488
1 0.7326695159108775 0.5745645868456102 0.06614315046753809 0.09020798863591431
1 0.6821392925472611 0.26193217329077373 0.08321247579950324 0.07019549756436802
6 0.3667980344540335 0.8791473522701809 0.10058178298109546 0.10174550649282174
6 0.19241669975229464 0.6354540791382677 0.08980790944452863 0.12967959172016935
6 0.18041264520298092 0.4156910040571898 0.09442268657189175 0.11726141233702041
6 0.25455867233034396 0.42948649715733095 0.06631586729005097 0.1198954886359143
6 0.36172523595484396 0.6766945081143796 0.09914654800821018 0.12359323295387145
6 0.4457507780111259 0.6039348924482228 0.07084883118569749 0.09341480925276535
6 0.5613025342576418 0.752841771100023 0.09288745764913067 0.12192163879807012
6 0.7004024374556546 0.480241842527653 0.1103567587805987 0.17065914772652385
6 0.577406340751863 0.26791734618110097 0.14430451190385654 0.09782166558343128
6 0.612135343875121 0.34196850080748364 0.1381454154946528 0.11333757142762994
6 0.30175690095851754 0.24044731655636595 0.07730790944452863 0.12946140340856668
6 0.4483778917851353 0.15237239244822273 0.07238406010845858 0.08875458279171564