5 0.5042317446677409 0.57265625 0.9915365106645181 0.8546875
3 0.673498828219206 0.7912509659682426 0.06337923151356133 0.07116934585538673
3 0.6774289230704736 0.6713841349416033 0.1096927893919517 0.09020318874502423
3 0.7772762756024876 0.7798916547132668 0.14415879465362363 0.09316636266130089
3 0.7497435388272543 0.7086241497703509 0.13772678413027978 0.08978669467652338
3 0.5963924837208742 0.537923036120467 0.08443518415851478 0.057998183802108375
3 0.8670528651920832 0.6619640084773191 0.11099768415851478 0.059080522737412974
3 0.9393905967762318 0.6594557738003584 0.053928636803468065 0.04272601087441501
3 0.9784560128718309 0.6743114526595507 0.043087974256338056 0.07037084980971961
3 0.7055399705666947 0.5384734758540743 0.062287168373499215 0.0524193458553869
3 0.9877970681546788 0.6143780371462311 0.02440586369064235 0.031597509885831696
3 0.9597885838338136 0.4342621142185378 0.07304265785015573 0.04974001482874755
3 0.8168660654885495 0.348940085055334 0.059526189420186525 0.05854201186299814
3 0.6431485734516443 0.27015721596824255 0.07496917889684288 0.05605368182494201
3 0.7983057812876824 0.3380516645990986 0.0540196420651398 0.04428851087441492
3 0.6746547206372818 0.4631723869187697 0.060178636803468064 0.042980678859192524
3 0.6160987679923284 0.4748155410633828 0.04842208944842134 0.0284725098858317
3 0.5281374944559796 0.31613160775556604 0.034253173635170955 0.05283583992388783
6 0.45176033611171384 0.7845540025086389 0.07630343671876343 0.13248884783255335
6 0.2984316678088018 0.6543823883644635 0.11914338410204497 0.1186465237259963
6 0.5183731705102249 0.5900811023183585 0.1274109104104042 0.12677735870696819
6 0.8609533255883701 0.7981097555115696 0.0981938472703419 0.1068813527754692
6 0.8433871230140039 0.73738050254582 0.1344351841585148 0.060035527680328826
6 0.8831629835796999 0.6976932614430685 0.1009856473268119 0.04776102076024671
6 0.9699686786850814 0.625587451176676 0.06006264262983727 0.07406885277546901
6 0.7657031968185841 0.6079529877170724 0.20131884727034208 0.11108337452429887
6 0.8488349442583354 0.5365183395039583 0.16216534200867017 0.10792919961943923
6 0.910690931174743 0.46109918684222 0.08866765785015537 0.050376684790691684
6 0.7076415258848362 0.4808838103407547 0.07543961575678075 0.037367348821136306
6 0.7525298206796341 0.4219199872227808 0.12311825256024882 0.0798386917107738
6 0.7936784654461972 0.3924208296181266 0.07920165258848363 0.04843218281352515
6 0.7723124286850813 0.3065960761580855 0.08819722099021768 0.06906301779449713
6 0.6617158339044009 0.3480739689339921 0.1453726841585148 0.06048119665368965
6 0.6708864365775892 0.30480147140545 0.07019067363517095 0.05430018083635879
6 0.5558970153614926 0.4715831117098988 0.2051718893637169 0.12371070851668761
6 0.4675563102268775 0.3331480114058875 0.09362817363517095 0.05525518577927464
6 0.4005662313017998 0.3070364975657231 0.12035727360693613 0.08596135771838495
6 0.20536785239083954 0.2608923735357157 0.0825086631118273 0.051684516805913995
6 0.1455572967903493 0.6123010232317047 0.13772678413027983 0.08978669467652338
6 0.1683129863517102 0.5212595291632036 0.10665879465362353 0.09163835475263546
6 0.31581731790762385 0.5514311433073793 0.19902830517696718 0.09851970752810466
6 0.05682247852978959 0.4403358399238878 0.06468412628012439 0.04004667984777566
6 0.12427601806291563 0.38073268825073264 0.1728452367752332 0.07718853558899426
6 0.22590713652111943 0.3459040434976597 0.08536064732681173 0.04712435079830275
6 0.34882099175455633 0.382088235702725 0.16614021046687402 0.06912136760421665
6 0.34740968117474297 0.43814723471414185 0.11659523677523324 0.07489652372599628
6 0.32706636007158585 0.490317229771226 0.16319722099021766 0.07211903361182799