5 0.49640281471501685 0.5825964149054776 0.9928056294300337 0.8120678298109553
3 0.5670350834237351 0.7933299027070334 0.06211268083635879 0.06753293364502558
3 0.5906237751345088 0.6746889870159889 0.10649935079830275 0.08341246369925485
3 0.6735715849066098 0.7869167971244474 0.14093801779449713 0.08517495159900648
3 0.6578139337277463 0.713370212815492 0.1329345168059138 0.08044199980360833
3 0.5321639707996153 0.5368162822937246 0.08178851087441501 0.05202610831306061
3 0.783783526123092 0.6711241463623215 0.109913510874415 0.05218973477649378
3 0.8564079426249949 0.6723280980595238 0.05165534190105418 0.040915891490547904
3 0.922209356161148 0.6875581883204076 0.09798651384016424 0.06617951190385671
3 0.6413161363129349 0.5429213574292977 0.059849843878220454 0.05033634328594587
3 0.9254099520165351 0.6281877334999473 0.04652217292769336 0.029951120413308985
3 0.9148584070731814 0.44605194437053175 0.0721588428896375 0.04572156615858276
3 0.7857067593543591 0.35543551384876426 0.05691584486680359 0.05500566256778665
3 0.625050443650759 0.2708872761454044 0.07241351087441501 0.05197156615858276
3 0.768996761825817 0.34361676989888845 0.05165534190105418 0.04091589149054773
3 0.6234057361226546 0.46467363758172286 0.05784167490485963 0.03938975292686635
3 0.5628038171492937 0.4752611587571575 0.046394838935304605 0.026826120413308986
3 0.5006433512554134 0.31314243295765437 0.03178851087441501 0.0517352168225127
6 0.3441387528913874 0.778748731358648 0.06934686068413445 0.13006020472226432
6 0.2120822810660079 0.6443550297596417 0.1139590237259962 0.1131363251355733
6 0.4441572934232976 0.5870975625443455 0.12202619171077381 0.11943177693097126
6 0.75402574745418 0.8069207457965876 0.09320085475263547 0.10208065046753809
6 0.7479150103057612 0.7459332488216497 0.13328734387822044 0.050763590162687854
6 0.793256685210621 0.707125278875879 0.09859400889724856 0.042751102262936234
6 0.9202131160469799 0.6406604624227086 0.1074251808363588 0.06779655405833437
6 0.6900136214841873 0.6135338392789251 0.19619852076024671 0.09955561416679296
6 0.7865968028148378 0.5445480108237022 0.15863485376405234 0.09777494554888211
6 0.8614959851340714 0.47074741734136455 0.0862213428896375 0.04580337939029935
6 0.6531104821683218 0.4836008995837754 0.07321200692008212 0.03323065651766246
6 0.709340577529417 0.4268832669720222 0.12005251482874754 0.07099427693097127
6 0.7550178334609161 0.3990173422057913 0.07678267589344294 0.04418633723582168
6 0.7483951017497048 0.3122395048717738 0.08692167984777566 0.06299087939029935
6 0.6296477603429423 0.34983897794080254 0.14422484387822046 0.05082722267624522
6 0.6462105192401909 0.30773783635205887 0.06922484387822045 0.05039088544042354
6 0.5029022351340713 0.4686611799325924 0.19976918973360736 0.11051129488495234
6 0.4367572647915666 0.3276180234149299 0.09259867688202608 0.048964740826617795
6 0.3730276872249684 0.29989702351312575 0.11724584980971961 0.07878859621281205
6 0.18534861509557773 0.2456675448849522 0.0800350098858317 0.0473295179539809
6 0.06562039967739831 0.5966119004675383 0.13124079935479663 0.08044199980360815
6 0.10362247673111435 0.5061914335468296 0.10187551779449713 0.08494769262201593
6 0.24672121931674057 0.5421885417616943 0.1956891847906915 0.08705561416679294
6 0.0183494574909235 0.42125283128389335 0.036698914981847 0.036237481849627426
6 0.0842828401524431 0.3638539426220159 0.1685656803048862 0.06659766842151918
6 0.19122193030488618 0.33165958703942994 0.08296900889724856 0.042660198672140125
6 0.309097838403832 0.37297999950902067 0.16485567885919253 0.058757897344280254
6 0.29824391003893114 0.4283987525340828 0.11367518083635879 0.06783291549465283
6 0.26876731566641904 0.48058342125018944 0.16035917984777565 0.06341812626704132