5 0.49921875 0.5578125 0.9984375 0.75625
3 0.59296875 0.7578125 0.05546875 0.0625
3 0.609375 0.64296875 0.096875 0.07734375
3 0.69453125 0.7484375 0.1296875 0.078125
3 0.67578125 0.67890625 0.1234375 0.075
3 0.5453125 0.5125 0.075 0.04921875
3 0.79375 0.63515625 0.10078125 0.04765625
3 0.8640625 0.634375 0.04765625 0.0375
3 0.92890625 0.64921875 0.090625 0.0609375
3 0.65078125 0.515625 0.05390625 0.04609375
3 0.92734375 0.59140625 0.04375 0.02734375
3 0.90703125 0.4171875 0.0671875 0.04140625
3 0.77890625 0.33359375 0.05078125 0.05078125
3 0.61953125 0.25546875 0.065625 0.0484375
3 0.76171875 0.32265625 0.0484375 0.0375
3 0.62890625 0.44140625 0.05390625 0.0359375
3 0.571875 0.45234375 0.04296875 0.025
3 0.50390625 0.29921875 0.02734375 0.04921875
6 0.37890625 0.7484375 0.059375 0.121875
6 0.2453125 0.62265625 0.103125 0.10625
6 0.4640625 0.5625 0.11015625 0.11171875
6 0.7734375 0.76640625 0.084375 0.0953125
6 0.76328125 0.7078125 0.12421875 0.04609375
6 0.8046875 0.6703125 0.0921875 0.0375
6 0.93671875 0.603125 0.12578125 0.06328125
6 0.70078125 0.58203125 0.1828125 0.09140625
6 0.78984375 0.51484375 0.14609375 0.08984375
6 0.85703125 0.4421875 0.08125 0.04140625
6 0.659375 0.459375 0.06875 0.03046875
6 0.709375 0.403125 0.11171875 0.06640625
6 0.7515625 0.37578125 0.07109375 0.040625
6 0.73984375 0.29296875 0.07890625 0.05859375
6 0.62890625 0.33125 0.13515625 0.0453125
6 0.6421875 0.28984375 0.06171875 0.04609375
6 0.51328125 0.4484375 0.18671875 0.10234375
6 0.44296875 0.31484375 0.08515625 0.04453125
6 0.38046875 0.2890625 0.1078125 0.0734375
6 0.19765625 0.2421875 0.07421875 0.04296875
6 0.1015625 0.5796875 0.12265625 0.075
6 0.13359375 0.4921875 0.0921875 0.0796875
6 0.2734375 0.5234375 0.18203125 0.0796875
6 0.0328125 0.41484375 0.065625 0.0328125
6 0.10625 0.35703125 0.15859375 0.0609375
6 0.2078125 0.32421875 0.07734375 0.03828125
6 0.32265625 0.3609375 0.15390625 0.05234375
6 0.315625 0.4140625 0.10546875 0.06171875
6 0.290625 0.46484375 0.15 0.05625