5 0.5 0.525 1 0.7734375
6 0.41484375 0.6796875 0.2515625 0.17578125
6 0.1546875 0.49375 0.23828125 0.15
6 0.4546875 0.50859375 0.2390625 0.12265625
6 0.63671875 0.5890625 0.175 0.15234375
6 0.7171875 0.525 0.20234375 0.08203125
6 0.80234375 0.69765625 0.1625 0.11015625
6 0.86328125 0.65859375 0.27265625 0.215625
6 0.91171875 0.5 0.1765625 0.153125
6 0.61171875 0.43203125 0.22265625 0.13515625
6 0.82109375 0.39375 0.23984375 0.1109375
6 0.35703125 0.40625 0.23828125 0.11328125
6 0.18203125 0.35078125 0.21875 0.115625
6 0.09765625 0.29921875 0.1671875 0.06953125
6 0.07734375 0.246875 0.15390625 0.071875
6 0.13046875 0.19609375 0.15546875 0.0515625
6 0.2796875 0.22109375 0.215625 0.0640625
6 0.296875 0.165625 0.1734375 0.04921875
6 0.44921875 0.196875 0.16875 0.0625
6 0.56015625 0.246875 0.159375 0.07578125
6 0.3640625 0.2828125 0.23046875 0.09609375
6 0.55703125 0.33828125 0.20234375 0.0890625
6 0.67265625 0.2921875 0.19609375 0.0984375
2 0.59921875 0.66015625 0.1390625 0.08828125
2 0.31953125 0.4625 0.08203125 0.07265625
2 0.23984375 0.321875 0.078125 0.05
2 0.14140625 0.2078125 0.0671875 0.04921875
2 0.3234375 0.19296875 0.05703125 0.0390625
2 0.4953125 0.26328125 0.08046875 0.05625
2 0.66953125 0.35703125 0.0703125 0.04765625
2 0.846875 0.540625 0.071875 0.06328125