5 0.5 0.4198041347458739 1 0.8396082694917478
0 0.2763891796933391 0.13990827050323806 0.1242765620344933 0.05581846878180676
0 0.15797947394515205 0.05933533838192016 0.10374573821317572 0.05042164065150563
0 0.04278262117350247 0.215208337748948 0.060359611248705015 0.0567063569862416
0 0.05444152088305221 0.4152901833024442 0.07362589867609244 0.10708830290255769
0 0.14268207547394743 0.3505134098887993 0.06104881596343472 0.03801092068857255
0 0.5704132772931929 0.45748767322046124 0.01984161910658777 0.02409226442797028
0 0.5104004224546287 0.42497278438305414 0.10465326674922296 0.03641370435383653
0 0.4599316956139926 0.480148868503805 0.06621150496239885 0.08187004809323425
0 0.48784483395100275 0.5770610740387678 0.16741013192686935 0.07760418874473984
0 0.7124188407754284 0.45854672013256914 0.04702485731976367 0.07184028366526399
0 0.9674754831460785 0.5622992358264838 0.06504903370784305 0.09680556733052796
0 0.7609354617440431 0.2777257952676454 0.05599744292790554 0.030034729581579888
0 0.778600188998964 0.07086816005843535 0.037247442927905536 0.0293799651536097
6 0.21759649234700493 0.4350273083448533 0.28845468610347985 0.16450896641955418
6 0.7044734842842343 0.08699910234655425 0.1324187018192456 0.09666172359113019
6 0.8072389193542568 0.14986617929572904 0.16276117328319833 0.11176093393541642
6 0.21151981265366585 0.3045585583448533 0.10585620181924557 0.09573414065150558
0 0.985053550247669 0.24673872321261206 0.02989289950466194 0.03261409255827132