5 0.4953125 0.5 0.990625 1
6 0.3327165939565854 0.37031798055098053 0.24788253668480015 0.3156537347348521
6 0.5869196753102515 0.1582970946390462 0.21053564937949698 0.26533283016686776
6 0.5039036206787626 0.456751204770383 0.1877801109788372 0.2875420228399214
6 0.3760871945770884 0.6276668130926975 0.20319451082055268 0.22750528154634875
6 0.4248081879131709 0.7280253392119793 0.13485368778015677 0.23796474672063966
6 0.22241296212806563 0.7729715897778062 0.15563754922121245 0.20161116689245623
6 0.2517989337565357 0.8363541194593618 0.2904792136444042 0.32729176108127656
6 0.40729276431877903 0.9127091191764484 0.20090458511458972 0.17458176164710332
6 0.547021820203909 0.6421022065794053 0.1983084340192331 0.2740527329258297
6 0.5380175785836862 0.864132178312417 0.1736721468722145 0.2717356433751661
6 0.6351967362764535 0.38147564506858755 0.17679714687221448 0.2854063127540131
6 0.7347972341648823 0.21221106795393752 0.17459814937949716 0.26344942559888346
6 0.8051839420032989 0.15956410277964655 0.10262019780928675 0.14890889077317437
6 0.8623061202165442 0.15942798394188254 0.1002393438900782 0.12070200361804462
6 0.9095842854976659 0.20181023575090484 0.09089308762187223 0.17481629353213632
6 0.8481884812618885 0.3488213545886689 0.11954693652651578 0.24808337516934217
6 0.9020121632360574 0.3813749050182102 0.09313754922121262 0.1983356806872661
6 0.8334487166804122 0.5327050316578903 0.10554662100796719 0.19586577792830404
6 0.7553344253767585 0.6358056982116623 0.11786476458147632 0.1902708751693421
6 0.7639522220906885 0.42030352894435696 0.1561209340192331 0.2718417797373263
6 0.6583146728694761 0.6088127510160528 0.14427415188677947 0.24001856965141818
6 0.6802542058598595 0.7421951390756937 0.15195025956691133 0.23574050542706698
2 0.30970968830888224 0.5694172218445532 0.12669419530200426 0.17201219810012064
2 0.5843533017950019 0.32716992537174083 0.09670516693047429 0.10647572930778511
2 0.7515922775801072 0.2803812138154945 0.07143238229073816 0.0957905348257091
2 0.8953399290711751 0.2073232513547371 0.06798913354437915 0.08468926051544959
2 0.8677819157433401 0.4014893311829206 0.0550799565847754 0.06997166327441154
2 0.7535195242814018 0.5637259803238379 0.07938127461060632 0.10088747060135787
2 0.6127628289793977 0.7222267978275495 0.06803459765100221 0.08625176051544958
2 0.37792952474362024 0.860148442445911 0.08540395407749272 0.0934025192218769