5 0.4890625 0.5000181807181592 0.978125 0.9999636385636815
6 0.27453863149619495 0.4399675116092691 0.08317957694917481 0.1004636083130606
6 0.44347465917100914 0.3237390444921687 0.08877481252120453 0.08174996974937895
6 0.45802073177419655 0.7575055113146816 0.06511905771188112 0.0753636143631848
6 0.504273293832065 0.14905720705995537 0.08953870435383653 0.103624969749379
4 0.5680257697854479 0.18068445696175953 0.10485616950744614 0.13964428298109555
4 0.6780480666127378 0.364174188713191 0.14318949400955033 0.07425563231716562
4 0.5380852655242786 0.3891463967551051 0.1416468413771451 0.1195499515990063
4 0.30352427096657425 0.2588493218159235 0.13125497840045366 0.1351113190854491
4 0.2580009506408214 0.30937604176169425 0.13663195916315987 0.11014768052176756
4 0.1686333718775481 0.4518539123713949 0.14504465988879933 0.1273806323171655
4 0.2059299860353659 0.5474027617074649 0.12723711179556513 0.06478972872636941
4 0.392594172333035 0.5500515596174793 0.1563988221398514 0.0946408551898024
4 0.2784274902117171 0.6642544393023663 0.14537204210278443 0.13675563231716553
4 0.3937573351322412 0.785262351771957 0.13238096878180672 0.12262040944452864
4 0.5329885046396874 0.646981622652804 0.07122521397248338 0.11601588544042371
4 0.5643253285936373 0.5104174087571576 0.10892362141421189 0.0771806444174139
4 0.6756596434770945 0.5892060049699697 0.1290377139724832 0.11635222872636941
4 0.4111953833102935 0.39778507766965604 0.07018850362819702 0.08632838544042354
2 0.46318944764559655 0.27384358362158434 0.059558538474587405 0.05033634328594587
2 0.38519836770119686 0.33668395120622285 0.05470734736759484 0.045621572208706954
2 0.3574106735989794 0.30448452956324995 0.049801592558271414 0.03934430113146821
2 0.45054062550574514 0.36753904146710664 0.04338790145127884 0.03462043969514968
2 0.4090252481010834 0.3704231469514968 0.03870040145127884 0.03459316861791084
2 0.44200887369164665 0.4104668848512484 0.02965278366526398 0.04391362646343318
2 0.4618848640729998 0.4230850595192834 0.026036710344286184 0.029832945745273776
2 0.38628466334736034 0.4398362222834617 0.0466765925582715 0.03932612041330898
2 0.23215272405446635 0.40065048155503985 0.03702877404661713 0.03145907825883114
2 0.1720510377567972 0.3987380027304745 0.04467758293962456 0.026817030054229286
2 0.20101185145912806 0.3973436743734474 0.03206845553496285 0.023619307181592396
2 0.21112346144059463 0.37630446652792515 0.03670139183263199 0.02208407825883123
2 0.17058030699409088 0.3737243671918551 0.03519345553496285 0.02363748789975162
2 0.3386284133473604 0.43955896633153346 0.03859127404661713 0.03146816861791084
2 0.36389130817521725 0.45455270725634717 0.045059528855940556 0.03775453005422946
2 0.39367801189608154 0.4742612192583996 0.04316964664195542 0.028370439695149584
2 0.3564681885751039 0.48811009582002873 0.046294646641955414 0.028388620413308984
2 0.32490073004491615 0.4746424934588965 0.04193452885594055 0.03773634933607006
2 0.8265549992822099 0.452555953543914 0.04818452885594056 0.03777271077238851
2 0.7556720696079626 0.4013520018467117 0.04360615626060227 0.040870439695149585
2 0.7619840677938641 0.44436620364210977 0.03579365626060227 0.04082498789975162
2 0.7573312841286001 0.48809802292395055 0.034613102176918174 0.05175339754067192
2 0.7287970563611187 0.4996531464605175 0.03255952885594056 0.0376818071815924
2 0.6303322745099532 0.49986170383850154 0.021130955534962935 0.023555674668035032
2 0.6138541026402544 0.4794492098886257 0.03217758293962447 0.026744307181592396
2 0.5886829770496912 0.43945092378427225 0.030560519237293703 0.025172716822512698
2 0.5852107474681112 0.49412933342519266 0.038318455534962936 0.023655668617910842
2 0.5762995389379235 0.4807935412707149 0.040044646641955416 0.028352258976990542
2 0.546430989663563 0.4634287792686623 0.04215278366526398 0.04398634933607006
2 0.4710291963796521 0.5192515323919203 0.03590278366526398 0.043949987899751616
2 0.4612623267795387 0.5527952854169824 0.02749008293962447 0.026717036104353477
2 0.5403769079050648 0.569665143730043 0.034012901451278846 0.034565897540672096
2 0.5853322546396875 0.6472861496819713 0.05481647477225664 0.04874657220870695
2 0.6330058628070555 0.6694429508134394 0.04031746515360979 0.03616475897699054
2 0.5324478128997227 0.7743480985505031 0.042261911069925696 0.047111349336070064
2 0.49572906289972263 0.7741344751121322 0.03234127404661713 0.0314318071815924
2 0.5006918706116037 0.6991481106507516 0.043933538474587405 0.05024543969514959
2 0.40528760137431 0.7235981439264346 0.05098214664195542 0.028415891490547907
2 0.431051493206942 0.7018685896717086 0.022693455534962936 0.023564765027114732
2 0.42209564465822086 0.6674345023376911 0.045059528855940556 0.03775453005422928
2 0.46783721979329707 0.6106577823919204 0.03870040145127884 0.03459316861791084
2 0.4253322612631093 0.5971265475172309 0.0261458377489479 0.032957945745273776
2 0.3534200557281465 0.6201504361791083 0.04818452885594056 0.03777271077238851
2 0.3772395016444625 0.6093492915653025 0.02560020072563942 0.017332945745273776
2 0.36654753830495135 0.6022544090517452 0.01499008293962456 0.026644313231716586