5 0.5 0.5 1 1
6 0.31895023236000286 0.39487888470717997 0.09290455223856356 0.10414315467854482
6 0.5024344397323777 0.33533280406586063 0.09512879353213641 0.08699201734563582
6 0.42857637437637264 0.7435987427195885 0.06971935775648763 0.07888861600890866
6 0.594777990727746 0.19040265941276907 0.097837713703953 0.10888519867918127
4 0.6487971053816384 0.23787764341976875 0.1167448439616777 0.14189769334818117
4 0.7148702419709412 0.44086683076063204 0.14512879353213642 0.08757382001909005
4 0.5788951204196437 0.4236691454089511 0.14890224672063965 0.1297795013526354
4 0.38313116180407353 0.23400556671704315 0.1417448439616777 0.14218859468490824
4 0.33106737279449294 0.26853456070972526 0.1437234237898611 0.12034995735199913
4 0.21722728007601066 0.37573743869349874 0.15556168249628843 0.13766472668681723
4 0.23340555800431478 0.4758647080283168 0.12744997060135788 0.07799882535008998
4 0.4088869148562912 0.5317799953850886 0.15869332654882307 0.10803177068745366
4 0.2784424983025193 0.6052164007001803 0.15449050542706697 0.14702154535327167
4 0.36188019730715115 0.7521919453771344 0.14281602103089916 0.13283177601845378
4 0.5219744923096256 0.6634850760661788 0.08426653663473153 0.11809656667727228
4 0.5781691813646347 0.5438998294079965 0.11223440637700648 0.08562951201463562
4 0.6680715643358929 0.6503503714194506 0.13780097241038014 0.12652723201781732
4 0.457149595204873 0.3949254327259518 0.07966756784239593 0.08993520401018137
2 0.5315144301214392 0.29429018073676955 0.06372166327441153 0.05383407200827239
2 0.4444172218445533 0.33075384472467917 0.057226001809022264 0.04907384667409058
2 0.42600473654387433 0.29228169072245197 0.05221095318850324 0.042769302673454315
2 0.4992175864984459 0.3782379193984515 0.04579717887824373 0.0395715773392725
2 0.4612672071452321 0.36920781739336084 0.04259029172311415 0.03797271467218159
2 0.48325507179912475 0.41631008406267894 0.03362472749876275 0.04567612667090888
2 0.49978083050555194 0.4336793973981334 0.028282130257724702 0.03312158267027261
2 0.4252754754625979 0.4273470340547247 0.04908595318850324 0.04273294000636341
2 0.2875054805509806 0.3461050300365892 0.04078213025772479 0.03326703333863614
2 0.2310540846894235 0.32670959269572597 0.04530585594746528 0.0301965773392725
2 0.2595885204650723 0.33484935669954397 0.034122694482076096 0.02538180800445433
2 0.272750261758645 0.31782548870145294 0.0372476944820761 0.025418170671545236
2 0.23451327736247723 0.3033266366963623 0.03568519448207601 0.025399989337999786
2 0.38004818464399504 0.4135476160486796 0.040864017412854545 0.03482953333863605
2 0.4006849112382467 0.43486863271799764 0.04752345318850324 0.04271475867281786
2 0.42551449287545234 0.4617038527211793 0.04538774310259512 0.03175907733927232
2 0.38657482360814704 0.4635930693825432 0.04703213025772479 0.03333975867281787
2 0.36042840343633054 0.44142716804581605 0.042672178878243816 0.039535214672181594
2 0.8369233836486268 0.5648684994429949 0.05221095318850324 0.042769302673454135
2 0.7803181795556122 0.4978440841024499 0.04604284034363317 0.044259077339272326
2 0.7778006891665508 0.5391957901018135 0.03971095318850324 0.04262385200509069
2 0.7642638116223595 0.578857726766359 0.040202276119281774 0.05199885200509051
2 0.7355213359326189 0.5816463720957683 0.03642217887824373 0.039462489337999784
2 0.6427230042954132 0.5540202640833598 0.0247476944820761 0.025272720003181703
2 0.631297503390902 0.5296833354153143 0.034204581637205675 0.026944308004454243
2 0.615723413047269 0.48577879408017816 0.034204581637205855 0.026944308004454243
2 0.601156302011421 0.5355787994111783 0.0388101944820761 0.02543635200509069
2 0.5956499304601235 0.5198992554105419 0.043907130257724705 0.03330339600572696
2 0.5709841231331773 0.49618903540736026 0.04604284034363317 0.044259077339272326
2 0.4882468662357722 0.5264572433959062 0.03971095318850324 0.04262385200509069
2 0.47249239145054284 0.5536009987269063 0.03116146879233561 0.028470445337363516
2 0.5432486267512218 0.5926822274029059 0.036258404567984216 0.03633748933799978
2 0.5703677267057933 0.6781021067393148 0.05895227611928178 0.052217028007635946
2 0.6112726876962127 0.7137128900779509 0.042590291723113974 0.03797271467218159
2 0.4945632225219218 0.7810629273949518 0.04776911465389251 0.04740225867281787
2 0.4604372060135784 0.7705157787237246 0.034450243102595125 0.03163180800445424
2 0.4803126147654342 0.7028197487269063 0.04637038896415202 0.050509077339272325
2 0.38553570330004494 0.6970322780474069 0.051637743102595036 0.03183180267345413
2 0.41456810605900696 0.6848777233847704 0.0247476944820761 0.025272720003181703
2 0.41272564506858755 0.6497214733847704 0.04752345318850324 0.04271475867281786
2 0.4668875226127788 0.6105322513924063 0.04094590456798421 0.036392033338636054
2 0.4304620217082677 0.5859044213876339 0.029844630257724703 0.033139764003817976
2 0.3570245217082677 0.585049898710998 0.05064845318850324 0.04275112133990877
2 0.3826829409755731 0.5830061407144977 0.026064533016686743 0.020603401336727067
2 0.37359786804479456 0.5735311433799979 0.018579581637205855 0.02676249466899989