5 0.5171145073983976 0.5332035046527435 0.7956384097045326 0.8814098409931257
1 0.7925247600998206 0.46627580347406317 0.04657116311182748 0.049455792553055745
1 0.6995574681476203 0.3033926373459034 0.04464464206513981 0.04316942496187508
1 0.7011948338338138 0.4118772845723617 0.04059417889684287 0.05399782218833345
1 0.5652202655026668 0.3143093407087852 0.05759966837349921 0.0512728656913195
1 0.4935573681052679 0.343068813923299 0.05943518415851479 0.05599673328249999
1 0.34926133653523683 0.3303479955346878 0.06421368942018653 0.057668336056041714
1 0.38566011007158585 0.4864531783803475 0.05373121572854576 0.0652262629177777
1 0.33983791780880185 0.6507871288934377 0.05989021046687402 0.06380923328249999
1 0.41440454928001086 0.7656503691097919 0.0597992052052021 0.06224673328249999
1 0.4784152994211852 0.6189039620996878 0.06890118942018653 0.057777438829583264
1 0.5334528679640936 0.4922336657469101 0.05309417889684287 0.05428876291777769
1 0.6041825969174062 0.4876383911456255 0.046571163111827296 0.049455792553055565
1 0.5858490968468191 0.5613298110735074 0.049878173635170955 0.05265352773541672
1 0.4775107650085567 0.8310948375746531 0.06301521046687401 0.06388196846486097
1 0.6122589493788329 0.6664900897588547 0.04519067363517095 0.05254442496187508
1 0.6132130465785878 0.8436156342117712 0.05318518415851479 0.055851262917777686
1 0.6916580230422389 0.6901834693178824 0.04693518415851479 0.055705792553055564
1 0.677323236281123 0.6048090137707991 0.048315673635170954 0.05261716014423605
1 0.7728324283321456 0.663985951650452 0.050606215728545935 0.06515352773541672
1 0.651813544018339 0.7696157429692366 0.055657736775233245 0.07151263050895836