5 0.5234375 0.51015625 0.790625 0.65234375
1 0.41640625 0.2421875 0.04453125 0.0390625
1 0.2671875 0.34453125 0.03828125 0.03671875
1 0.375 0.3359375 0.05078125 0.03125
1 0.296875 0.4765625 0.04453125 0.05078125
1 0.33671875 0.54609375 0.0484375 0.05
1 0.34453125 0.68984375 0.05078125 0.0546875
1 0.4953125 0.64375 0.05859375 0.04453125
1 0.66640625 0.67890625 0.05703125 0.05
1 0.77109375 0.59765625 0.0546875 0.05078125
1 0.61484375 0.54375 0.05078125 0.059375
1 0.4796875 0.496875 0.0484375 0.04453125
1 0.46484375 0.42734375 0.04296875 0.0390625
1 0.54140625 0.440625 0.046875 0.0421875
1 0.82734375 0.53046875 0.05703125 0.05234375
1 0.64296875 0.4078125 0.046875 0.03828125
1 0.8203125 0.3953125 0.05078125 0.04453125
1 0.65546875 0.32734375 0.05078125 0.03828125
1 0.571875 0.346875 0.046875 0.040625
1 0.6171875 0.2484375 0.05859375 0.03984375
1 0.740625 0.36171875 0.06484375 0.04296875