5 0.30703125 0.5 0.6140625 1
6 0.06307515427816722 0.4367538111704167 0.07598175878059872 0.1704956443766667
6 0.1508579971713296 0.11756609365548598 0.0991556383672898 0.12572865824437507
6 0.2503034852674729 0.21055106781993035 0.08972609621281213 0.11613545269729171
6 0.2880403554843901 0.03469642942718726 0.05188066256778665 0.055887630508958376
6 0.4078756116327102 0.11392737490628438 0.04418633723582168 0.07601829255305562
6 0.3582927263886784 0.31192977023288165 0.028488614363184707 0.06315461664125
6 0.2549081302740621 0.49321809745520817 0.07860678903121973 0.08463087955902786
6 0.34622802186280577 0.5059343433711455 0.05989315046753818 0.09044446846486114
6 0.2660354860530399 0.7288646567257636 0.05689541549465282 0.11224673328249998
6 0.18436732953537743 0.8026307714671527 0.05563289734428025 0.16377286569131932
6 0.30452931772971664 0.9599685331506596 0.03319429508134393 0.06638871941479181
6 0.42663612188624694 0.917288111038576 0.04585792154477701 0.09480466014423641
6 0.3593405793389857 0.6688882850505206 0.04269656010845857 0.08848192496187508
6 0.5145694765850701 0.4379623273192356 0.04883747579950324 0.06987739532659738
6 0.4538081968254284 0.6776255457840967 0.042460210772388506 0.04785692496187508