5 0.5 0.70078125 1 0.59609375
6 0.45390625 0.9125 0.15859375 0.0671875
6 0.15546875 0.825 0.11484375 0.09140625
6 0.246875 0.7328125 0.1078125 0.0828125
6 0.08203125 0.6953125 0.05078125 0.046875
6 0.1625 0.5828125 0.0703125 0.03984375
6 0.34765625 0.63203125 0.05859375 0.025
6 0.515625 0.73125 0.078125 0.07265625
6 0.53125 0.64453125 0.08203125 0.0546875
6 0.7390625 0.7234375 0.10390625 0.0515625
6 0.80625 0.8015625 0.15234375 0.0484375
6 0.96484375 0.68984375 0.0703125 0.028125
6 0.9234375 0.5734375 0.08984375 0.0421875
6 0.68671875 0.634375 0.08359375 0.03828125
6 0.4734375 0.48515625 0.06328125 0.04375
6 0.6984375 0.5453125 0.0453125 0.0390625