5 0.6497845662650084 0.49062392073764344 0.7004308674699834 0.9812478414752869
6 0.8818844347232121 0.4911994578266601 0.0862090577372161 0.16963747060135786
6 0.7894191297580064 0.8083703476953232 0.10718941567207611 0.12867827792830405
6 0.6946974349349736 0.7229861256236274 0.09892188936371689 0.12045634215265544
6 0.6556896008893983 0.8979385379935276 0.05483868942018653 0.05895227611928178
6 0.5382738587113189 0.8277632360936483 0.0480272472985769 0.07573034034363317
6 0.5910102637894641 0.63106197648271 0.0332367052052021 0.06249335594746519
6 0.6943991162508908 0.4472834407524898 0.08460178413027997 0.0885512449116174
6 0.6051924030825939 0.44105445217245054 0.06603379465362344 0.09069359905006032
6 0.6874643897166527 0.21866047376917655 0.0657453683170294 0.11248671189493056
6 0.7690853870152295 0.14116955959025385 0.06709503669052878 0.1624048247398008
6 0.653694147397399 0.013722826775965744 0.0363617052052021 0.027445653551931487
6 0.5340040027014231 0.047076437981155815 0.053988820961982854 0.09415287596231163
6 0.5957249397731224 0.2826620980340075 0.048937299915295364 0.09135534034363299
6 0.43946942156903235 0.5182797727283799 0.05235072625188941 0.06972600180902226
6 0.5032112160814817 0.27972188376422774 0.046571163111827296 0.050730340343632996