5 0.52265625 0.496875 0.85625 0.90390625
6 0.7109375 0.5609375 0.06953125 0.08984375
6 0.54375 0.659375 0.0765625 0.071875
6 0.5515625 0.24375 0.05390625 0.0671875
6 0.47734375 0.821875 0.0734375 0.0921875
4 0.41796875 0.78671875 0.084375 0.125
4 0.321875 0.60234375 0.13046875 0.06015625
4 0.45703125 0.58984375 0.12265625 0.103125
4 0.67421875 0.7328125 0.11015625 0.11875
4 0.7203125 0.68828125 0.11953125 0.09375
4 0.8125 0.5578125 0.12578125 0.11015625
4 0.78203125 0.4640625 0.11484375 0.0515625
4 0.60390625 0.44765625 0.13984375 0.0765625
4 0.71875 0.346875 0.1234375 0.12109375
4 0.61484375 0.221875 0.1140625 0.10859375
4 0.47421875 0.34296875 0.05546875 0.10625
4 0.4375 0.471875 0.09609375 0.06484375
4 0.3359375 0.3875 0.11171875 0.1015625
4 0.578125 0.59140625 0.0578125 0.078125
2 0.52265625 0.70625 0.05234375 0.04296875
2 0.6 0.65234375 0.046875 0.0390625
2 0.62421875 0.68515625 0.04296875 0.034375
2 0.53984375 0.6171875 0.0375 0.03046875
2 0.57890625 0.61796875 0.03359375 0.0296875
2 0.55 0.5765625 0.0234375 0.03984375
2 0.53125 0.56328125 0.0203125 0.028125
2 0.6046875 0.553125 0.03984375 0.034375
2 0.75 0.60234375 0.03359375 0.0265625
2 0.80703125 0.609375 0.03984375 0.02265625
2 0.77890625 0.6078125 0.028125 0.01953125
2 0.76796875 0.62734375 0.03203125 0.01875
2 0.80703125 0.63359375 0.03125 0.01953125
2 0.64921875 0.55703125 0.034375 0.0265625
2 0.6265625 0.540625 0.0390625 0.0328125
2 0.5984375 0.51953125 0.0390625 0.0234375
2 0.6359375 0.509375 0.04140625 0.02421875
2 0.6640625 0.525 0.03515625 0.03203125
2 0.18515625 0.50703125 0.0421875 0.0328125
2 0.25 0.5609375 0.0375 0.0359375
2 0.246875 0.51953125 0.03046875 0.03515625
2 0.253125 0.478125 0.02734375 0.046875
2 0.28046875 0.46953125 0.02734375 0.034375
2 0.37421875 0.4765625 0.01875 0.021875
2 0.38984375 0.496875 0.02890625 0.02265625
2 0.4109375 0.5375 0.02734375 0.02109375
2 0.4171875 0.48515625 0.034375 0.01953125
2 0.425 0.5 0.03671875 0.02421875
2 0.45234375 0.51796875 0.03671875 0.03828125
2 0.528125 0.46953125 0.02890625 0.03828125
2 0.53828125 0.4390625 0.025 0.02265625
2 0.4640625 0.4171875 0.02890625 0.0296875
2 0.425 0.3390625 0.04765625 0.0421875
2 0.38046875 0.3140625 0.034375 0.03125
2 0.48203125 0.221875 0.03671875 0.040625
2 0.51640625 0.225 0.02734375 0.0265625
2 0.50859375 0.29609375 0.0359375 0.04375
2 0.6 0.28046875 0.04609375 0.02265625
2 0.57421875 0.29921875 0.01953125 0.02109375
2 0.58125 0.3328125 0.0390625 0.0328125
2 0.53515625 0.38359375 0.0328125 0.0296875
2 0.57421875 0.39921875 0.0203125 0.0296875
2 0.6453125 0.38359375 0.0421875 0.03359375
2 0.62109375 0.39140625 0.02265625 0.01484375
2 0.63125 0.3984375 0.01171875 0.025