5 0.5367649157469102 0.4748909820782587 0.8765041354460423 0.7859903939195169
1 0.39642563079329884 0.22646743458203772 0.049455792553055565 0.046571163111827296
1 0.2608901339274309 0.35249015023999636 0.043133057370694505 0.0430821420651399
1 0.36668553903767387 0.32677054244631065 0.05396145459715278 0.03903167889684287
1 0.3068592101998268 0.47889375554402047 0.0512728656913195 0.05759966837349921
1 0.35526164902941015 0.5417885976938651 0.0559603656913195 0.057872684158514785
1 0.3812273498268409 0.6826565213996233 0.05606946846486114 0.06256018415851479
1 0.5258845799752089 0.6124287794333053 0.06526263050895835 0.05529371572854593
1 0.702065873478195 0.6193781874952223 0.06224673328249999 0.0597992052052021
1 0.7960139355985423 0.5215938639024036 0.06224673328249999 0.0597992052052021
1 0.6326411134102088 0.49355841111627596 0.057741071238402775 0.06733868942018653
1 0.4920518277910073 0.4696721320359064 0.055851262917777686 0.05318518415851479
1 0.4670323375746531 0.4030684609609841 0.047893292553055564 0.04648015785015538
1 0.5468471241437851 0.40389594261571987 0.05265352773541672 0.049878173635170955
1 0.8427603426086463 0.44611645079057627 0.06231946846486096 0.0629242052052021
1 0.6434668977951392 0.3536768637612293 0.05098192496187508 0.04509966837349921
1 0.8177577297671185 0.3130155244539822 0.055851262917777686 0.0531851841585147
1 0.6447007830537503 0.27224485323788555 0.05410692496187508 0.04528167889684287
1 0.56486846589941 0.3042753742139858 0.05261716014423605 0.048315673635170954
1 0.5968613886770835 0.1999295084572051 0.06515352773541672 0.050606215728545845
1 0.7343451645126391 0.2920575533225902 0.07147626291777769 0.054095236775233244