5 0.5120030127876195 0.497267881084137 0.975993974424761 0.9934993676881613
6 0.3187973925707023 0.6689132357932452 0.3067510115110732 0.3600058400953163
6 0.7439933561717613 0.5083492516182625 0.2584862283335859 0.3888478603878557
6 0.8269210483027978 0.08709758887420502 0.22428290339440443 0.1492126160698986
6 0.4981460876286051 0.19308889569463364 0.23495782474278978 0.37281375730360067
2 0.3055712056060271 0.5249177739426921 0.10372496369925477 0.10492505357072232
2 0.7063620668459538 0.3959622999139792 0.1131181444174139 0.10821369480442442
2 0.3996863826117532 0.06088827597128703 0.09427724082661779 0.09226141233702041
2 0.22037509075186307 0.2616853425309483 0.10343407220870704 0.054925053570722505
2 0.2319812530250621 0.012643870534125487 0.0875999939498758 0.01871481818121904
0 0.26929385890223567 0.314106959007884 0.10975679508134392 0.06753414772652384
0 0.35345121116517203 0.21869109334172715 0.04713862041330898 0.046130706168510206
0 0.48809437675802075 0.17494286769145642 0.06304542154477702 0.09484094155801359
0 0.25169170580241884 0.6536779736183806 0.17093064441741398 0.10922281574558709
0 0.7897301205115047 0.033318023939396854 0.10803975897699054 0.04094437418757346