6 0.16171875 0.2125 0.08125 0.0625
6 0.184375 0.153125 0.07109375 0.03671875
6 0.315625 0.02890625 0.071875 0.0578125
6 0.2125 0.01484375 0.0625 0.0296875
6 0.2828125 0.05859375 0.0421875 0.04296875
6 0.2328125 0.12109375 0.05078125 0.03046875
6 0.13828125 0.0859375 0.05859375 0.05078125
6 0.384375 0.20234375 0.075 0.071875
6 0.45078125 0.103125 0.0625 0.04765625
6 0.53359375 0.1125 0.03671875 0.03125
6 0.5984375 0.07890625 0.06328125 0.05234375
6 0.653125 0.109375 0.0484375 0.04140625
6 0.85859375 0.04453125 0.034375 0.0359375
6 0.85390625 0.10703125 0.06171875 0.04296875
6 0.90703125 0.2984375 0.0625 0.05859375
6 0.7875 0.221875 0.0625 0.06640625
6 0.7234375 0.25546875 0.05234375 0.04296875
6 0.5921875 0.2046875 0.09453125 0.04296875
6 0.62734375 0.30625 0.0609375 0.046875
6 0.590625 0.23515625 0.06875 0.04921875
6 0.4890625 0.1734375 0.06875 0.03828125
6 0.14453125 0.97421875 0.071875 0.05078125
6 0.325 0.928125 0.0609375 0.08984375
6 0.25 0.86484375 0.05859375 0.05859375
6 0.178125 0.89609375 0.04921875 0.03828125
6 0.19921875 0.85234375 0.0546875 0.03671875
6 0.72265625 0.86796875 0.05859375 0.05234375
6 0.7859375 0.83125 0.06875 0.05234375
6 0.9484375 0.79453125 0.046875 0.06171875
6 0.7109375 0.71640625 0.0671875 0.06015625
6 0.4125 0.7984375 0.05078125 0.0421875
6 0.4078125 0.8421875 0.0484375 0.034375
6 0.309375 0.709375 0.09453125 0.0453125
6 0.3234375 0.7703125 0.071875 0.04140625
6 0.153125 0.75234375 0.0671875 0.05625
6 0.5453125 0.653125 0.040625 0.03828125
6 0.6890625 0.56640625 0.06328125 0.05546875
6 0.75625 0.5984375 0.04140625 0.06171875
6 0.8171875 0.6890625 0.04453125 0.08046875
6 0.9328125 0.68671875 0.09765625 0.04921875
6 0.47890625 0.59453125 0.06171875 0.04921875
6 0.4171875 0.61875 0.071875 0.0625
6 0.51875 0.61484375 0.04609375 0.0390625
6 0.47578125 0.63125 0.040625 0.0171875
6 0.5625 0.615625 0.04140625 0.0328125
6 0.60625 0.6359375 0.05078125 0.03125
6 0.659375 0.64375 0.07265625 0.05
6 0.6828125 0.5671875 0.0609375 0.05625
6 0.86875 0.6390625 0.04296875 0.05546875
6 0.7546875 0.5078125 0.05859375 0.0484375
6 0.396875 0.75859375 0.0484375 0.05234375
6 0.37890625 0.69609375 0.04296875 0.03515625
6 0.4765625 0.7109375 0.04375 0.0578125
6 0.08125 0.6 0.06640625 0.0484375
6 0.06015625 0.52734375 0.0578125 0.05
6 0.17109375 0.5671875 0.053125 0.0546875
6 0.36015625 0.56953125 0.0609375 0.0546875
6 0.19609375 0.46484375 0.053125 0.03828125
6 0.28671875 0.553125 0.0546875 0.04140625
6 0.44375 0.45078125 0.0546875 0.0515625
6 0.51484375 0.46796875 0.06015625 0.034375
6 0.4875 0.4296875 0.04609375 0.04140625
6 0.5515625 0.403125 0.07578125 0.04609375
6 0.6578125 0.4359375 0.05859375 0.04609375
6 0.70234375 0.38359375 0.09453125 0.03046875
6 0.9328125 0.48984375 0.03046875 0.0546875
6 0.9109375 0.3875 0.04140625 0.07421875
6 0.41015625 0.478125 0.05 0.046875
6 0.365625 0.475 0.046875 0.03671875
6 0.14609375 0.40859375 0.0546875 0.03828125
6 0.1703125 0.33203125 0.05234375 0.03515625
6 0.31328125 0.31484375 0.07890625 0.0296875
6 0.359375 0.35703125 0.05703125 0.0609375
6 0.378125 0.425 0.04609375 0.03515625
6 0.453125 0.3109375 0.04296875 0.06875
6 0.5125 0.36328125 0.0890625 0.05625
6 0.45625 0.36171875 0.04921875 0.03203125
6 0.5515625 0.3171875 0.06328125 0.0390625
6 0.79921875 0.346875 0.05234375 0.09140625
6 0.24375 0.26328125 0.0359375 0.046875
5 0.49375 0.5 0.96875 1