6 0.16437549010388416 0.8462375586410011 0.07602895407749281 0.08991702267663584
6 0.10506032607640374 0.8180312899825009 0.047585705331134064 0.07865225867281786
6 0.011955464568841095 0.6685045519971364 0.02391092913768219 0.08174089600572713
6 0.021304726676288504 0.7065858073281366 0.04260945335257701 0.04743862133990877
6 0.07616008775488625 0.764479575986637 0.037574207838416515 0.05666817067154532
6 0.0289676367449895 0.8611005846594548 0.057935273489979 0.06786020934118113
6 0.18059283815059768 0.6109722206397284 0.08370506175762475 0.0853204293443632
6 0.08442854348173172 0.5339926446530916 0.058341348904643334 0.07252952800763594
6 0.10489781934597917 0.4478460593173189 0.03716503087881238 0.042605670671545325
6 0.0780829182506225 0.3763074139879096 0.06454588479802066 0.07103975334181775
6 0.11561166198241635 0.3212017433163644 0.04998327962517117 0.053688621339908774
6 0.07284881512283707 0.09989945532304592 0.041761602665567034 0.03953521467218157
6 0.1381555663764783 0.11007333931413725 0.05356292069139799 0.06934998400699968
6 0.345519436988734 0.06939215328613853 0.07079588479802065 0.07111247867599957
6 0.24989939693872154 0.18843360196531977 0.07709134890464338 0.07274770401018134
6 0.27751828008738955 0.2591819066279563 0.051727636051661904 0.059956802673454226
6 0.2080288310244617 0.392758022636865 0.056125631037097 0.10374316534054522
6 0.3189807028903586 0.36413248862191117 0.05668792069139794 0.06938634667409058
6 0.23992368870459363 0.39707280529918343 0.06160274122451135 0.07725339067472685
6 0.16277250382743072 0.49871766864259204 0.04905727711788872 0.0755454400063634
6 0.9221545493542266 0.7312059745385513 0.08017088479802084 0.07122156667727211
6 0.8590802363429605 0.8053525465468236 0.0691424565847754 0.06796929734245402
6 0.882565548958515 0.8839588045433239 0.046949207838416385 0.05677725867281787
6 0.8395884387711007 0.8579053818825961 0.043960600158284534 0.06142839600572714
6 0.9196088401956617 0.3087224472072331 0.06289245658477541 0.0678965720082724
6 0.888819492940371 0.2395730052116874 0.06472774122451135 0.07728975334181776
6 0.8704512408288 0.06562697521486908 0.07194920783841638 0.057068160009545024
6 0.7594980543022845 0.3090235338956412 0.07093227711788863 0.07579997867599957
6 0.8079904124446348 0.6286633245544597 0.05007420783841639 0.05681362133990877
6 0.8530301278048988 0.6375110658816417 0.04377874373179367 0.05517839600572714
6 0.7019329775674719 0.7306445425684591 0.057688131037097 0.10376134667409058
6 0.768612012207208 0.7204968358927777 0.05227320533113407 0.07870680267345413
6 0.7282955861055336 0.8982496658975503 0.06785274122451135 0.07732611600890849
6 0.6725794128403462 0.477946803906777 0.04511392319868044 0.0473840773392725
6 0.5998502696625483 0.3202530299172765 0.06767088479802066 0.07107611600890866
6 0.6416717083006349 0.2518206559118677 0.07020485141192587 0.05079997867599957
6 0.7433084161390514 0.19440705056495924 0.08909124373179385 0.055705654678544915
6 0.7554256344023093 0.07321330323045928 0.06563702335696497 0.10853975334181779
6 0.6035278844688163 0.5427911012492311 0.06142088479802048 0.07100339067472702
6 0.6211041778840409 0.609751334579913 0.07419366943775678 0.08052384134309047
6 0.6296872191876947 0.502656449912504 0.04681281551854859 0.052089758672817864
6 0.6416045459890143 0.5493769085773678 0.023147994985435006 0.04400453866963616
6 0.6364744282797524 0.457280315245095 0.03886392319868044 0.04731135200509069
6 0.6619889053184987 0.41246725457514055 0.04069920783841656 0.05670453333863605
6 0.6776426490502926 0.35761612257323155 0.0617391335443795 0.08194089067472685
6 0.5988871632360576 0.32651212058404927 0.06767088479802066 0.07107611600890866
6 0.6973343380840907 0.13714908123809527 0.06395485141192588 0.050727253341817755
6 0.545782546780437 0.24590755792491253 0.05820495658477522 0.06784202800763603
6 0.764635217538342 0.6424445612269595 0.06101170783841638 0.05694089067472685
6 0.6978425226320492 0.6564985179026408 0.04203438730530316 0.048910214672181596
6 0.7250164395625235 0.5546542072326865 0.06556281551854841 0.0523079346753633
6 0.559403182107183 0.9587888185869128 0.058250420691398117 0.06940452800763594
6 0.48176391541413566 0.9698450445974123 0.05922188730530316 0.04911020934118149
6 0.5363497785045439 0.8653388105904126 0.06427310015828454 0.06166475334181776
6 0.5624362200456244 0.6666649532543218 0.06454588479802066 0.07103975334181775
6 0.4319267029568656 0.8306285506047301 0.04704013605166182 0.059902258672817864
6 0.5360351929277357 0.7419467639242762 0.05016513605166182 0.05993862133990877
6 0.44893967286947606 0.5680194626034575 0.05963106426490725 0.0631727093411815
6 0.47527250382743064 0.4950814019335031 0.042579956584775404 0.0676602146721816
6 0.4315763281214678 0.5205813886060028 0.04998327962517113 0.053688621339908774
6 0.4117244808661771 0.45130467727563905 0.05718802586424747 0.08657384667409058
6 0.4586115042231421 0.34298309993636655 0.0550799565847754 0.06780566534054513
6 0.4093533017950019 0.2912302432765935 0.043580166930474284 0.1020352146721816
6 0.5488944895751587 0.05843482992523071 0.06046613855894432 0.0381908906747269
6 0.4391557767221773 0.07220752327341184 0.0827048514119257 0.05094542934436315
6 0.4720445522572204 0.606018901933503 0.0563696719450391 0.05844884667409058
6 0.46443062905853993 0.6529666272676848 0.045295779625171305 0.05363407733927232
6 0.3680400477048738 0.8790120539465478 0.04708560015828454 0.061464758672817865
6 0.29089252599726145 0.8463273706238201 0.04386967194503919 0.058303396005727134
6 0.2898337943396615 0.6948285052912292 0.04156302586424747 0.08639203333863606
6 0.33956702137840794 0.6497336339513204 0.07222199247815268 0.06644316000954512
6 0.41339096628470073 0.6355978612746845 0.04368781551854841 0.052053396005727136
6 0.3027011703621936 0.5478535079567293 0.0765003155185485 0.05243520401018138
6 0.36529811025392145 0.49011318594845693 0.07005173871722895 0.0992192973424542
6 0.35656195625557086 0.5487887519494115 0.04069920783841656 0.05670453333863605
6 0.3213268013992905 0.4445466946212749 0.04887542069139794 0.06929544000636341
6 0.38271189693872154 0.18688818861395698 0.10342652837152996 0.0652442866804539
6 0.2276771236482636 0.7642784866327288 0.05435253087881238 0.04280566534054522
5 0.5 0.5 1 1