5 0.5 0.5 1 1
6 0.6702250998270494 0.29923181420763945 0.380552125874258 0.42598845706569477
6 0.28201098575845224 0.5472620853904516 0.3400453005422929 0.44535539969500026
6 0.2874872634749905 0.9441331661281598 0.25223518657189176 0.11173366774368035
6 0.5930338024080143 0.7996772641520489 0.31332826443793954 0.40064547169590237
2 0.7147194675098838 0.44091147435187555 0.1257272287263694 0.12790940729444458
2 0.3439064768796577 0.6526230390376739 0.13356699980360834 0.13277874525034736
2 0.7197185013747421 0.9246870623077784 0.11470791549465283 0.11359233415618064
2 0.853935461852543 0.6863720575581257 0.11606133723582168 0.07769120174736113
2 0.8970122543998041 0.9374085339067715 0.09084316861791067 0.039609320288472104
0 0.7947968111886131 0.6443650890932645 0.12395565046753827 0.09193553970326392
0 0.730851964975801 0.7569547016504521 0.05813975292686635 0.05759560087368065
0 0.6077593777399793 0.8290998457427783 0.08185905405833438 0.10657861474138883
0 0.7405375998270494 0.3008683558107645 0.19302381303532493 0.1482232137152085