5 0.5171875 0.51171875 0.96484375 0.96484375
6 0.3296875 0.30546875 0.3359375 0.2890625
6 0.4890625 0.70859375 0.36484375 0.24375
6 0.9109375 0.7859375 0.17734375 0.2109375
6 0.8 0.47421875 0.38125 0.221875
2 0.46640625 0.29296875 0.09765625 0.0984375
2 0.59609375 0.671875 0.1015625 0.10546875
2 0.90859375 0.37890625 0.0859375 0.08984375
2 0.71484375 0.21015625 0.05078125 0.0984375
2 0.9875 0.68828125 0.025 0.10234375
2 0.971875 0.22109375 0.05625 0.08359375
0 0.66640625 0.2578125 0.0625 0.10390625
0 0.7578125 0.33671875 0.04296875 0.0453125
0 0.8015625 0.46328125 0.0875 0.05859375
0 0.34375 0.2421875 0.1015625 0.16171875
0 0.96171875 0.75 0.0765625 0.103125