6 0.8790502758508169 0.8457282950427153 0.08789997579950323 0.07027731818121907
6 0.8536280950344617 0.9069970316500345 0.07680793969514958 0.043523903408566864
6 0.7096877183746368 0.9995592637964223 0.07663522287263688 0.0008814724071552149
6 0.7447803358610796 0.9890581404196279 0.04707498789975162 0.021883719160744164
6 0.7999081973955938 0.9380873445562479 0.0548783975406721 0.03376707386326174
6 0.9001490919112036 0.9766681217502938 0.06438066256778682 0.046663756499412304
6 0.6423451613894363 0.8439401038917387 0.0832761083130606 0.08113299756436802
6 0.5695030799091512 0.9450019975610726 0.06748748184962743 0.05273526217486477
6 0.48192581185697436 0.9301934293798537 0.04083407825883114 0.036646612012708954
6 0.41180875457718624 0.9625598701270885 0.06908634328594587 0.05901253571381489
6 0.3545820618569745 0.9279706359554009 0.05182612041330899 0.046212526785361516
6 0.13458317924522128 0.9780313169634031 0.039207945745273864 0.02568183847375849
6 0.1420502456001958 0.9187926846581547 0.06746930113146812 0.04961026217486477
6 0.09085940856076588 0.7132324314117439 0.06756020472226434 0.0652352621748646
6 0.21557358313060507 0.8005569277582959 0.06916815651766246 0.07307503571381488
6 0.28413268558993304 0.7689444634721109 0.058094301131468205 0.0494466209411625
6 0.42275482405541875 0.8299519216692159 0.10185339149054773 0.051772780031772214
6 0.3877480440993853 0.7207581538123085 0.06592498184962733 0.052707988635914305
6 0.42491222169428655 0.7979615819776414 0.07532725292686634 0.0575591298696164
6 0.5307809474937898 0.8685525458567895 0.07525453005422929 0.04505912986961604
6 0.9204988523611322 0.04809536444175024 0.07678066861791066 0.038836403408566665
6 0.727725545081344 0.07832083238138327 0.06775110226293642 0.09804776217486462
6 0.8054692708808471 0.1484208725594251 0.06443520472226431 0.06518071509696392
6 0.8826403040583344 0.1200834127374669 0.054932939695149584 0.04314207386326192
6 0.8594664244716433 0.16498680965321183 0.05961134933607006 0.041661394480112926
6 0.30378859621281207 0.11935356655636595 0.06439884328594588 0.058930715096963925
6 0.23603346965118313 0.15488591761202616 0.07378293364502549 0.060656856330665976
6 0.06278686719185508 0.18467105478853843 0.05195338544042356 0.0680875267853612
6 0.3125374031980127 0.2804274342511176 0.07382838544042354 0.06846935633066593
6 0.6308510659621911 0.210991236196987 0.05495112041330898 0.04626707386326192
6 0.6376141503693423 0.16502021712226353 0.05335225897699036 0.03998980032431154
6 0.7376692134046672 0.31050208684561015 0.10186248184962743 0.053335280031772035
6 0.7247874183233233 0.2446588985340074 0.07839771077238851 0.048238676947516976
6 0.9046294544276767 0.2743578555132965 0.07380111436318479 0.06378185633066594
6 0.4856209000747548 0.35687866030513027 0.04555793969514958 0.042978432629559825
6 0.33143791500367353 0.44089732994904657 0.06910452400410509 0.06213753571381488
6 0.26013054156530246 0.4029376339268061 0.04570338544042354 0.06797843262955983
6 0.1986203489432866 0.3034364659077428 0.05207156010845857 0.08840002678536116
6 0.07595500858420699 0.2997329931001412 0.10501475292686624 0.0580773271096728
6 0.5539668999765588 0.42290880924947 0.06750566256778648 0.055860262174864596
6 0.6202367945903646 0.4006304346548594 0.07696247579950324 0.07008640340856669
6 0.5132100897699045 0.3995434472367612 0.05024543969514976 0.04306025324641087
6 0.5592038458200286 0.3831605166357962 0.04386817466803503 0.021076159090609538
6 0.46631236387220537 0.394818991068251 0.045521578258831144 0.036728432629559826
6 0.4208725988450908 0.37215305843869106 0.05489657825883114 0.03689207386326192
6 0.36455896633153345 0.3602337110364789 0.08001475292686618 0.057640950486467356
6 0.3376879150036735 0.4410064241048479 0.0675420240041051 0.062110262174864594
6 0.14189362597245378 0.35478473173605546 0.048792024004105095 0.061782979707460585
6 0.25913164382823883 0.4997853603878557 0.06437157220870696 0.05424321509696384
6 0.6467215056573408 0.2534514715864904 0.05346134328594587 0.05873980032431163
6 0.6642998910977643 0.3209389805149442 0.047102258976990365 0.03988070616851021
6 0.5602754664297293 0.29881279017474655 0.048810204722264314 0.06490797970746058
6 0.9699044756031114 0.4395658441492108 0.060191048793777215 0.05265344155801355
6 0.9818413942210222 0.5163328956913383 0.03631721155795553 0.05536933847375849
6 0.8799844993126289 0.4692203421206159 0.058167024004104916 0.0619466209411625
6 0.6799254119786114 0.4555730791349724 0.0675329336450254 0.06054776217486459
6 0.8509242340891227 0.5765146448805595 0.05805793969514994 0.04319662094116268
6 0.7566060866466465 0.4772219825435391 0.05963862041330899 0.04634889448011279
6 0.5868935503459012 0.577374166797952 0.06126475292686635 0.057313668019063256
6 0.5125475353187866 0.5542036736978109 0.06584316861791066 0.038645488635914306
6 0.5401412701934761 0.5976497106294418 0.05182612041330899 0.04621252678536116
6 0.4715367159387499 0.6214496749156269 0.08311248184962743 0.053007997564368026
6 0.36037650214129935 0.5812320036501527 0.06436248184962742 0.052680715096964016
6 0.3106855743500063 0.6334842504037418 0.10177157825883124 0.037710280031772035
6 0.07014186670087577 0.5089852621748646 0.034720433645025486 0.05997501785690744
6 0.089528191836449 0.6186875446422687 0.048901108313060514 0.08053297970746058
6 0.623448673882468 0.549890094963285 0.05498748184962743 0.05251707386326192
6 0.6711367401392467 0.5561906879012704 0.05179884933607006 0.041525026785361165
6 0.9020600080932276 0.6383385348964454 0.05962043969514994 0.04322389448011279
6 0.872840661585828 0.718289087656389 0.05803975897699054 0.04007162094116268
6 0.721350884458465 0.7281435543782061 0.08613748789975162 0.03587504464226861
6 0.6734264688656162 0.6812179614402207 0.06289088544042354 0.06827844155801355
6 0.655816267168414 0.6082617025117669 0.05022725897699036 0.039935253246410875
6 0.5729088392789251 0.7247713181779238 0.04886474687674216 0.07428297970746059
6 0.5116349959929792 0.6658951501588606 0.0956761143631848 0.0641636858759707
6 0.5710327218906783 0.6708377946389734 0.05489657825883114 0.03689207386326192
6 0.46894350194490764 0.7128013778377261 0.06899543969514958 0.04338753571381489
6 0.2069884026088375 0.6676080600635442 0.059947692622015936 0.09947389448011279
6 0.7935576825648709 0.7864293871699217 0.03936248184962743 0.05224433847375849
5 0.5015625 0.5000272735389504 0.996875 0.9999454529220992