5 0.5 0.5 1 1
0 0.38646161554153513 0.7315417490485979 0.12113063231716562 0.145527358706968
0 0.7260695370863122 0.6516074872227808 0.27153060811666874 0.22038939034162972
0 0.4288597564429077 0.29410275745155484 0.2727022226762452 0.1532655573378241
0 0.3417177838648583 0.4976323226608633 0.17881586729005097 0.12600803756616052
0 0.500225175453602 0.518938272774594 0.21379992134838535 0.2320962114824372
0 0.2870024919067723 0.6344983112921568 0.22316583098930573 0.23091571345960366
6 0.6348309378484379 0.7533835514435061 0.2083670119038567 0.10378021049385389
6 0.8412541755517978 0.5976932614430686 0.1322590298578376 0.17878552768032882
6 0.7414319584346976 0.42874299018853035 0.19784766842151918 0.17520954152049342
6 0.5379756812091385 0.3430906971851623 0.12879768657189175 0.12084569368794007
6 0.5578109373574586 0.4259496181356893 0.1428783672900508 0.12454369665368965
6 0.548426326117532 0.5615369496566203 0.1193772347764936 0.1126511917107738
6 0.625647356269957 0.5857822159682426 0.20059996369925487 0.11127437551288218
6 0.4726990973911624 0.6834809338392894 0.1286886022629364 0.10209569368794007
6 0.4190473774453918 0.6375344224705829 0.15834883118569748 0.09861786661563343
6 0.4007751421779188 0.42033233501815304 0.13336701190385672 0.1007241946765232
6 0.24689057631392358 0.6789685528891998 0.08479315651766246 0.07531301779449713
6 0.24508367838046818 0.45227871889681104 0.102371541958086 0.14320085475263547
6 0.22423588895646498 0.2748248809500896 0.11954995159900639 0.1423386917107738
6 0.3020563619272978 0.33035198075980915 0.1255272408266178 0.09571835969555131