5 0.5 0.5 1 1
4 0.5156885902370135 0.46106039059518517 0.2751130220358336 0.209395370703362
4 0.7866101943417354 0.901537750557005 0.17173214247680554 0.13008858402290785
4 0.19747691879052015 0.8107631353039558 0.15236389342673623 0.10330790802036276
4 0.15358471447770777 0.649598915977092 0.241608231382639 0.11215674403245295
3 0.905675197760208 0.5846127852085058 0.12743662860909738 0.10614200668363552
3 0.5526917488626382 0.78397972258914 0.09077177678548623 0.07447383601209037
3 0.530219296449687 0.6756768739258671 0.14749455547083343 0.09544086401972632
3 0.29426295944371467 0.7127881646244565 0.15875936379145844 0.1096306333545444
3 0.9517702541809718 0.5169071172024606 0.05556032218833309 0.038136346674090583
3 0.890046931708298 0.7527178952100966 0.08234233415618064 0.11498974801081766
3 0.44405967164031174 0.8875598032702301 0.08928201196784738 0.077580654678545
3 0.591280163756527 0.8710070079169583 0.06827852773541672 0.047656797342454385