5 0.5 0.5 1 1
4 0.47265625 0.53046875 0.2484375 0.17890625
4 0.15234375 0.12578125 0.15546875 0.1109375
4 0.740625 0.16015625 0.13984375 0.08671875
4 0.803125 0.3140625 0.228125 0.08359375
3 0.07578125 0.44609375 0.11328125 0.0921875
3 0.396875 0.2203125 0.08125 0.06484375
3 0.43125 0.32265625 0.1359375 0.078125
3 0.6578125 0.265625 0.1453125 0.09296875
3 0.03828125 0.51640625 0.05 0.03203125
3 0.0703125 0.28046875 0.06875 0.10546875
3 0.4890625 0.1078125 0.0796875 0.06640625
3 0.34765625 0.13828125 0.0625 0.03984375