5 0.5 0.5 1 1
4 0.4075736039109034 0.7998396520528158 0.38219947663298637 0.24656920138445226
4 0.42920372283326425 0.35333736939049737 0.27060735999173635 0.21715332670272555
4 0.4720848199072226 0.5178544027291335 0.19262652393569457 0.15532494135899882
4 0.8033192489531602 0.6552662327736769 0.17631315254479177 0.2597942653564534
4 0.751591135161702 0.5468810207669954 0.20276654977125014 0.2554158480267262
4 0.6300732789696877 0.22524128341817792 0.26872016451263914 0.3374112827020893
0 0.7258215368534724 0.2115156854312228 0.10250936379145834 0.10897610534690845
0 0.7201027861878824 0.4356071660964046 0.23303462480937523 0.21359197469763486
0 0.5449222546527435 0.4929276754057694 0.46657447663298635 0.2475509933959062
0 0.6194520888089241 0.6078265167488599 0.1351763934267362 0.10310791335136286