2 0.7368323358130296 0.3924374785148156 0.10734592721213972 0.09602955223856365
2 0.5915669933804623 0.5531625373120999 0.08445208271265763 0.07300813206674697
2 0.6840327832890492 0.6476329115769308 0.08616013192686936 0.0762150192218769
2 0.9487823339510028 0.6092918651041185 0.0927012303552928 0.08279256784239593
2 0.8878556042148824 0.7736575802784095 0.07878427956950454 0.08518058344622811
2 0.9174018631062225 0.8391121619156152 0.06809933664159899 0.056564260515449404
2 0.710901460086904 0.8898580331282286 0.06809933664159917 0.056564260515449404
2 0.6696899551245052 0.8082052414051144 0.06482878742738744 0.05327548620519025
2 0.5303877065722473 0.745571365331261 0.058360463606069855 0.048260437584671224
2 0.43282565591029354 0.7926743374029569 0.046006012820281585 0.050730340343632996
2 0.5261261997478217 0.8716015988229178 0.0565068651776464 0.041928550429541286
5 0.5 0.5 1 1