5 0.5350224675358912 0.4977071596563669 0.9299550649282177 0.9954143193127338
4 0.6015237694817606 0.149559670964786 0.3627569188298422 0.2125840456798429
4 0.6326496696472116 0.6021999920865422 0.25006600405718976 0.19575067051050077
4 0.5705878206201463 0.4462233090244269 0.1772909772718286 0.14042136137453215
4 0.22044354464556398 0.3833979189286211 0.14331717207625302 0.25103795680654795
4 0.28510428815274225 0.47991771483560675 0.1713330779204517 0.24626192559888338
4 0.44542458482690106 0.7751439263918529 0.22576720779006793 0.3240460888732951
0 0.35115638758684464 0.8097446556996382 0.08765573295387145 0.10294129353213641
0 0.33012468750411916 0.583711100181714 0.20952282467404082 0.1983091044771271
0 0.5004020056853381 0.4873672874277009 0.4515739569792892 0.20318911352223878
0 0.41080944602553576 0.3882514360027914 0.12493754464226861 0.09240658525525039