2 0.6800384187619046 0.6898348782513538 0.083921561346272 0.09675799756436802
2 0.5073810740769964 0.558446330766416 0.06495338534372674 0.07768071509696402
2 0.42874809142263226 0.6504622812528833 0.06497156667727229 0.07924321509696383
2 0.4988536954566761 0.9000707690780188 0.07125792934436319 0.08247730925276535
2 0.33260143944935827 0.8490555142067547 0.07579997867599957 0.0700591298696164
2 0.27358097545349447 0.8805606586868677 0.049146572008272396 0.061782979707460585
2 0.19942421809354116 0.6857214914785834 0.04914657200827235 0.061782979707460585
2 0.27237991275458684 0.6430333851479174 0.042842028007636035 0.056986385551659066
2 0.3145572274029059 0.5071134760573079 0.042805665340545127 0.05386138555165907
2 0.2564623693904974 0.41670271022899524 0.0442227146721816 0.041388659090609535
2 0.19266404606936044 0.5076783120954345 0.036537484006999674 0.05218979139585791
5 0.5359375 0.4993727086041422 0.928125 0.9987454172082844