5 0.6255083652541261 0.500831767855785 0.7489832694917478 0.99833646428843
0 0.8021651236916465 0.41256221261910025 0.10549108656782166 0.11309087334017516
0 0.7223436374018266 0.8410912127172961 0.07849207694917482 0.10043633723582168
0 0.6466715148064883 0.8375253303019345 0.044151793283910834 0.05649543969514994
0 0.633253888667771 0.59521056527482 0.0920635036281972 0.08645565046753809
0 0.7600544908446893 0.5443752940011894 0.08759425843752044 0.09267837939029935
0 0.6576735684268362 0.3210781736860764 0.1368502139724832 0.11639768052176747
0 0.6182415353945444 0.2419264839909267 0.042862111795565025 0.06429884933607007
0 0.6790971898410483 0.24462475799503175 0.051909729581580064 0.05497839149054773
0 0.5628943256832304 0.14861684552544102 0.10656251324684404 0.09903746369925477
0 0.5175148159797656 0.4859214028052293 0.06232143992586607 0.08472043364502539
0 0.5325767876719791 0.7259015081914235 0.03886409255827132 0.03928066861791084
0 0.6321403111704422 0.49283954419758114 0.06846231252120454 0.08163179508134402