5 0.51171875 0.5 0.9765625 1
0 0.3015625 0.36328125 0.1265625 0.1015625
0 0.346875 0.709375 0.17578125 0.246875
0 0.72890625 0.46328125 0.10703125 0.25703125
0 0.5359375 0.35 0.09609375 0.165625
0 0.49921875 0.50390625 0.19921875 0.18515625
0 0.40703125 0.278125 0.196875 0.1953125
6 0.25625 0.60625 0.06953125 0.1984375
6 0.38828125 0.83046875 0.1578125 0.109375
6 0.56484375 0.7546875 0.14375 0.1765625
6 0.6703125 0.56484375 0.0984375 0.115625
6 0.5859375 0.5734375 0.1015625 0.12890625
6 0.453125 0.5453125 0.09375 0.10625
6 0.421875 0.61953125 0.07734375 0.18984375
6 0.33984375 0.4546875 0.08125 0.11640625
6 0.390625 0.40703125 0.0703125 0.1484375
6 0.6078125 0.41796875 0.078125 0.12265625
6 0.36640625 0.23125 0.06171875 0.0765625
6 0.590625 0.259375 0.1265625 0.084375
6 0.76796875 0.2625 0.12421875 0.10234375
6 0.70625 0.3328125 0.075 0.115625