5 0.5 0.5 1 1
0 0.3184594611371218 0.3534354849034068 0.13921091567683314 0.11883139081820956
0 0.3578906518202725 0.7165005651348653 0.2030413981258558 0.274721825888232
0 0.7604233037735589 0.5004112621965998 0.13451871865896942 0.27933224317557437
0 0.5629452470304991 0.3632622109154735 0.11451244404836292 0.18165672249741
0 0.5206621217993899 0.5188914727022977 0.22153533386094856 0.2131678957806084
0 0.4300896314328083 0.2751542812221344 0.22185358260730723 0.22410539578060834
6 0.26555473614343944 0.5998524125298313 0.08890469028743926 0.21323205417661056
6 0.398314726510021 0.8455545184018529 0.17385870031656908 0.12980743217453822
6 0.583033055818623 0.7855010839510028 0.1649216210079672 0.19804800992479735
6 0.6969949527573446 0.5996620913946009 0.1130121285298145 0.13009422249741007
6 0.6088273630239013 0.59945657609312 0.1165463054894186 0.1443022717116218
6 0.4718441885715796 0.5571876852749104 0.10644387978345567 0.11886562406898663
6 0.4373304477427797 0.6312587320079227 0.09805236975432585 0.20585620181924558
6 0.35643448574772807 0.4519479135632887 0.09430759263643722 0.1307834272121397
6 0.4097580625490476 0.4076200248119936 0.08579641066226813 0.16003427956950453
6 0.6346587741483878 0.4415006809316842 0.09136444906292791 0.13688787799792798
6 0.38881376207419394 0.22407977874093507 0.07111413354437932 0.08445208271265772
6 0.6212458288463836 0.27547542059260194 0.1386653463973609 0.10008139081820958
6 0.8060072737526763 0.2973440742310931 0.13608591567683276 0.11868584160399784
6 0.7392804264973857 0.3636732415184354 0.08796666442319179 0.12736732878371626