5 0.5 0.5 1 1
4 0.4946149106678045 0.446423617698047 0.2334847038861602 0.28665806899199797
4 0.9357769882131757 0.16573531047717185 0.12844602357364857 0.1788807508107789
4 0.8513402154635875 0.7693705994373976 0.11665246071058562 0.15815914772652384
4 0.6860812425518927 0.813695118105084 0.1318108879227255 0.2489750624991764
3 0.6201348715877872 0.0556376379889388 0.11476032092583352 0.1112752759778776
3 0.8234826193114756 0.40628026421005015 0.08241870181924575 0.09355117694751698
3 0.7135639638109577 0.43009168547552423 0.10698636228216216 0.15174550649282176
3 0.7513337533052598 0.6702530353133684 0.12475605913900907 0.16454551542127546
3 0.5500920452852702 0.014127135147917375 0.04080909057054054 0.02825427029583475
3 0.7925920684446341 0.06200811283007831 0.12275260339082195 0.08801028896022582
3 0.9302848910230974 0.517007484178278 0.08390842721213972 0.09201595048646745
3 0.912324641437382 0.36641714895093036 0.05327485731976367 0.07118525324641087