5 0.34736101411925796 0.5 0.6947220282385159 1
0 0.2067192937444291 0.5631152329258298 0.09358016693047429 0.10631195499752569
0 0.30186167986259804 0.16013075305221772 0.06830738229073816 0.09562676051544958
0 0.3748134465556454 0.1740947557657512 0.03743781551854841 0.0534459045679843
0 0.3785762587089816 0.41064973145549166 0.08352320533113407 0.08238313206674697
0 0.25308216521461463 0.4407356218899817 0.07745506175762476 0.08830558344622812
0 0.3432909427282147 0.6724603346894236 0.124875631037097 0.10951219810012063
0 0.37924882627259415 0.7554709085247131 0.036102636051661904 0.06117651741285464
0 0.3196237736861694 0.7437654466297825 0.04520485141192578 0.05229284034363317
0 0.4288971367765777 0.8532400231786056 0.09625052586424747 0.09085072930778537
0 0.48589231670568267 0.5332827272716202 0.05388116943775678 0.08238977611928178
0 0.48141645071228056 0.2990305580043148 0.03537521034569906 0.03617651741285446
0 0.37521322947952185 0.5095409328349727 0.058386813011266005 0.07638543758467105