5 0.49765625 0.69140625 0.9953125 0.6140625
0 0.5203125 0.81328125 0.09453125 0.08046875
0 0.125 0.6640625 0.08828125 0.05625
0 0.14296875 0.59296875 0.0484375 0.03203125
0 0.378125 0.62109375 0.0703125 0.07421875
0 0.4015625 0.75078125 0.07734375 0.0671875
0 0.6359375 0.69140625 0.0921875 0.11328125
0 0.7203125 0.66640625 0.05703125 0.02890625
0 0.70546875 0.72421875 0.046875 0.0390625
0 0.8203125 0.6296875 0.07890625 0.0859375
0 0.50546875 0.5296875 0.075 0.04375
0 0.27265625 0.503125 0.03203125 0.03046875
0 0.47578125 0.6375 0.06875 0.05