5 0.4448805267345423 0.5 0.8897610534690846 1
0 0.5390203307208612 0.4241076656302032 0.19389654535327167 0.15582627667402046
0 0.5546827880728603 0.5622626370941559 0.141189716024817 0.1892894400324213
0 0.429718603397497 0.49241455582924026 0.08197725334181775 0.06628427956950453
3 0.4613980541056315 0.7991932487571457 0.12345677601845377 0.141613919354257
3 0.4580179680935411 0.710021586846487 0.12056813335454457 0.16178087014004508
3 0.3201168840706331 0.5349401960282772 0.16913290268936265 0.17497438296032683
3 0.3334146733768162 0.3356679420993359 0.07598179201145401 0.08786818114108116
3 0.4072976160486796 0.3773695986333112 0.07787155601527207 0.11606595574818694
3 0.483777752705271 0.30675319168505116 0.06687951201463563 0.11086903349844608
3 0.5157544587046347 0.30355757113072124 0.02543635200509069 0.03866439371369372
3 0.5779731953771343 0.3494009181114026 0.0442590773392725 0.045787688998963995
3 0.6357867900620426 0.48639580396721344 0.036628390674726855 0.06104881596343468
3 0.6981606154121327 0.6126715136443419 0.09874767735518084 0.16544952564056317
3 0.634316291414678 0.6284377547530017 0.04462270401018138 0.07703768899896417
3 0.6498605700986319 0.7564364762169544 0.07434656667727228 0.08154540653397539
3 0.6069554547660408 0.7599039245215434 0.04771134134309048 0.07405823821317573
3 0.6074003500954502 0.7310340618250963 0.07650905068427179 0.1331806811410811
3 0.5405582954328135 0.7575922537195444 0.052635198679181275 0.09458906203449331