4 0.32009487133990877 0.04657852156821818 0.13045111600890866 0.06637949980360827
4 0.2446965240292714 0.21421599434265923 0.18177835335772619 0.18073289129415607
4 0.3333964920432707 0.31683193423420064 0.16451812802354437 0.17438289734428025
4 0.33127256007317846 0.5371717053114395 0.1476760733609078 0.20397040339440445
4 0.4385048994270866 0.6881206060735654 0.1804522106938169 0.20103630093507655
4 0.5096077400938593 0.6884882447354427 0.09840223201781732 0.13181360226293642
4 0.6231082607813129 0.8409632840612501 0.17878062269254436 0.19165221057599666
4 0.6504690974299502 0.7079826124182771 0.12340223201781733 0.13195904800821018
4 0.6421218901177219 0.8635104497522945 0.10323518268618095 0.14434087334017534
4 0.7441929201145402 0.8394775312325796 0.08741018801718106 0.12706246974937904
4 0.7904133921069041 0.7829548204601912 0.08261360001590852 0.11766019867214013
4 0.7577088854232686 0.6581366276417835 0.08884541868236298 0.11613406010845857
4 0.8703446980824052 0.6020088266085113 0.06662497334499946 0.08631929508134384
4 0.8474708194223141 0.6505826819947055 0.06349997334499946 0.0863011143631848
4 0.5437356500636334 0.46561837129707173 0.12816245735199913 0.13823631908544912
4 0.5918469807447237 0.5715956605246831 0.09967383068109026 0.10682269262201594
4 0.6042191640674515 0.4933933924725064 0.09987382535009015 0.12401019262201593
4 0.6030191960534521 0.39026839247250644 0.10781359468490823 0.1349931444174139
4 0.5003834500318167 0.23147972063314173 0.10021927068745348 0.15369769262201594
4 0.5729027926877718 0.15214622375639972 0.11411813868554468 0.13971700585373248
4 0.6249930987030438 0.26435078708631216 0.09840223201781732 0.13181360226293623
4 0.6529533720162266 0.11574057026379943 0.09674882535009015 0.12399201190385671
4 0.7053511186744087 0.05509500351604143 0.07945223734881743 0.11019000703208286
4 0.6612374920034998 0.02394954264545703 0.06309998400699968 0.04789908529091406
4 0.7417084313733163 0.29023605533488067 0.0968033693507266 0.1286795119038567
4 0.73734019939527 0.4519911667711991 0.08902723201781733 0.13175906010845856
4 0.8039009907304061 0.4648860765103153 0.07483746268299925 0.12073974687674198
4 0.8379032733927246 0.4326548386105637 0.06028406667727211 0.0784704336450254
4 0.8159993593650441 0.228862218099059 0.08244996801399936 0.10359769867214012
4 0.793253297382225 0.355565618664793 0.0840670120146358 0.10829428903121974
4 0.8442436327179976 0.3732389319947055 0.06807838534372693 0.07695338544042354
4 0.9032373720559974 0.4072730435292198 0.09958292401336308 0.09901019262201594
5 0.5 0.5 1 1