5 0.49650681885891884 0.5333783162650083 0.9930136377178377 0.8832433674699833
0 0.3941222576529951 0.40400860565696 0.14020127667402046 0.19983194198043536
0 0.5391800465281247 0.40101386632147806 0.18863446856846872 0.1356476156156063
0 0.44760251447742067 0.5271129057134297 0.06159677956950453 0.08461719468185844
3 0.7703486557099148 0.523118566547357 0.13663532092583353 0.12326944198043535
3 0.6770716906561031 0.5184226322476679 0.16127144789030404 0.11691302616718495
3 0.4763374824267167 0.646204539956649 0.16516273531769166 0.1670040314288567
3 0.2713803087292336 0.613731487128169 0.08616013192686944 0.07669827886860787
3 0.324764327959656 0.5381630687546699 0.11719180810555185 0.07383088410204497
3 0.26336025517179573 0.4513602897448875 0.11192211124870503 0.06105786831702957
3 0.2649612965281246 0.41698528974488747 0.040081344499481995 0.02415013154179633
3 0.3215602069910413 0.35603310821720874 0.042517139784752266 0.04299113680346807
3 0.4726347094722406 0.30749835572754713 0.06083049214211726 0.03470819994353027
3 0.6114275357747576 0.25500414533126037 0.16940927956950452 0.09089655773721601
3 0.6183453157585469 0.32394386113039336 0.07987159057054054 0.04205026308359248
3 0.7541372665443353 0.3191514033649425 0.07983735731976367 0.07477175782192055
3 0.7512091656347124 0.36529065599577837 0.07369436517764641 0.043248742036904986
3 0.72095873945603 0.3623777585983795 0.13572348428423436 0.07023544724210717
3 0.7385956956185018 0.43536793756580944 0.09876713978475227 0.04626732622365459