5 0.51953125 0.5796875 0.9609375 0.69140625
0 0.4109375 0.4421875 0.1078125 0.17265625
0 0.54765625 0.46171875 0.1625 0.10234375
0 0.4546875 0.5671875 0.046875 0.07265625
3 0.75859375 0.61328125 0.11484375 0.09765625
3 0.67109375 0.59453125 0.1390625 0.0875
3 0.475 0.68515625 0.13671875 0.13671875
3 0.284375 0.621875 0.07265625 0.06015625
3 0.3390625 0.559375 0.10390625 0.05234375
3 0.2859375 0.46640625 0.1 0.0421875
3 0.2890625 0.434375 0.03515625 0.0171875
3 0.34609375 0.38515625 0.0359375 0.0359375
3 0.48984375 0.36328125 0.0546875 0.0234375
3 0.62421875 0.33359375 0.15 0.0625
3 0.62734375 0.40078125 0.0703125 0.028125
3 0.75390625 0.4171875 0.06640625 0.06015625
3 0.74921875 0.4609375 0.06484375 0.03125
3 0.72109375 0.453125 0.12109375 0.046875
3 0.73359375 0.525 0.0875 0.03046875