4 0.02109375 0.57421875 0.0421875 0.1234375
4 0.16640625 0.6859375 0.15 0.15
4 0.2859375 0.62421875 0.14609375 0.13203125
4 0.4984375 0.67734375 0.1828125 0.10703125
4 0.66796875 0.609375 0.16953125 0.1421875
4 0.68515625 0.540625 0.11875 0.07109375
4 0.8578125 0.4671875 0.1609375 0.1421875
4 0.7359375 0.409375 0.11015625 0.0984375
4 0.884375 0.45390625 0.1296875 0.07265625
4 0.884375 0.34921875 0.115625 0.06015625
4 0.840625 0.29140625 0.10546875 0.05859375
4 0.71328125 0.29375 0.1015625 0.0640625
4 0.684375 0.17265625 0.07578125 0.04921875
4 0.72578125 0.20546875 0.0765625 0.04453125
4 0.47734375 0.45546875 0.11640625 0.10234375
4 0.59140625 0.43359375 0.090625 0.07890625
4 0.51875 0.403125 0.109375 0.07421875
4 0.41875 0.38125 0.11875 0.08046875
4 0.2421875 0.4421875 0.13984375 0.0671875
4 0.18203125 0.35390625 0.121875 0.08671875
4 0.303125 0.3296875 0.11796875 0.07109375
4 0.16484375 0.2671875 0.10859375 0.07109375
4 0.11484375 0.2015625 0.109375 0.05390625
4 0.05078125 0.2328125 0.1015625 0.0390625
4 0.353125 0.22265625 0.11484375 0.07109375
4 0.509375 0.26484375 0.11953125 0.06171875
4 0.53671875 0.20390625 0.1109375 0.05078125
4 0.5140625 0.16328125 0.06953125 0.0453125
4 0.31171875 0.1375 0.09140625 0.0625
4 0.42890625 0.18828125 0.0953125 0.0609375
4 0.4578125 0.14375 0.0640625 0.053125
4 0.50390625 0.09453125 0.08046875 0.08203125
5 0.5 0.49453125 1 0.91875