4 0.5446676053861943 0.019251011771122813 0.1299602107723885 0.03850202354224563
4 0.40073631908544904 0.11958047402871297 0.18544766237139498 0.18759327759614014
4 0.43275445442767674 0.25106625324970616 0.16664312021691713 0.17789099512873605
4 0.32998449931262896 0.4481924435899038 0.14962833703942993 0.20727848620028233
4 0.3560480713249442 0.6305685669666984 0.1824226563212707 0.2047262305182393
4 0.4203105592246958 0.6638253518697343 0.09921018052176755 0.13453073295387127
4 0.45030310713471017 0.8500395413991532 0.17924311416679295 0.19529668344033874
4 0.5364128030763757 0.7438383599874092 0.12420109016268803 0.13340460957707698
4 0.45672582395722283 0.8796179472433518 0.10397040339440444 0.14711255357072234
4 0.5592104745229569 0.9020502804421046 0.08824540944452863 0.12965231818121908
4 0.6278013932390636 0.8735064947282896 0.08506586729005097 0.1202227711033185
4 0.6551900741536146 0.7464530710271834 0.08973518657189175 0.11717959172016919
4 0.780984959692234 0.7466013011416811 0.06768746974937905 0.08711026217486477
4 0.738988357232906 0.7801501866933401 0.06300906010845857 0.08859094155801372
4 0.5528361920328407 0.4778997142894803 0.128934041958086 0.14129893019392786
4 0.547267968963812 0.5951963084452817 0.10062723477649378 0.10955800649282174
4 0.5945515142415477 0.5303019655072962 0.10073631908544911 0.12830800649282176
4 0.6401089330558503 0.4373098961082613 0.10859427088084708 0.13625687418757337
4 0.6218260447867563 0.24932865503671503 0.10089085518980259 0.15487050649282175
4 0.7231703761688455 0.2100558750049429 0.114871541958086 0.1410534683433749
4 0.7184243097156752 0.3343700823912691 0.09921018052176755 0.13453073295387147
4 0.8114788972460844 0.21320242005424875 0.09759313836729007 0.12512845941492107
4 0.8894084545258725 0.17824499310673173 0.08038745764913031 0.12170345048646736
4 0.8733925690854492 0.11133022849623513 0.06309087334017534 0.10265344155801359
4 0.8110526921310367 0.4085421935931991 0.09919199980360816 0.13140573295387145
4 0.7329736648072818 0.5521070073101912 0.09139768052176755 0.13439436525911966
4 0.7847816045024315 0.59339448052483 0.07570904800821018 0.1231841298696164
4 0.8308026316297944 0.580089911125795 0.06296360831306061 0.08077844155801354
4 0.9046890626425415 0.38737453125617866 0.08342155405833437 0.10613299756436803
4 0.8271594811622563 0.49108195820369566 0.0850113251355733 0.11084777110331831
4 0.8641054901392469 0.5295035300383627 0.06763292759490155 0.0777352621748646
4 0.9011605834251926 0.5866751018730297 0.10057269262201593 0.10018300649282175
5 0.5 0.5 1 1