6 0.6781439371344452 0.8447123986256899 0.13030273292582972 0.19482640507947585
6 0.3748628861390769 0.6877604718618497 0.20343261646291494 0.10224209019601868
6 0.6207109746736876 0.7010417549789595 0.14635045680654796 0.14391866950744614
6 0.5165867186807939 0.6418353913692958 0.17440685775648745 0.08407244355406326
6 0.750925176391853 0.4864385963561045 0.16552318068726599 0.09312006134007814
6 0.5025385860482199 0.5215948132389947 0.12291960085908257 0.11346727767481415
6 0.23900503053029593 0.48734626569391465 0.1588637449116173 0.08508930653075471
6 0.04284151797868142 0.37836310217691826 0.08568303595736285 0.09110120435383653
6 0.062444689055009106 0.3000570529025577 0.12488937811001821 0.11886410580511537
6 0.04689493215760414 0.22836310217691827 0.09378986431520828 0.10047620435383653
6 0.2513777142697798 0.10191719718226036 0.07571705223856365 0.1055803666048885
6 0.22128634328430916 0.3176686827542901 0.14019563206674715 0.08599704210278443
6 0.2430462358665058 0.17128475607526777 0.0804864393936934 0.10730655771188106
6 0.3886619510407967 0.24524558964786453 0.11445200361804471 0.10069445916315996
6 0.3931690665992004 0.17417912149902995 0.06626680913596861 0.07405754809323425
6 0.4812135419502567 0.40579619844820475 0.15169969810012063 0.12694942431676956
6 0.5735515281554467 0.3464063294810635 0.09906602103089916 0.13446925843752044
6 0.508237466644629 0.2635094947273404 0.14815861827193721 0.148660733209777
6 0.6549907151742909 0.09174860053245573 0.10845430913596861 0.07553076805616735
6 0.45520207711465 0.11060026033643704 0.08131859905006031 0.06366568511654278
6 0.7023327046588413 0.15914692085820853 0.08337242198083886 0.07309524881887368
6 0.7306380891004377 0.2313592267559911 0.08328389077317447 0.10116568511654282
6 0.871140258367743 0.23861370996576808 0.09076884215265543 0.09518850362819702
6 0.8473165767759656 0.3497049773889633 0.06600785956551007 0.12863592068857255
6 0.95347032225341 0.47472731395678486 0.05358974672063965 0.12976191106992568
5 0.5 0.5 1 1