5 0.51171875 0.39166179330499373 0.9765625 0.780866971956095
3 0.29551970706569475 0.39315129296630946 0.09538654160312507 0.07522572930778519
3 0.22277188487736138 0.3518844838303409 0.10210932028847228 0.09586577792830413
3 0.6810974504161811 0.5990692588179689 0.07147626291777769 0.05368492198083885
3 0.805187607426285 0.533004924805914 0.10606946846486096 0.06486143939369349
3 0.8314403296908683 0.48756295002068467 0.1822695989738193 0.12035452283992143
3 0.8393599728332642 0.392001466529028 0.08586607123840295 0.06848440637700666
3 0.3674492584524656 0.39926185210227805 0.055851262917777866 0.05286605042954129
4 0.703528962765278 0.2553535583429991 0.16308318787965276 0.10062187697836444
4 0.9361044202122223 0.432439438034897 0.12779115957555548 0.07431168249628843
4 0.8796576645126392 0.38006803256240157 0.11322865824437507 0.10425148801421233
4 0.7846945758911463 0.5912335046340974 0.09302526101791671 0.1078744549975255
4 0.6656913091736463 0.6411781936891066 0.10970361474138883 0.086900213703953
4 0.5766820541396532 0.5717487630018404 0.15047408510611113 0.0952792797373263
4 0.48392824363482667 0.40848744515944463 0.11104790919430556 0.07760710085908258
4 0.23087597881718783 0.39834672602842475 0.133795731382639 0.11625352103089917
4 0.23724999933440988 0.23637899253676817 0.17165940729444457 0.13384381275401314
4 0.3195774157469101 0.5216005195605611 0.14655030452090284 0.1278461182719372
4 0.43625772910152827 0.6065254754625979 0.12082295269729179 0.09528592378986112
3 0.3450872152338199 0.5783385204650722 0.0872103656913195 0.05919129353213641
3 0.5980069677992711 0.3145880382166111 0.10523432028847246 0.09602955223856365
3 0.5266781348773615 0.36781153550307766 0.06667966014423606 0.048751760515449584
3 0.6006611487450698 0.39509773179417595 0.08899107123840296 0.06864818068726608
6 0.6818585569894449 0.4976705331282284 0.12358558320625015 0.14693031094499087
6 0.6711905478713891 0.3410520409301445 0.19673214247680573 0.13827900723608924
6 0.4262079690335421 0.476469483264514 0.1714412017473613 0.12446881275401314
6 0.3181564668493405 0.3264517938708206 0.2367752610179167 0.11540807326946272