5 0.65078125 0.49824550131286455 0.6984375 0.9964910026257291
3 0.5919147146054555 0.2314905219207764 0.07207838584218215 0.09611247867599956
3 0.6124603383819202 0.14840530191759468 0.09411707694917482 0.10105451734563582
3 0.49999761015110256 0.6655484432686393 0.04943949400955035 0.0739829400063634
3 0.606324510421255 0.7784200659214127 0.06152283175849824 0.10692270934118149
3 0.6600769929980599 0.7957706505808676 0.11268851687504089 0.18561133068109026
3 0.7620387970817439 0.7836422732336409 0.06544643992586625 0.08510225334181776
3 0.6085962723173366 0.30632688991886736 0.05190972958157989 0.05526930267345422
4 0.8593800446346732 0.6168173052196415 0.09328375244707061 0.166643154678545
4 0.7520685747565581 0.90099340523555 0.066230179126093 0.1522715720082722
4 0.7852778896400153 0.8224502345640048 0.10236608656782167 0.11364542401336308
4 0.5396181600584354 0.7705990225970941 0.10936013103285873 0.09029883068109008
4 0.45128729163944836 0.6582995646085481 0.081889895460829 0.10872156667727229
4 0.49531505543444637 0.5538387839354121 0.086542679126093 0.1525079293443632
4 0.6346726773968125 0.4263848512492311 0.0726240228654909 0.11173747867599956
4 0.5670213528098904 0.16769165125718533 0.11239585099579194 0.1325045120146357
4 0.7356523017214313 0.13993772656750458 0.12631450725639404 0.17327496268299925
4 0.46785222122887743 0.2821728692711847 0.12226192431676956 0.14667610001590833
4 0.41634926333166195 0.41876489727882066 0.09013890507947586 0.12131247334499946
3 0.41759925008481796 0.32027285327818433 0.05618056733052797 0.08811816534054513
3 0.766989158792491 0.5225411412317319 0.09115576805616729 0.10570565467854501
3 0.6898066106992568 0.4609138452419133 0.04765873920022692 0.06771475867281787
3 0.6848041413692958 0.5414735019096405 0.06566469473518968 0.09135225334181776
6 0.6040303457231323 0.6455802939210946 0.1463343413771451 0.1204045013526354
6 0.7627406576113647 0.6023104572326865 0.12880459019601886 0.1998556440165448
6 0.5471528300292177 0.38207232459423063 0.11688494355406327 0.17160337468172662
6 0.668050628670606 0.2407649772438223 0.10069943756361362 0.24482269867918127