6 0.8278186540419981 0.3381573529795264 0.17925224267981754 0.10309526206571755
6 0.652221406747269 0.6162848090626435 0.07249426002545327 0.18995536660488846
6 0.6838237533815887 0.3792039605139223 0.12487382535009015 0.12774803248413757
6 0.6177634960614062 0.4737327213136955 0.05812267735518084 0.16290179328391083
6 0.48374993336249866 0.23164937031790359 0.06895108935390812 0.15390873920022682
6 0.49986747139558807 0.47586316178771587 0.09494996801399935 0.10639882213985138
6 0.44735318809672275 0.7278324003549705 0.06262836401972649 0.14744048439090332
6 0.323990055458267 0.9312525223173367 0.07173064401654461 0.1243303666048888
6 0.25091563478672174 0.8927778101589517 0.09685791335136287 0.1361408858421825
6 0.1791588134547671 0.9004241298517325 0.08248633068109026 0.10908731252120418
6 0.07191683609163216 0.677237111795565 0.0960033906747269 0.06270338584218216
6 0.2802384134309046 0.728244084205569 0.06709768801718105 0.12885417549789596
6 0.13924978675999572 0.692083350995792 0.0976022533418178 0.06588294954451293
6 0.22125267007476931 0.5582837590704927 0.08550224267981754 0.09982143992586608
6 0.1531748320734966 0.5465352380191005 0.06469884667409058 0.05692461179556503
6 0.38516917206395157 0.484352729666398 0.10777723201781733 0.13496033175849825
6 0.33408738271799765 0.38963794119181056 0.12276588534372675 0.0808184687818068
6 0.24881350139240638 0.44366818756361354 0.12956132535009016 0.12791172359113023
6 0.09232604937140734 0.2835788810328588 0.060484061346272135 0.09738592068857255
6 0.09537996606458794 0.4789186628840242 0.05083634134309047 0.07362103847458741
6 0.16137549403245305 0.24460071578658188 0.06333634134309048 0.07405754809323425
6 0.23378629602958956 0.22604417794496667 0.08986247867599957 0.07186013103285874
6 0.2517175886775904 0.08922622422410235 0.08212270401018137 0.07783731252120449
6 0.3583312153484993 0.12418655598260056 0.12083975867281786 0.04951390507947591
6 0.48690965400222713 0.03340284327606159 0.12381930800445425 0.03712303248413762
5 0.5 0.5 1 1