6 0.66875 0.8296875 0.08984375 0.1703125
6 0.396875 0.64453125 0.1828125 0.06328125
6 0.62890625 0.6859375 0.1171875 0.11640625
6 0.5359375 0.61796875 0.15703125 0.05
6 0.7734375 0.496875 0.14765625 0.0609375
6 0.534375 0.50234375 0.0984375 0.0890625
6 0.2875 0.43828125 0.14140625 0.05546875
6 0.08828125 0.30859375 0.11796875 0.06484375
6 0.1265625 0.2390625 0.1265625 0.0890625
6 0.11875 0.16796875 0.1 0.0765625
6 0.3375 0.0734375 0.0546875 0.090625
6 0.2875 0.27421875 0.12265625 0.059375
6 0.32265625 0.13828125 0.05859375 0.09296875
6 0.45390625 0.225 0.0921875 0.0796875
6 0.465625 0.15859375 0.0515625 0.0609375
6 0.52578125 0.3890625 0.125 0.1
6 0.61875 0.34375 0.0703125 0.1171875
6 0.565625 0.25703125 0.11640625 0.12109375
6 0.72265625 0.1109375 0.09296875 0.0546875
6 0.53046875 0.1046875 0.06875 0.046875
6 0.76015625 0.18046875 0.06875 0.05703125
6 0.7796875 0.2515625 0.06328125 0.08515625
6 0.91328125 0.27578125 0.0703125 0.07734375
6 0.87890625 0.37890625 0.0390625 0.11640625
6 0.97734375 0.5109375 0.0453125 0.1203125
5 0.5 0.503125 1 0.99375