5 0.4734375 0.67109375 0.93671875 0.62734375
3 0.71953125 0.60234375 0.08359375 0.0578125
3 0.79296875 0.62890625 0.0859375 0.07734375
3 0.32890625 0.47578125 0.0640625 0.03828125
3 0.2171875 0.5625 0.0953125 0.04609375
3 0.19765625 0.6109375 0.1640625 0.0859375
3 0.20078125 0.7046875 0.075 0.05078125
3 0.64921875 0.609375 0.046875 0.04375
4 0.34609375 0.8109375 0.1484375 0.0703125
4 0.09453125 0.68515625 0.1359375 0.04609375
4 0.16328125 0.7234375 0.09765625 0.0828125
4 0.2296875 0.50234375 0.0765625 0.09140625
4 0.3390625 0.43203125 0.0953125 0.06640625
4 0.43125 0.4828125 0.1359375 0.06640625
4 0.5375 0.62265625 0.0984375 0.05625
4 0.78046875 0.58515625 0.11484375 0.09140625
4 0.7921875 0.74296875 0.15078125 0.1015625
4 0.68203125 0.48359375 0.12578125 0.09921875
4 0.5609375 0.42265625 0.10703125 0.07265625
3 0.65078125 0.43359375 0.078125 0.04375
3 0.43984375 0.734375 0.09140625 0.07421875
3 0.5015625 0.66953125 0.059375 0.03671875
3 0.428125 0.65703125 0.0796875 0.0515625
6 0.3390625 0.5734375 0.10078125 0.1234375
6 0.3671875 0.72265625 0.175 0.10078125
6 0.58515625 0.54609375 0.15078125 0.09296875
6 0.7046875 0.67109375 0.21953125 0.0703125