6 0.6858604704168668 0.6730258823836212 0.10394735376405215 0.10036707694917482
6 0.7298744086675996 0.7767610067930579 0.09013952174882985 0.1061260036281972
6 0.5129826804164294 0.8721652429132419 0.10219385277546919 0.09562501324684405
6 0.4943998236866275 0.7607366695922642 0.0881950197716634 0.09669643992586625
6 0.3708747989720482 0.6394023282151192 0.08101918973360736 0.11204862141421187
6 0.281326820720878 0.7392535060752679 0.10844385277546911 0.0958432680561673
6 0.30291402475176044 0.5223487482707194 0.09980368182494201 0.0752579495445131
6 0.3533557406456409 0.3626215734057957 0.09463602076024671 0.10160219473518968
6 0.2439688117864484 0.30107145979613203 0.0821360207602467 0.10116568511654282
6 0.501965701102314 0.1805779436388813 0.07062551779449713 0.08672123920022683
6 0.5241828938016708 0.30461564436452077 0.11424818380210837 0.08512402286549073
6 0.6611974155505006 0.4123785590626435 0.10506418479069168 0.08948414065150559
6 0.7382453938016709 0.31209087158384796 0.10168451680591399 0.08312501324684396
6 0.7089876112156072 0.5513517790255765 0.10280134783255317 0.07224207694917481
6 0.8460101087441492 0.5444346348306919 0.0889298488211363 0.07643850362819701
6 0.19245402722321833 0.5301934754052287 0.10544618676785786 0.09885914065150558
5 0.5 0.5 1 1