4 0.6568521082498575 0.5095814738545956 0.19032520555093804 0.18543857201231528
4 0.5609387248654911 0.6679893923743105 0.1603538626613009 0.1399624455488823
4 0.37016914482743507 0.6847279613615637 0.13809686068413454 0.13046018052176755
4 0.2741125455120071 0.6094875877268009 0.1786237015966055 0.1666249394987581
4 0.20812810676698285 0.5051591569104458 0.1319741946765233 0.1335488190854491
4 0.20390883897248568 0.42078870208998564 0.15123353064607842 0.14615790339440443
4 0.3775665148659287 0.4635387625912277 0.1671768656270503 0.15406130698520054
4 0.38258032562661287 0.35645297043675 0.13191052768032882 0.13198631908544903
4 0.45908447581689327 0.27786436212368953 0.16137253460041112 0.16496244554888212
4 0.6009774985543063 0.38487691052468315 0.15349636760421675 0.16335449375348415
5 0.5 0.5 1 1