4 0.6561365332590944 0.5430206877502421 0.1786169906906352 0.17758971057599685
4 0.5038280512412769 0.6751479074014253 0.15308973201781734 0.1321317648307229
4 0.3035104252466858 0.6364722685431561 0.12803518801718106 0.1272988190854491
4 0.23130016526100333 0.5314307654198981 0.16746131468808995 0.15877607806243949
4 0.1999421719446389 0.40662166296057006 0.12492836935072651 0.1288431383672899
4 0.2259512359564111 0.3197574672152962 0.14226132001909003 0.14144313231716552
4 0.38735126527691166 0.41334331987101597 0.15792268268618095 0.1446590359079618
4 0.4300029366247746 0.30607117535540607 0.12178518801718105 0.12726245764913058
4 0.5353449646324107 0.2492121212970717 0.1487294960216353 0.16022949375348405
4 0.6429563752785026 0.40013829616149843 0.13933631468808994 0.1586124515990063
5 0.5 0.5 1 1