6 0.5422808652469475 0.4925151328597166 0.20894879488495216 0.20620349163225704
6 0.6236182654198981 0.20474513794809926 0.2326953670936593 0.2605567989592033
6 0.8539541634515494 0.48399114541133115 0.23725560206654456 0.23892746042459248
6 0.792407088512368 0.7262063008838265 0.2261544756031114 0.21022925033868436
6 0.24579116374613702 0.7103355551792397 0.1853567587805987 0.1784126843053107
6 0.4436741518422803 0.7952483864777612 0.2338215298578376 0.18563868611433315
6 0.26743189793345545 0.21247790931768268 0.21836924668035032 0.21450731456303548
6 0.20638024756411308 0.36953681479017814 0.1478567587805987 0.17644739258219663
0 0.7515508052366847 0.633845060494765 0.17695338544042372 0.07644074852966191
0 0.8294677687395478 0.39702008989340715 0.13643746974937904 0.09306168249628843
0 0.7075564073032293 0.40965728799352774 0.12555451190385672 0.10186347241038014
0 0.6078502813307756 0.7671189851891373 0.1257908612399266 0.14248847241038015
0 0.509258245226422 0.7988403759623116 0.12218407220870695 0.05951219810012063
0 0.5282264138443329 0.7603577301007547 0.06435339149054772 0.05335737336031983
0 0.19019969389856212 0.7343362991863459 0.10515110831306052 0.0851739393936933
5 0.5 0.5 1 1