6 0.31796875 0.3921875 0.08203125 0.0796875
6 0.25859375 0.303125 0.06796875 0.0875
6 0.44921875 0.16015625 0.0828125 0.07421875
6 0.48515625 0.26328125 0.06640625 0.0796875
6 0.621875 0.35078125 0.05390625 0.0984375
6 0.68984375 0.2328125 0.0890625 0.07265625
6 0.70546875 0.44609375 0.0859375 0.053125
6 0.6828125 0.6125 0.0734375 0.08203125
6 0.79765625 0.6453125 0.05859375 0.0859375
6 0.571875 0.821875 0.05234375 0.07265625
6 0.53125 0.7078125 0.09609375 0.06015625
6 0.38359375 0.6375 0.08671875 0.06640625
6 0.32734375 0.75078125 0.084375 0.06171875
6 0.315625 0.51484375 0.08984375 0.0484375
6 0.1875 0.55390625 0.0734375 0.05859375
6 0.80859375 0.41328125 0.084375 0.075
5 0.48203125 0.5171875 0.93046875 0.94921875