6 0.4421065274470931 0.710044699629331 0.10139266693047429 0.10500001324684387
6 0.36156723277822717 0.7852778234057957 0.10723348997087019 0.09115576805616729
6 0.1721684489964209 0.6061830565307547 0.09509720282385156 0.10321925843752063
6 0.2713129911580044 0.5534524153310949 0.09776756175762476 0.08770338584218215
6 0.3330819022824909 0.39639637268015626 0.11468227711788873 0.07892858656782167
6 0.19571228292387643 0.34243058057737186 0.09527905925034234 0.10946925843752045
6 0.41441080713877126 0.2946553126060225 0.07473923871722885 0.1009474303072194
6 0.5923084866056578 0.2930630746717401 0.10268238229073816 0.09567957694917481
6 0.601929876022532 0.16774561614155234 0.10222774122451135 0.08005457694917481
6 0.8336214598834806 0.37875507112836104 0.08793792069139812 0.07175100362819702
6 0.7245479882550105 0.4389435482628702 0.08452341567683312 0.11533731252120454
6 0.6825376476636373 0.6044941371929445 0.08893813103709683 0.1061260036281972
6 0.812557768275893 0.6472768926352401 0.08255173871722903 0.10122024881887377
6 0.5696177620076869 0.6934251732204613 0.07018813103709683 0.10547123920022691
6 0.6373855866974354 0.8230060350160263 0.07754598997087019 0.09011905771188111
6 0.35833064020829697 0.1912376467267734 0.096750631037097 0.10639882213985134
5 0.5 0.5 1 1