6 0.4859375 0.496875 0.17421875 0.159375
6 0.44921875 0.7703125 0.18984375 0.20703125
6 0.1953125 0.53046875 0.19609375 0.18671875
6 0.21953125 0.3 0.190625 0.16015625
6 0.73359375 0.2703125 0.15390625 0.13828125
6 0.53671875 0.2078125 0.20078125 0.13671875
6 0.78046875 0.7328125 0.18125 0.165625
6 0.81640625 0.58359375 0.11875 0.14296875
0 0.2703125 0.3828125 0.1625 0.040625
0 0.23046875 0.60859375 0.11875 0.06484375
0 0.3421875 0.5875 0.109375 0.07421875
0 0.38671875 0.24765625 0.10234375 0.1140625
0 0.475 0.21015625 0.11015625 0.03515625
0 0.4625 0.246875 0.05546875 0.03984375
0 0.78203125 0.24375 0.090625 0.06328125
5 0.5 0.525 1 0.95