6 0.49631207104354297 0.49565130494209714 0.19615578130301117 0.20422493344863374
6 0.7854861876484315 0.5642957240509873 0.25004467313564316 0.22640900565734084
6 0.5095685615097142 0.8081376694034776 0.2283333642426358 0.2309692406302261
6 0.26636170933279596 0.7579796298812788 0.19988098202865068 0.22143061416679294
6 0.2729910998146655 0.20939213895646497 0.17033732576804841 0.18064198770335987
6 0.19174856741534593 0.4114682442444634 0.17515380054030497 0.229097668421519
6 0.7699206635169964 0.20806390476914655 0.20424109981466554 0.2120828852440318
6 0.6133234339354164 0.15427635031802872 0.17059029691210786 0.14315107806243949
0 0.35855664381636654 0.7129029583365016 0.06704863466105584 0.17535452400410528
0 0.5960864148677588 0.7795036092950192 0.08594247840045348 0.13484769867214014
0 0.5824827279371174 0.6584644014494969 0.09493553248413758 0.12396474082661779
0 0.2232590061600858 0.5753807533196497 0.1370684687818068 0.12264768052176755
0 0.1901339929132419 0.4771159701421624 0.054201405079475906 0.12060339149054791
0 0.2274802254900467 0.4948710967037915 0.050674611795565025 0.06434430113146802
0 0.24842512023308555 0.15483644916311942 0.08016370435383653 0.10357042759490129
5 0.5 0.5 1 1