5 0.5 0.55390625 1 0.8921875
4 0.19140625 0.42265625 0.11328125 0.09453125
4 0.428125 0.53359375 0.128125 0.08125
4 0.31953125 0.76796875 0.11796875 0.1015625
4 0.16171875 0.64921875 0.11953125 0.08671875
4 0.57890625 0.95078125 0.1265625 0.09765625
4 0.75703125 0.5953125 0.115625 0.1046875
4 0.86171875 0.465625 0.12421875 0.08984375
4 0.4890625 0.28671875 0.12109375 0.09140625
3 0.65078125 0.85703125 0.090625 0.0671875
3 0.778125 0.52578125 0.125 0.05390625
3 0.65546875 0.3 0.06796875 0.05234375
3 0.38828125 0.23828125 0.07578125 0.07890625
3 0.134375 0.7265625 0.08671875 0.065625
3 0.359375 0.5703125 0.09921875 0.06875
3 0.0859375 0.40625 0.103125 0.06640625
3 0.28828125 0.3125 0.11875 0.059375
3 0.90390625 0.696875 0.0765625 0.05703125
3 0.54921875 0.675 0.1203125 0.075
3 0.52734375 0.78125 0.0796875 0.08203125
3 0.58984375 0.7453125 0.0828125 0.06640625
3 0.71171875 0.80234375 0.1296875 0.06953125
3 0.45546875 0.80859375 0.10859375 0.0890625
3 0.47734375 0.86171875 0.12265625 0.06796875
3 0.2265625 0.70078125 0.1140625 0.07421875
3 0.3640625 0.55859375 0.0984375 0.0921875
3 0.2671875 0.41328125 0.07734375 0.0765625
3 0.74921875 0.46015625 0.10546875 0.07578125
3 0.678125 0.4265625 0.084375 0.07890625