5 0.45369016490547764 0.5 0.9073803298109553 1
4 0.583149364166793 0.2260869599727638 0.09753859621281222 0.1197048262236546
4 0.46967371320827545 0.4545543232398829 0.08356699980360816 0.13451077886860804
4 0.234644207354543 0.3284035339891055 0.10538745764913049 0.12640985253201392
4 0.3563914214465812 0.17929744703034567 0.08977154800821019 0.12706229991529536
4 0.05020207142314008 0.5746051578501554 0.09449540944452864 0.13358531570031093
4 0.4028463241536146 0.7810188417263214 0.10693177693097126 0.12337585779368573
4 0.5323798089301082 0.896339275814249 0.09292381908544911 0.13193181043863902
4 0.7161538034691592 0.5352939019531991 0.09290563836728971 0.128806810438639
3 0.14204011347942194 0.6541477156579587 0.07085792154477706 0.09784523677523324
3 0.4732860891807292 0.8069890785015547 0.056986319085449114 0.12983868942018653
3 0.7007156767111384 0.7007445967056446 0.05509656615858276 0.07349768415851479
3 0.7663487253085239 0.4374703229575342 0.0801420179539809 0.08276626834526421
3 0.27887495462406847 0.14510518657758914 0.06770565046753826 0.0929757262518895
3 0.43333623740877225 0.38371120222143035 0.07090337334017516 0.10565773677523324
3 0.601281219749379 0.12092902311282598 0.06779655405833437 0.1086007262518895
3 0.6931016019683487 0.33167607828979323 0.061637457649130666 0.1238617052052021
3 0.29900422754801903 0.9202339891943077 0.059838608313060516 0.08314569994353035
3 0.325061170857406 0.5664033339044009 0.0772806383672898 0.12789675782192056
3 0.21867027029167194 0.5359962261107152 0.08484769867214012 0.08616428413027996
3 0.2541901346548566 0.6005438444983318 0.06924087939029935 0.08837923151356133
3 0.19474747784260665 0.7196963919239655 0.07108518052176746 0.13690773677523324
3 0.1916850685944697 0.4617928866622938 0.09283291549465282 0.11630681043863902
3 0.13868278844204457 0.47979245776545093 0.0710397287263694 0.12909523677523324
3 0.3036436713483853 0.2410470181335028 0.07724427693097127 0.12164675782192055
3 0.44430555366555097 0.3898169890531333 0.09590337334017515 0.10711382096198277
3 0.5921885417616943 0.303149988911959 0.0801511083130606 0.08432876834526422
3 0.5395332578968359 0.7835130521226084 0.0787522347764936 0.11236276308359247
3 0.5734946465587134 0.714421417879389 0.08174996974937905 0.09066977360693614