5 0.4703125 0.5 0.940625 1
4 0.5295482971472971 0.1937634694064057 0.11363446856846852 0.12625451201463567
4 0.43118561001036 0.44275440539463357 0.10171666542531543 0.13860906134627218
4 0.1866415514905233 0.3562698233609078 0.12159251778268025 0.12947041868236298
4 0.29780814557572055 0.1848135413749072 0.10604029238978611 0.13085110534690844
4 0.03799967111383981 0.6342210060073178 0.07599934222767962 0.13706474267981755
4 0.38879463296483596 0.782289072724361 0.12479029238978612 0.1310692813494537
4 0.5258707938420375 0.8769032334102237 0.10945639081820957 0.13713746801399934
4 0.6849441567433723 0.4824458034293138 0.11243584160399785 0.13404883068109025
3 0.11594363792723468 0.6993834766868172 0.08270980024766902 0.09934656667727211
3 0.4600146615008832 0.7971879140674515 0.07337334160399785 0.13359429734245404
3 0.6817719991759397 0.6512503474299501 0.06279540653397539 0.07412839067472703
3 0.7290281046336764 0.3750878367679499 0.0915026033908223 0.08695565467854491
3 0.2182854654680967 0.16356470269731677 0.08092897642635144 0.09464088534372675
3 0.3896381189017001 0.3781737373885884 0.08463617328319835 0.10717724801081766
3 0.5401112696447072 0.08445210407381479 0.08329199710451576 0.11184656667727225
3 0.647420693756475 0.2811191134229504 0.07940501778268043 0.12897952267663584
3 0.2930539857364856 0.9414180773790435 0.07111732878371627 0.08515679734245438
3 0.2942763072814915 0.5795175140435889 0.09510279238978611 0.13072383601209037
3 0.18619197953123257 0.5673164113621805 0.09633565260503385 0.09013519867918127
3 0.22561404446120997 0.6271823073679075 0.08078342721213971 0.09151588534372693
3 0.17504250207142383 0.7563516393618623 0.09077916542531543 0.1384817920114539
3 0.15352933685099615 0.4965857406906352 0.10709337014004516 0.11993178668045382
3 0.1006568939230907 0.5241107566836355 0.08736306699689203 0.13219542934436318
3 0.24996565095240403 0.255389123368862 0.09168669396136275 0.12443747334499947
3 0.40199256968748837 0.3814441880569519 0.10821922249741008 0.11057496801399935
3 0.544768728702663 0.2697628954089511 0.08994010339082212 0.08693747334499946
3 0.5257509774643179 0.7619958487428147 0.09437504631872748 0.11509883601209037
3 0.5550617959089521 0.6865145907463145 0.09342897642635144 0.09478633601209019