4 0.7172026114337682 0.727475200086021 0.3431169373806341 0.35435585795222374
4 0.29052193276572275 0.7247646262194637 0.32031468936981644 0.274286528406919
4 0.5106691587364514 0.5052531469190402 0.2698419746976349 0.23278877516050808
4 0.13130947008272348 0.607206753653448 0.2516010520369074 0.2762114926931041
4 0.053837356062997097 0.4632170202925394 0.09883858402290804 0.17044095941492116
4 0.04930330271322513 0.3421778173704402 0.0921704133513628 0.13439436525911966
4 0.06281981536440766 0.2278562187504119 0.12160337468172658 0.11303756249917622
4 0.11089314135104464 0.1285596022734762 0.15596019334818112 0.11207508035608367
4 0.306861811386043 0.3830038202131092 0.27093176002545344 0.19219104869945847
4 0.1748663767106798 0.32123229748493776 0.20316245735199914 0.14101828652459378
4 0.5608766020448617 0.3207457333642038 0.20659654002227157 0.16763533360249455
4 0.9024090266947715 0.4881966915646042 0.19518194661045704 0.1831785129856435
4 0.7896646733768161 0.30659390990797897 0.2018544960216353 0.1628660129856435
4 0.5712226613621805 0.20257243182207624 0.21724313868554468 0.14282624837514693
4 0.3813703680378619 0.2723060535740177 0.2188056386855446 0.14285352191409723
4 0.32336641669318056 0.18970778774570513 0.19376927601845367 0.1392921452908918
4 0.4531533666852264 0.12883669724335173 0.13572041868236298 0.11797052434972924
4 0.6686778220082724 0.04927806209872966 0.1479658800127268 0.09631371266133196
4 0.6876909040022271 0.010815174515180305 0.09413180800445424 0.02163034903036061
4 0.575227266669318 0.015058389612144243 0.12545453333863604 0.030116779224288487
4 0.17965168467536324 0.06093967979018607 0.1429147533418178 0.06498189204448093
4 0.34651192067154524 0.029896411122499696 0.14284202800763596 0.05873189204448094
4 0.5629368993475448 0.09488266274735277 0.11844201201463563 0.10985801542127552
4 0.8086499360279987 0.19217685390162456 0.14195223734881743 0.11651711850553062
5 0.5 0.5 1 1