0 0.3737092507914228 0.3110558713449044 0.10166545157021031 0.11265573295387146
0 0.5865549286089567 0.16562814325900166 0.0780628155185484 0.05289890340856669
0 0.5941461197543259 0.211830987414803 0.05102895407749273 0.08990797970746059
0 0.7162581151354723 0.4099566160666034 0.0691424565847754 0.0683602621748646
0 0.5332637587089817 0.4005156120094135 0.08384145407749273 0.09048072402541756
0 0.3282616731321734 0.5203120945595432 0.11900606426490726 0.06454551542127547
0 0.2607211689755383 0.39966262946257924 0.138938131037097 0.10549779788867966
0 0.4119991417911427 0.7950723611986347 0.10621655925034226 0.1080500535707225
0 0.5356352185924622 0.7503792443146619 0.0633016335443795 0.08231366801906326
0 0.5479042348897982 0.6084781164736405 0.07428459765100222 0.08406708279171564
0 0.6773249619285446 0.6552457966675683 0.06968802586424747 0.08711026217486459
0 0.7773416823033734 0.6038935766993404 0.050437920691398117 0.06959547970746058
0 0.8164770754811712 0.44606348578994987 0.05163670783841638 0.057122753246410876
0 0.7146956151354724 0.409929342527653 0.06619931301126591 0.07455571509696401
5 0.5 0.5 1 1