5 0.49375 0.5 0.9875 1
0 0.08952522044133585 0.5235303786090973 0.07075042069139799 0.07035017401194459
0 0.20539191284034616 0.4910471465608682 0.1621028463973609 0.0974594943004167
0 0.7813369842313895 0.6600264566844452 0.08035274122451135 0.07838087955902787
0 0.5689783543814266 0.30093782494121574 0.046767351411925874 0.05105466014423614
0 0.6467874541439999 0.3942170058870144 0.11750105172849494 0.17449346656500014
0 0.645266755081072 0.5270840572737853 0.04846624373179385 0.055778527735416715
0 0.5716427016367174 0.3705781777147574 0.07326766693047429 0.10319904160312507
0 0.36457171839627184 0.8238810964083683 0.10087584138279589 0.13975479065319477
0 0.42648096582248235 0.33514655793937537 0.19248433135366608 0.2293277433504862
0 0.41193141785491105 0.5396340361878823 0.22972357007089492 0.3285653303564585
0 0.4809481908161647 0.5858018277910074 0.18674645988348057 0.35410953780340293
0 0.5186384074300698 0.607005333774931 0.10703491316955063 0.1367752610179167
0 0.5568250660472739 0.745487258736806 0.28242267273646215 0.368827960865417