3 0.475145966626121 0.1400520666550022 0.13234084308955402 0.19284802768032888
3 0.380760683252242 0.30331075342286 0.16198289129415605 0.18624520060802235
3 0.31008963494944425 0.3788638517497048 0.1257181383672898 0.1285308596955513
3 0.4387610982559155 0.7362068250579592 0.10707722267624523 0.14651685574121878
3 0.5075838211285525 0.745905477225406 0.13221357806243947 0.17097302768032882
3 0.4374763750886911 0.9183335755522506 0.13355790944452864 0.13353669467652338
3 0.6259004664297293 0.26362753502034064 0.09272383118569749 0.09594385277546902
3 0.5157396712501894 0.26733480825204514 0.10079995159900648 0.14157468775644108
3 0.6164704033944044 0.12022770349940974 0.10248971662612102 0.16351335475263545
3 0.6555238130353248 0.11707352859454997 0.05374314441741408 0.1084146778706093
3 0.7601113190854492 0.09562033984952574 0.09911927693097126 0.12119852076024666
3 0.7536300358097658 0.1904380913324005 0.09445904800821019 0.12569501977166347
3 0.5708089663315334 0.3307314633852415 0.18542039129415605 0.18720020555093822
3 0.558204948082965 0.44767888285289387 0.13204086123992678 0.14128552768032882
3 0.4733759510098311 0.5073987341454881 0.12095791549465282 0.115839858706968
3 0.4668628514773694 0.5967477356283629 0.11622496369925486 0.10783635771838504
3 0.5570667124227086 0.9236193003433797 0.13812723477649377 0.11341519566510669
3 0.6042411733914888 0.838864956959451 0.09112496974937905 0.08963018577927465
3 0.7446600776696559 0.394758176807664 0.0646988251355733 0.11198534684397003
3 0.7495924964839586 0.30234784232098366 0.05829428903121965 0.08516817885919252
3 0.8419395986486989 0.46034207304361174 0.0943863251355733 0.11319501977166357
3 0.8601305415653027 0.36348431908927903 0.08333974082661796 0.09399935079830275
3 0.8226134026088374 0.6307009939941388 0.0926511083130606 0.08344385277546902
3 0.7370889930661131 0.5708895952867332 0.06934087334017516 0.10436384783255334
3 0.659013990041051 0.5826666950964527 0.0878636143631848 0.06606535178688588
3 0.7109946465587134 0.6524406842220378 0.08339428298109546 0.10337435079830275
3 0.7415507967316639 0.9348565947924417 0.10665906615858275 0.07464185574121843
1 0.37655251062731043 0.9231603384038319 0.07088519262201594 0.10130251482874755
1 0.4621834000747548 0.32968756962075174 0.08027837334017515 0.104809516805914
1 0.815702788933024 0.11445391148462485 0.0614011083130606 0.08217051285158128
1 0.966434562838933 0.5396555468461577 0.06713087432213385 0.06680018083635879
1 0.6035003091265 0.7115212069594509 0.06149201190385671 0.09779551285158128
3 0.8968321526088374 0.6276768116749053 0.06611587939029917 0.08704901384016442
3 0.9062748094210875 0.5046067261996418 0.059738614363184436 0.0649193458553869
3 0.6647741524124458 0.7668506941078695 0.06021131303532492 0.1461693458553869
3 0.6527008784083407 0.7063906965793276 0.09763859016268803 0.13519735376405215
3 0.7271787036421098 0.7478977642600939 0.06453519867214012 0.08386034684397004
3 0.9597992643397436 0.43678521483093513 0.07851588544042372 0.07037084980971961
3 0.6986178872871353 0.8084506036896901 0.08349427693097126 0.12056185079830258
3 0.8886595416634984 0.29746272965968285 0.06929542154477701 0.09655134783255326
3 0.7680652405320302 0.25392758836665097 0.09271474082661797 0.09438135277546911
3 0.9443156857863247 0.5960474682909764 0.048819295081344194 0.06759867688202625
5 0.5 0.5 1 1