5 0.47380931422435124 0.5078125 0.9476186284487025 0.984375
0 0.06818019617955669 0.5825026407731744 0.06890048620519007 0.06593926051544959
0 0.18416372229883848 0.5368769595200813 0.1633055834462281 0.08335248982323477
0 0.7951178324301752 0.6433183050636387 0.07555992198083886 0.07407930913596861
0 0.5334897721625529 0.299013947872978 0.043163501809022266 0.050566566033373575
0 0.625284446518241 0.38608125791345776 0.10423819990914289 0.17530761646291476
0 0.6400352640219525 0.5231651780852744 0.04645227611928178 0.05385534034363317
0 0.5454298501817141 0.3701453194242756 0.06305327792830404 0.1030298247398008
0 0.387358484850453 0.8601008548158114 0.08969102103089917 0.1355900192218769
0 0.39209681026762233 0.351141934643995 0.17840604025277607 0.22282442559888346
0 0.4014364314802356 0.5615814676606818 0.20404120533620987 0.32545145861557023
0 0.47841833333468636 0.6024355189947342 0.15584272274906433 0.3572060696514182
0 0.5190466553609537 0.6194492786056726 0.09750352103089917 0.1359994549975255
0 0.5753265535973601 0.7563594583884277 0.25576083559393475 0.3608843475797222