0 0.290625 0.60390625 0.09921875 0.0859375
0 0.1734375 0.3703125 0.0421875 0.0703125
0 0.2203125 0.3703125 0.08515625 0.03828125
0 0.4296875 0.28203125 0.059375 0.059375
0 0.39765625 0.46171875 0.0796875 0.0703125
0 0.490625 0.684375 0.046875 0.1109375
0 0.36484375 0.73046875 0.0859375 0.125
0 0.77109375 0.64765625 0.09453125 0.090625
0 0.7421875 0.5171875 0.07421875 0.05078125
0 0.60390625 0.48203125 0.075 0.0625
0 0.665625 0.3625 0.07734375 0.05546875
0 0.62734375 0.25390625 0.0640625 0.040625
0 0.4765625 0.18984375 0.04921875 0.04375
0 0.42890625 0.28359375 0.06484375 0.05625
5 0.5 0.52265625 1 0.92890625