4 0.665625 0.7609375 0.29375 0.303125
4 0.25078125 0.69296875 0.28359375 0.2265625
4 0.496875 0.5140625 0.2375 0.19453125
4 0.11015625 0.5546875 0.2203125 0.2390625
4 0.04921875 0.4015625 0.0984375 0.1546875
4 0.05625 0.28203125 0.10859375 0.115625
4 0.08046875 0.17265625 0.15703125 0.08984375
4 0.16484375 0.08515625 0.140625 0.0890625
4 0.3171875 0.36328125 0.24453125 0.1515625
4 0.19765625 0.28359375 0.184375 0.1109375
4 0.57421875 0.34140625 0.18515625 0.13671875
4 0.89296875 0.559375 0.196875 0.15234375
4 0.796875 0.36328125 0.1796875 0.13359375
4 0.60078125 0.22890625 0.19765625 0.109375
4 0.40546875 0.26640625 0.20078125 0.11171875
4 0.36171875 0.178125 0.17578125 0.11171875
4 0.496875 0.13828125 0.11953125 0.09921875
4 0.71796875 0.09453125 0.1359375 0.0734375
4 0.7453125 0.0328125 0.084375 0.065625
4 0.6359375 0.02734375 0.11953125 0.0546875
4 0.24140625 0.03046875 0.13515625 0.0421875
4 0.40859375 0.021875 0.1359375 0.04375
4 0.60859375 0.12265625 0.10234375 0.09296875
4 0.8328125 0.2546875 0.125 0.0953125
5 0.5 0.5 1 1