0 0.7163327431034364 0.4407258930900119 0.10626936525911965 0.09550089867609249
0 0.837900231335609 0.6879904989620335 0.04659435633066593 0.07554796360606986
0 0.7894490945661338 0.6865157361417519 0.08823638555165925 0.046262877997927984
0 0.5705842719206877 0.7724938157540377 0.06518071509696384 0.06704625889134022
0 0.6035582333642038 0.585595283289049 0.0856841298696164 0.07892982878371627
0 0.5067861935899038 0.3512138211307212 0.05360801542127547 0.11958906203449331
0 0.6381413336057898 0.30650925082406033 0.0929432508107789 0.1370334272121397
0 0.2138486712687694 0.38057371960192593 0.1016636858759707 0.0999700748547749
0 0.24430201014956499 0.517258236351149 0.08064207386326191 0.058399004962398846
0 0.38901449229265755 0.5584012748119936 0.0808602621748646 0.07089900496239868
0 0.3251002224071552 0.6813079278313123 0.08384889448011287 0.0632320541766104
0 0.3637615276027307 0.7957000676160646 0.06641593262955983 0.04836903349844608
0 0.5220319492752419 0.8664043275408619 0.053943206168510116 0.049349336641599
0 0.5713927954596382 0.7709677030575908 0.06981366801906326 0.06413958271265763
5 0.4999727264610496 0.5015625 0.9999454529220992 0.996875