4 0.671549914104807 0.7744024979568966 0.33862473718559977 0.3362657946885605
4 0.2599346403788108 0.664270536497137 0.3166913873758802 0.25803171037960515
4 0.5177896082498575 0.5103905158126816 0.2667258794672147 0.22024990924813698
4 0.1349452747517604 0.511836403787188 0.23882105536065773 0.2638271924256241
4 0.07685690764183528 0.3519801356368153 0.11918503460041112 0.16471700585373253
4 0.09080004942915873 0.23390230132785989 0.12546952669174571 0.12726245764913058
4 0.12162694368794011 0.1274477682485685 0.1715168557412186 0.10722266842151909
4 0.21144417737631774 0.05039036455957644 0.15413835475263546 0.10078072911915288
4 0.34756865566466894 0.34102795833650157 0.2681955375661607 0.1796430899662962
4 0.2320935528891998 0.24949041901069427 0.2006605276803289 0.13238629488495218
4 0.6071664901513494 0.3449877087292851 0.20636669961943924 0.15741356596219108
4 0.9014729291249288 0.5948321308632373 0.19705414175014227 0.17467378883482798
4 0.8292934995428893 0.388237218099059 0.1999893656270501 0.15425220452587265
4 0.6409910504177418 0.23538999493183446 0.21622186068413446 0.13091469847574838
4 0.4424726373758802 0.2537365157144857 0.21791169467652322 0.134048788834828
4 0.40427761760421677 0.16018650361423728 0.19278436068413446 0.1307783430895541
4 0.5423214456651065 0.13437746165615133 0.1342715237259963 0.11325449980360824
4 0.767211357718385 0.11118890476914656 0.14894151878308026 0.08990790339440444
4 0.799326179353484 0.05552016686939496 0.09349001482874772 0.07083974082661784
4 0.6876883423953457 0.03897808236404782 0.12604784684397002 0.0647806383672898
4 0.29357358646384674 0.014193789325807333 0.14027217292769345 0.028387578651614665
4 0.4602026709505271 0.019180750294587594 0.14228034190105418 0.03836150058917519
4 0.6554435281746205 0.12981216062287904 0.11676568874502422 0.10534200585373248
4 0.8727158942959624 0.2840537121471306 0.13876802273741298 0.10859427088084708
5 0.5 0.5 1 1