5 0.53125 0.54453125 0.93515625 0.91015625
0 0.596875 0.8796875 0.05703125 0.059375
0 0.54140625 0.77421875 0.06484375 0.15
0 0.58203125 0.17890625 0.06484375 0.06640625
0 0.2796875 0.46328125 0.04453125 0.03671875
0 0.35390625 0.36640625 0.159375 0.084375
0 0.48359375 0.3390625 0.0484375 0.03828125
0 0.34609375 0.4453125 0.09296875 0.0515625
0 0.83046875 0.546875 0.12421875 0.07421875
0 0.34375 0.59296875 0.1984375 0.15
0 0.54453125 0.56328125 0.29609375 0.165625
0 0.575 0.4859375 0.33125 0.115625
0 0.58671875 0.4453125 0.121875 0.08125
0 0.71328125 0.37734375 0.32578125 0.21171875