3 0.5918946234484037 0.8408837032543218 0.11780676002545327 0.188845418682363
3 0.6663571794239049 0.659524067910595 0.15201812802354447 0.17518290802036277
3 0.7294106154121327 0.5720598832352317 0.12167610001590834 0.11858746268299925
3 0.5400635680299077 0.214058121260367 0.09694882001909004 0.14173406134627217
3 0.4650272053628168 0.21180582527054836 0.12218517735518084 0.16233746268299926
3 0.5099022586728179 0.042712569303001394 0.12605451734563572 0.08542513860600279
3 0.4155673860995863 0.7288575126114116 0.088518154678545 0.088518154678545
3 0.5310196634309046 0.7126683439290487 0.0890817760184536 0.136955654678545
3 0.44700029411994907 0.8785120672740481 0.08781017735518085 0.16193747334499947
3 0.4056758601209035 0.8860251226130025 0.04344201201463562 0.10830339600572714
3 0.3005889181253579 0.92006486262732 0.09197041868236289 0.11667951734563572
3 0.2916128127784494 0.8201557692950473 0.0841942813494538 0.11971361067790838
3 0.46312309142263225 0.6525126412715029 0.17694540268936265 0.16922380935708983
3 0.4577805160725421 0.5291205946053664 0.12494655068427196 0.13112382535009015
3 0.537431106062997 0.4578717559277761 0.11684314934754489 0.10603291868236298
3 0.5308532947167249 0.36262289059518504 0.113609061346272 0.09662155601527207
3 0.38018748667249974 0.041132435311910076 0.12912497334499945 0.08226487062382015
3 0.3499556413510446 0.1264143126193658 0.0868829293443631 0.08224997334499946
3 0.27114412941595073 0.6055211046308198 0.05597837468172653 0.11157384667409058
3 0.278530462762541 0.7031046292966381 0.05252611067790856 0.08341248400699967
3 0.15797142007476928 0.5490176606460919 0.08561133068109025 0.10723179201145391
3 0.15370263808876866 0.6522062953135009 0.08068747334499946 0.08686474801081764
3 0.1519652260502704 0.3685943639799555 0.08993520401018137 0.07603633601209037
3 0.25181123205758826 0.4213460992998197 0.06057496801399935 0.10381589067472703
3 0.33126237472149744 0.40010635128900207 0.08815452800763594 0.057268154678544826
3 0.26719932737904334 0.3336551952975926 0.07768974267981754 0.09776588534372674
3 0.1879454426718634 0.037481271324000434 0.10089088534372678 0.07496254264800087
1 0.5746278300047726 0.03082082296309261 0.06170111600890884 0.06164164592618522
1 0.5762952534213597 0.6418194945894581 0.07303860534690862 0.10083634134309047
1 0.2394968767902216 0.9074926846355922 0.05559656667727229 0.07876134667409077
1 0.02670269139876972 0.48178580199713644 0.042860209341181454 0.058303396005727134
1 0.37025105470240743 0.25900863661682044 0.05421588001272663 0.09436816534054504
3 0.07474874538508852 0.380431839990455 0.06032042934436312 0.08194089067472685
3 0.08407029606936045 0.5100284333227277 0.0553783906747269 0.0600113466740904
3 0.2970039113621805 0.20907281862668364 0.04549540802036276 0.1505090773392725
3 0.3188158240372256 0.2705461206238201 0.08744655068427196 0.13068747334499947
3 0.23480390336568036 0.23558132196850146 0.05873974801081765 0.08036020934118149
3 0.04121118141308724 0.5871000106620002 0.0694772533418178 0.06329997867599957
3 0.25513403735677165 0.16971087396563794 0.07478291868236289 0.11647952267663593
3 0.1342264794318591 0.7243176526495917 0.06359088001272668 0.09447725334181775
3 0.2674207874363134 0.7555847392982289 0.09008065467854491 0.08853633601209018
3 0.030662938056951927 0.4192312579965002 0.04607611600890869 0.06615225867281786
5 0.5 0.5 1 1