3 0.17265625 0.5953125 0.171875 0.096875
3 0.34765625 0.6546875 0.1546875 0.13125
3 0.4328125 0.70859375 0.103125 0.10703125
3 0.759375 0.5109375 0.1265625 0.08125
3 0.7578125 0.440625 0.1453125 0.103125
3 0.94140625 0.47421875 0.11640625 0.11171875
3 0.26796875 0.421875 0.07734375 0.07734375
3 0.28984375 0.5296875 0.125 0.07421875
3 0.1296875 0.46015625 0.14765625 0.071875
3 0.12109375 0.421875 0.10078125 0.0328125
3 0.0828125 0.32421875 0.10234375 0.078125
3 0.17578125 0.3109375 0.1078125 0.0703125
3 0.34296875 0.4625 0.1484375 0.1546875
3 0.45859375 0.45078125 0.115625 0.109375
3 0.53125 0.521875 0.09140625 0.103125
3 0.61953125 0.5109375 0.08359375 0.09921875
3 0.93984375 0.35234375 0.1203125 0.115625
3 0.83203125 0.32734375 0.07109375 0.0765625
3 0.3765625 0.2796875 0.1015625 0.04375
3 0.2859375 0.2921875 0.075 0.04375
3 0.4234375 0.1703125 0.0953125 0.07421875
3 0.3265625 0.171875 0.0765625 0.06953125
3 0.59296875 0.1546875 0.0640625 0.0796875
3 0.5484375 0.2515625 0.09375 0.05078125
3 0.5734375 0.325 0.046875 0.0796875
3 0.6328125 0.2609375 0.08671875 0.06640625
3 0.921875 0.1703125 0.09140625 0.08828125
1 0.9515625 0.53359375 0.0890625 0.053125
1 0.359375 0.56875 0.08984375 0.0625
1 0.09140625 0.26640625 0.07109375 0.04765625
1 0.4796875 0.03203125 0.05234375 0.0578125
1 0.7078125 0.35390625 0.08671875 0.04375
3 0.578125 0.0828125 0.07421875 0.0515625
3 0.45625 0.0984375 0.053125 0.0484375
3 0.7515625 0.2828125 0.13984375 0.03125
3 0.69453125 0.30625 0.1171875 0.07265625
3 0.72265625 0.22421875 0.071875 0.04921875
3 0.38125 0.059375 0.0546875 0.06796875
3 0.78671875 0.24140625 0.1046875 0.0625
3 0.25703125 0.15703125 0.08515625 0.05234375
3 0.23515625 0.284375 0.07578125 0.07890625
3 0.53828125 0.04296875 0.059375 0.0375
5 0.5 0.46875 1 0.9375