3 0.45928876880461844 0.1910910627165392 0.11701766693047429 0.10820588410204497
3 0.40304346582248235 0.34902538908136815 0.1008016335443795 0.08698333148532651
3 0.35117107726353797 0.38356771807703305 0.085813131037097 0.10794827886860806
3 0.27935826174498957 0.43103498130179985 0.08513116943775678 0.08451077886860806
3 0.2915878256141854 0.5217432812876824 0.10030152837152997 0.0697958314853265
3 0.2084366933234471 0.6092440103115822 0.07249477711788863 0.07909523677523325
3 0.523114273423472 0.39123454686093645 0.10222774122451135 0.08238683674699834
3 0.7911666252976162 0.6729219755460178 0.0818243130112661 0.0780787683452644
3 0.6793509354058884 0.7235373545981524 0.07163095909205772 0.049407736775233246
3 0.6103388594624987 0.8361213836079348 0.06707985141192588 0.053822220990217676
3 0.46056617999561206 0.8195723784874372 0.056324207838416386 0.05943518415851479
3 0.5551118018615089 0.7976889441877482 0.09371655925034225 0.11152830517696728
3 0.5427685777257564 0.7108868942018656 0.07378449247815269 0.06981124203690499
3 0.2307232187919832 0.6770608418674959 0.0659098079967011 0.12082771046687384
6 0.5407861920698059 0.6176451284168502 0.06409124373179384 0.058327710466874017
6 0.6667780422280905 0.5639425467197621 0.048329851411925875 0.05273015785015556
6 0.7153088189502678 0.6442439677240972 0.08601170783841657 0.061164284130279786
6 0.6927421825028945 0.8550071624765427 0.0641821719450391 0.06145271046687384
6 0.41647519919594184 0.8287429811606255 0.07065949247815269 0.06962923151356151
6 0.43625885029129857 0.9018920548240313 0.04842077962517113 0.05585515785015573
6 0.41599078054960803 0.6033334574831022 0.09109166442319179 0.12853379465362363
6 0.2833601369760987 0.5893480102409951 0.06918792069139794 0.07266322625188941
6 0.21905960774663896 0.4862160339891055 0.05374477711788872 0.07800317363517095
6 0.562096553906573 0.5038479389260764 0.06909699247815268 0.06953822625188959
6 0.44815973753009464 0.38530379430068773 0.06350021034569905 0.03801521046687393
6 0.3779786520197935 0.7263313417263214 0.07405727711788863 0.07918624203690498
3 0.8173055764721152 0.7159208176252752 0.12433006175762458 0.0914734104104042
3 0.6660385931651626 0.6969370572431058 0.03863660266556703 0.04124662628012423
1 0.4260861607287751 0.33706371537561 0.04644910266556703 0.04170165258848364
1 0.7237173301665318 0.2745762098315894 0.05260817445232178 0.03894067363517095
1 0.6064843660599092 0.2693133152062008 0.05127299498543501 0.046662168373499215
1 0.6330886669969813 0.4039004178088018 0.03381271034569906 0.03628611049510884
1 0.6566254553976411 0.4287484993647155 0.04006271034569906 0.036650131541796326
1 0.7976021448936575 0.5324334834385256 0.03868206677218975 0.04280912628012423
1 0.7466306782797524 0.5091178098033546 0.041716138558944495 0.039866136803468066
1 0.6369230576674967 0.5410741941171611 0.043278638558944496 0.039957142065139985
1 0.6022070768678265 0.5507908283603804 0.03068771034569906 0.03610409997176518
1 0.5817127204413358 0.5558577599586464 0.04502299498543501 0.0462981473268119
1 0.7435809199664821 0.7484078229575342 0.03868206677218975 0.04280912628012441
1 0.6038652020989358 0.7089673494070677 0.05265363855894432 0.040503173635170954
1 0.6470863531942925 0.7834815019955513 0.040517351411925875 0.052275131541796326
1 0.5723160222363377 0.8519060073278105 0.03868206677218975 0.042809126280124586
1 0.39741296212806565 0.7845911627588915 0.046767351411925784 0.05263915258848364
1 0.1782059725529069 0.7068701682323247 0.048329851411925785 0.052730157850155376
1 0.4518768047645028 0.6609863337632266 0.04346049498543501 0.0462071420651398
1 0.5695189458307296 0.6521867283886152 0.035511602665567035 0.041064615756780755
1 0.31460882231548004 0.8063758865211195 0.05260817445232169 0.03894067363517095
1 0.1857098986545812 0.5296629261248326 0.04346049498543505 0.0462071420651398
1 0.14979278219896064 0.4461832972138723 0.048329851411925785 0.052730157850155376
1 0.39919573713438333 0.53505389434304 0.041943459092057725 0.047678636803468066
1 0.37399114865458116 0.5406290601562904 0.029216138558944317 0.03913809471009344
1 0.4685367705204781 0.5187456258566014 0.04778428213245363 0.03398015785015538
1 0.42633255014564925 0.4630724785297896 0.041943459092057725 0.047678636803468066
1 0.35486071542677095 0.4988209917545564 0.03872753087881246 0.044371626280124234
1 0.3100603439565854 0.37099982864272907 0.03863660266556703 0.04124662628012441
1 0.2298727387837359 0.38354606029746474 0.04024456677218975 0.042900131541796324
1 0.3600747158224823 0.3465227443853923 0.04355142319868044 0.049332142065139896
1 0.531788242940371 0.28139681527678795 0.04782974623907634 0.035542657850155465
5 0.4790623685339382 0.522121411831703 0.9581247370678764 0.9557571763365941