5 0.3740258707829037 0.8580008423953458 0.5595953653723618 0.2839983152093083
5 0.5 0.44459218878220524 1 0.8891843775644105
1 0.8889754247294516 0.49850368634792835 0.10396134134309065 0.07607702174882984
1 0.7910106394016332 0.5351176655876817 0.08840906667727229 0.08169035178688588
1 0.5354231633911337 0.4473961952079959 0.09623974801081765 0.08357118676785795
1 0.7271197673854066 0.413039735739906 0.09316929201145392 0.0881313527754692
1 0.7365214920432708 0.34860982121516965 0.118296561346272 0.10008752471457942
1 0.4279271947008166 0.2688799229648745 0.09794769867918127 0.09613485376405224
1 0.38800381806967865 0.5288478305695288 0.07739884134309047 0.07499468281352524
1 0.2563025687857673 0.8873713019006166 0.06778748400699967 0.05430018083635879
1 0.46665936079722126 0.9802776793906652 0.03470226400381797 0.029525673916276675
1 0.518848569462085 0.9691292737631774 0.04104317067154532 0.037592841901054184
1 0.46264347545349443 0.9035878453982764 0.045694308004454245 0.0346588428896375
1 0.4599633707829037 0.8745860949039848 0.0504727146721816 0.04266234387822081
3 0.5925522213558171 0.18969112456148 0.09447725334181775 0.06632001977166349
3 0.5983936886934987 0.22194520904816034 0.09287839067472685 0.06313135277546911
3 0.46515666406745143 0.5155930968811511 0.09471361067790855 0.08663251977166339
3 0.47464020472627 0.4581944323564146 0.09767497867599957 0.07269735376405215
0 0.3788048247930851 0.9462435776037792 0.0676965773392725 0.04648768083635879
0 0.4034957421228126 0.9206997495428894 0.07876134667409058 0.05787084980971926
0 0.28487301145763066 0.9267985578321157 0.06784202800763603 0.05898768083635879
0 0.32044633744426765 0.8298572322426839 0.0408977200031817 0.025092841901054187
0 0.5704986920750874 0.5761087856261753 0.24678518801718105 0.1365582184025193
0 0.6067356367361332 0.5361987100367436 0.20330790802036275 0.15821304250907656
3 0.5952521493873156 0.42172237456148 0.112046561346272 0.09983285672980173
3 0.4409571900859051 0.6504800914439436 0.05367044000636341 0.04903967787060921