4 0.895843168704838 0.6817024536387292 0.1737202753125615 0.2851606512886239
4 0.7523634980162655 0.7336666660994867 0.18803574645662097 0.24847952283992142
4 0.8440401104448026 0.5514107660540581 0.20738594718226047 0.2666496687014785
4 0.6453074553653269 0.6615283152404041 0.16296133538669527 0.20037621551297527
4 0.7184870389379234 0.5158716564885483 0.16210816351699647 0.22060682835784534
4 0.5845113430216076 0.5198078047249546 0.08614088584218216 0.0996525192218769
4 0.6218699884824366 0.4137558785602441 0.13547125244707062 0.17242163387576942
4 0.5962648424734533 0.3177097161903437 0.12722224282842376 0.15951219810012063
4 0.8032688106222879 0.32934101424503587 0.12437006134007796 0.1671609237898611
4 0.9162598839432656 0.321174389414378 0.15678574645662097 0.2468417797373265
4 0.7987425456461634 0.1451740541591276 0.1429365228654909 0.11822545680654795
4 0.7102356063532694 0.10218429273916685 0.07890873920022692 0.07119997060135783
4 0.6552852115254126 0.08443354873206067 0.07567461179556503 0.06791119629109835
4 0.5996949212367267 0.174659079035214 0.11617561542376223 0.15581398801421237
4 0.6949032391154087 0.2947026633859532 0.11050596878180663 0.12744332654882315
4 0.6497941249575909 0.1968516615769309 0.11606648801910033 0.15268898801421243
5 0.668340705998299 0.5136508214604405 0.6627729509800936 0.9726983570791191