4 0.3932340015596445 0.9396467554270668 0.27505954210278444 0.12070648914586642
4 0.31209810736475985 0.812341706240721 0.23336311542376215 0.1619555246489437
4 0.5133952233366761 0.8753307864075888 0.2495337524470708 0.17839939620024126
4 0.36479157614656654 0.6930052080497433 0.18594247840045358 0.14387390999505117
4 0.5250643880347988 0.7428867786056726 0.20765378729346118 0.14033283016686776
4 0.4960539890305908 0.609876204770383 0.09162699400955017 0.07810506784239593
4 0.609625415709613 0.6299164670948549 0.1601240228654907 0.11912621551297527
4 0.7010787949283733 0.5885312285148157 0.14735120435383653 0.11065861827193721
4 0.7297320406672041 0.7990083830827999 0.15650794954451291 0.10489994120271576
4 0.7626214078202468 0.9233201498182858 0.23062006134007795 0.15335970036342844
4 0.9163887924813026 0.7657432609656756 0.10307541469812306 0.13797139077317447
4 0.9424552738769811 0.6692743747150569 0.06490080290255733 0.07202548620519007
4 0.9491889127143882 0.6109262861804462 0.06328373920022692 0.07038109905006032
4 0.8457836597191634 0.5687210967867528 0.14702382213985138 0.10128361827193721
4 0.7439260046396874 0.6839156495911433 0.11571925843752044 0.0980833751693421
4 0.8329091482864179 0.6236166367008446 0.1422817584375206 0.09947545680654776
5 0.4926066183341691 0.712373847241038 0.9852132366683382 0.575252305517924