4 0.471875 0.93828125 0.2515625 0.1234375
4 0.38125 0.8078125 0.21015625 0.12734375
4 0.57890625 0.84375 0.22421875 0.14453125
4 0.41875 0.68828125 0.165625 0.1171875
4 0.5765625 0.7171875 0.18671875 0.1109375
4 0.534375 0.59296875 0.08046875 0.0640625
4 0.64453125 0.59921875 0.14296875 0.09453125
4 0.728125 0.55 0.13203125 0.08984375
4 0.77578125 0.746875 0.140625 0.08359375
4 0.8203125 0.8703125 0.20625 0.140625
4 0.95390625 0.69375 0.0921875 0.12109375
4 0.96875 0.59765625 0.0625 0.0640625
4 0.96953125 0.54140625 0.0609375 0.0609375
4 0.86328125 0.51328125 0.1328125 0.08046875
4 0.778125 0.63515625 0.10234375 0.08125
4 0.85625 0.5671875 0.128125 0.07890625
4 0.9265625 0.97734375 0.1140625 0.04453125
5 0.54609375 0.7359375 0.90703125 0.528125