5 0.56640625 0.11171875 0.484375 0.2234375
5 0.49921875 0.60234375 0.99765625 0.66640625
1 0.18046875 0.60859375 0.0875 0.04765625
1 0.2609375 0.55078125 0.0703125 0.05703125
1 0.5078125 0.56796875 0.0765625 0.059375
1 0.34296875 0.64609375 0.07265625 0.06484375
1 0.346875 0.7078125 0.09609375 0.06796875
1 0.63984375 0.70390625 0.07734375 0.0703125
1 0.62421875 0.4578125 0.06015625 0.05546875
1 0.671875 0.0984375 0.05546875 0.03671875
1 0.4640625 0.065625 0.02734375 0.0203125
1 0.41875 0.0890625 0.03359375 0.0265625
1 0.48359375 0.13515625 0.03828125 0.0234375
1 0.49140625 0.1609375 0.03984375 0.02890625
3 0.5078125 0.81640625 0.08046875 0.040625
3 0.49609375 0.7890625 0.07890625 0.0390625
3 0.55859375 0.48828125 0.075 0.0609375
3 0.5609375 0.54296875 0.08125 0.04765625
0 0.54921875 0.07578125 0.05859375 0.02890625
0 0.5328125 0.10390625 0.06640625 0.0359375
0 0.63828125 0.0703125 0.0546875 0.040625
0 0.625 0.1671875 0.034375 0.01484375
0 0.4515625 0.459375 0.21875 0.0703125
0 0.4265625 0.5046875 0.16953125 0.10546875
3 0.46015625 0.60625 0.08984375 0.06953125
3 0.553125 0.36015625 0.0421875 0.034375