3 0.5409904790944869 0.14508721428948032 0.11492632096198285 0.0972216477265238
3 0.439512737128169 0.29280373985702557 0.09977175782192056 0.0782261858759707
3 0.37642890820309133 0.31731854464556397 0.08238683674699825 0.10133640340856669
3 0.2917052977079825 0.351576542209932 0.08570925782192056 0.07798072402541774
3 0.2776967346385074 0.44469529667415897 0.10024219468185844 0.05950345941492117
3 0.1681782504941102 0.5160675105533068 0.07146474729857691 0.07461026217486459
3 0.5449745108762796 0.35808209213050174 0.10271474729857691 0.07515573295387146
3 0.728487876985996 0.6912552820669575 0.08065773677523325 0.0716489034085667
3 0.6026765349067388 0.7207672784135096 0.07267863680346806 0.041852309252765355
3 0.5008949560522481 0.8201008510589556 0.0668836631118273 0.04955571509696384
3 0.3575313639024036 0.7757759269508122 0.057872684158514785 0.0556420738632621
3 0.45766787179491136 0.7716866704579906 0.09194384727034208 0.1046250446422686
3 0.4707131743410427 0.6817065527632389 0.07248121572854593 0.06526253571381488
3 0.1709777558263692 0.5886010296280303 0.06307539462538872 0.11816934740221222
6 0.4964404874105178 0.5883832467568844 0.06550317363517096 0.05265344155801355
6 0.637141082120611 0.5578309017903041 0.0496961631118273 0.04925570616851012
6 0.6615047743128079 0.6487189545502476 0.08728716837349922 0.05147277110331831
6 0.5768813324029598 0.8554559241114384 0.06412268415851478 0.055751168019063255
6 0.31070186653323956 0.7758128831193225 0.06926521046687392 0.06364548863591431
6 0.30854085608048304 0.853115722810897 0.04675317363517095 0.05232615909060954
6 0.3768861215831499 0.5506668327950109 0.0852234104104042 0.12323867694751697
6 0.2488745136482898 0.5107566732973643 0.06788472099021767 0.06674321509696383
6 0.21502940564284256 0.39505953531007315 0.05124325256024873 0.07581820616851012
6 0.5504671057275472 0.47817640381889903 0.06770271046687401 0.06361821509696383
6 0.47285658717052137 0.33670769846116777 0.06432010523343692 0.03234094155801355
6 0.3030552374811049 0.6659020949698755 0.07293624203690507 0.07307503571381488
3 0.7420729638741689 0.739406409907979 0.12477175782192056 0.07866256249917622
3 0.5973743848785038 0.6912025093387861 0.03655912628012441 0.03810001785690744
1 0.4649222608056924 0.28533611323382013 0.04593412628012441 0.03826365909060954
1 0.7798115134365282 0.2790592451353266 0.05034861049510901 0.03365797970746058
1 0.6643531134082934 0.25141726055660213 0.05254814732681172 0.04462275324641087
1 0.6506938898578271 0.3921377179429283 0.033161110495108836 0.03335797077900686
1 0.6661977925168978 0.42074395901447464 0.03775760523343692 0.03187729139585791
1 0.7763855926439547 0.552278556823724 0.036741136803468064 0.041225017856907444
1 0.7330752084007355 0.5186944894532838 0.042627115756780756 0.03508411201270878
1 0.6137791768307043 0.5301422784135095 0.042627115756780756 0.03508411201270896
1 0.5769239189381965 0.5331269565788426 0.031598610495108835 0.0333306972400564
1 0.5542221663073607 0.5343036728936225 0.04299113680346807 0.04133411201270896
1 0.6598219059957784 0.7580121339333967 0.036741136803468064 0.041225017856907444
1 0.5317948875093398 0.6915667479747004 0.05365562101845249 0.03683752678536116
1 0.5527073560098958 0.7747104845820199 0.038849668373499215 0.05062729139585791
1 0.458988177113053 0.8294173498411397 0.038303636803468065 0.04125229139585755
1 0.3048837770142309 0.7283066375835493 0.04648015785015547 0.047638659090609534
1 0.109729442686307 0.6084010608776185 0.046571163111827296 0.049201159090609535
1 0.39498440322376815 0.6151287532497062 0.04299113680346807 0.04133411201270896
1 0.5144323532378856 0.6278724407505301 0.035087631541796324 0.039635244317957154
1 0.2155937638600513 0.7337674793037188 0.05356461575678066 0.035275026785361166
1 0.1699220319935541 0.43252830763120753 0.04299113680346807 0.04133411201270896
1 0.1588395898013573 0.34140842979018604 0.04822466837349917 0.050790932629559825
1 0.379464360989219 0.4796003563339612 0.04004814732681172 0.04440456493480802
1 0.352901860989219 0.480064006496117 0.027093121018452494 0.03637387662320535
1 0.45308387151256274 0.4751935000032953 0.04695059471009326 0.028915932629559826
1 0.42869008724110846 0.41162192370440137 0.04013915258848364 0.0459670649348082
1 0.3469927662085386 0.4341202609603439 0.036741136803468064 0.041225017856907444
1 0.3393307266048254 0.2976742463498473 0.03821263154179624 0.03968979139585782
1 0.255964489759005 0.2952271306836905 0.039866136803468066 0.0412795649348082
1 0.39644527659070794 0.2818486489476351 0.043173147326811726 0.04445911201270878
1 0.586410123931637 0.24965593750411913 0.05016659997176518 0.030532979707460585
5 0.4655266539744887 0.4985764529253946 0.9310533079489774 0.9157095584353959