5 0.3624503380843848 0.8638198304951665 0.5140912347348521 0.2594996057783995
5 0.49918112844870244 0.37890625 0.9983622568974049 0.7578125
1 0.8037502832438292 0.3718525760093613 0.09340916327441136 0.05681768577927473
1 0.7165501763918529 0.42919684380385836 0.07819359905006032 0.06399351581733086
1 0.46970947591688306 0.4088511461987666 0.08460737336031983 0.06737318380210837
1 0.643706897897722 0.331598943613578 0.0801655348257091 0.07186968281352524
1 0.646201134102912 0.2691307771116752 0.10384869629109836 0.07751218775644109
1 0.35072153776638515 0.2694769228905124 0.08526247060135787 0.07987318380210837
1 0.3407855365231897 0.5185683388981236 0.06717421189493056 0.061985346843970036
1 0.25472304726578193 0.8814622697344824 0.059941566033373486 0.042980678859192524
1 0.46020176334458396 0.9175258092406284 0.030915807326946165 0.02464717292769336
1 0.5081822399388356 0.8945220493547967 0.03749335594746519 0.031151840912470873
1 0.4475213789029877 0.8471005627006696 0.042017081637205855 0.028217841901054187
1 0.4434037669626287 0.8215421471873497 0.04374335594746519 0.031406508897248386
3 0.4961336143152083 0.15752872673111434 0.08518722749876276 0.04868685079830275
3 0.504774951945308 0.18602114125585079 0.08362472749876275 0.04862318380210837
3 0.4101463681603955 0.4892363245636676 0.08156426051544959 0.06880834980971962
3 0.4130533621675017 0.4337675745636676 0.08715916327441153 0.05656301779449713
0 0.3750012477407518 0.90696499403132 0.06265713025772471 0.03529551285158128
0 0.3952252165330873 0.8780759900769872 0.07087906603337349 0.04342634783255335
0 0.28511655416318693 0.9114070963124974 0.060105340343633 0.04610567885919252
0 0.3089845013587964 0.8129868423581648 0.03527575870642732 0.018588173916276672
0 0.514594850747541 0.5192819688224489 0.2293400192218769 0.09198054745199222
0 0.544272384668739 0.473636546389047 0.1826221494796016 0.12281937056996632
3 0.5215928804848674 0.37087630232054614 0.09768058344622813 0.07882001977166349
3 0.4025684842846261 0.6189556580617648 0.04719590456798421 0.03778384288963732