3 0.4765625 0.8375 0.0984375 0.08515625
3 0.55390625 0.68828125 0.0859375 0.0671875
3 0.6109375 0.66015625 0.0671875 0.0921875
3 0.68828125 0.621875 0.071875 0.06875
3 0.6890625 0.53125 0.08984375 0.0484375
3 0.784375 0.4546875 0.05859375 0.06640625
3 0.4421875 0.63359375 0.090625 0.06328125
3 0.21796875 0.325 0.0703125 0.0625
3 0.3359375 0.28828125 0.06484375 0.034375
3 0.4203125 0.1859375 0.059375 0.04140625
3 0.565625 0.21875 0.04765625 0.0484375
3 0.46875 0.2296875 0.07578125 0.09453125
3 0.46875 0.31640625 0.0625 0.05625
3 0.771875 0.3859375 0.04453125 0.11015625
6 0.45703125 0.40859375 0.05703125 0.0453125
6 0.325 0.446875 0.04140625 0.04453125
6 0.2890625 0.36171875 0.07890625 0.04296875
6 0.34140625 0.1578125 0.05390625 0.0484375
6 0.61015625 0.215625 0.059375 0.05625
6 0.6015625 0.14140625 0.0375 0.046875
6 0.578125 0.4359375 0.06796875 0.1125
6 0.7078125 0.46640625 0.05703125 0.05859375
6 0.75625 0.575 0.040625 0.06875
6 0.4203125 0.51875 0.0578125 0.05625
6 0.515625 0.64765625 0.05859375 0.02578125
6 0.63359375 0.32109375 0.059375 0.06484375
3 0.1984375 0.2796875 0.1109375 0.06484375
3 0.34453125 0.31640625 0.03125 0.03359375
1 0.53046875 0.69765625 0.03984375 0.0328125
1 0.22734375 0.725 0.0453125 0.028125
1 0.3421875 0.74375 0.04453125 0.0375
1 0.33515625 0.6078125 0.028125 0.0296875
1 0.315625 0.58046875 0.03359375 0.028125
1 0.19140625 0.4625 0.03125 0.0359375
1 0.2375 0.49140625 0.0359375 0.03125
1 0.3515625 0.47265625 0.0375 0.03046875
1 0.3875 0.4671875 0.02578125 0.03125
1 0.40859375 0.4640625 0.03671875 0.0359375
1 0.275 0.25625 0.03046875 0.0359375
1 0.40859375 0.31171875 0.046875 0.0296875
1 0.3765625 0.2328125 0.03046875 0.0453125
1 0.459375 0.175 0.03203125 0.0359375
1 0.621875 0.2609375 0.03828125 0.04296875
1 0.828125 0.3625 0.03984375 0.04296875
1 0.5515625 0.37578125 0.0359375 0.03671875
1 0.43359375 0.37109375 0.02890625 0.034375
1 0.70859375 0.24921875 0.046875 0.02890625
1 0.7953125 0.5359375 0.0359375 0.0359375
1 0.81796875 0.62265625 0.040625 0.04453125
1 0.58515625 0.50546875 0.03359375 0.03984375
1 0.6109375 0.503125 0.02109375 0.03359375
1 0.51484375 0.5140625 0.04296875 0.0234375
1 0.54765625 0.5734375 0.0328125 0.040625
1 0.6234375 0.546875 0.03125 0.03671875
1 0.64921875 0.67734375 0.03125 0.034375
1 0.73046875 0.67421875 0.03203125 0.0359375
1 0.596875 0.69609375 0.0359375 0.040625
1 0.41796875 0.73984375 0.04453125 0.02421875
5 0.509375 0.4921875 0.8046875 0.80625