3 0.044961037034688 0.559375 0.089922074069376 0.240625
3 0.17895403505752167 0.22890625 0.10604836463846716 0.1484375
3 0.1962782089366172 0.58984375 0.1373965237259962 0.1125
3 0.09361346536240785 0.559375 0.10882585475263547 0.1015625
3 0.2628184742224754 0.9125 0.137205522737413 0.1078125
3 0.2909804856655439 0.06796875 0.07247186068413444 0.1296875
3 0.40359057361226547 0.04609375 0.09737901878308027 0.0890625
3 0.6978764955141947 0.41640625 0.05362901878308026 0.0890625
3 0.7840633463124974 0.33359375 0.12403436068413445 0.1296875
3 0.976955136350116 0.14375 0.027575854752635465 0.1015625
3 0.9627679609509647 0.18515625 0.03165585969555131 0.125
3 0.2849838591640787 0.27265625 0.0741616946765232 0.1328125
3 0.23685542387909556 0.3609375 0.12062551779449712 0.084375
5 0.5 0.5 1 1