4 0.6928402631052091 0.8833889899925769 0.26381315254479176 0.23322202001484627
4 0.4990006505480216 0.9400904907277458 0.2235492156150695 0.11981901854450853
4 0.40813664836382013 0.8063683452048732 0.24004834422416685 0.25603307326946306
4 0.21667519376666727 0.7604406122790434 0.24059385809187522 0.2794705732694629
4 0.08960224106937556 0.6648271398686633 0.15505640159486136 0.2921542797373265
4 0.0850926597629865 0.4710771398686632 0.1514923776591668 0.13902927973732632
4 0.292288870344063 0.5560640507682256 0.176637848023889 0.1465894742194024
4 0.5790277637707991 0.6725300130018403 0.09884015634451408 0.15655761646291494
4 0.8909117479095141 0.6717199440277908 0.21817650418097187 0.20653104025277608
4 0.8494811616628475 0.4580768458822416 0.15138327488562525 0.13434177973732647
4 0.7466802039315628 0.29897076153150237 0.16213893692972228 0.1271024898232347
4 0.5322345378034029 0.20424035843385613 0.16075827488562505 0.13483310266810494
4 0.3995856919637154 0.20431120024782726 0.15272756933854179 0.12504866689245625
4 0.37206271684934056 0.3292769007227971 0.17878222948277783 0.17167136137453215
4 0.5729706002080904 0.311715343734535 0.17347648043270852 0.1448631999091429
2 0.3284692917905563 0.9036317695605611 0.11838893692972227 0.1248096494796016
2 0.05058906677309061 0.39670125961093844 0.07696384992375008 0.08830558344622812
2 0.14550609574277829 0.6193785210308992 0.09607752583555565 0.10491322930778502
2 0.5011014791015282 0.6099237924004826 0.0975672906531944 0.10187011646291495
2 0.7198904595342367 0.7571617198083883 0.10701502583555556 0.10548643939369348
2 0.8589711433298269 0.7652309266149363 0.09444229065319476 0.10170634215265544
2 0.9249078806963895 0.9161626628201264 0.060103658244375066 0.1014673247398008
2 0.6291881518792017 0.5144176198538168 0.1019274823325695 0.08805327792830404
2 0.3622363880114935 0.47701835990419417 0.10221842306201392 0.10055327792830404
2 0.357711235751042 0.41669833559393465 0.0972399823325695 0.08780761646291495
2 0.21986378400368078 0.2939900966752111 0.07514677678548623 0.07728619629109837
2 0.3195540062682641 0.2523968181810801 0.09422408510611113 0.09233134215265544
2 0.46366768218006965 0.2755554364530173 0.09902068787965276 0.09726450361804462
2 0.5216094283803475 0.3847124304601235 0.08964568787965277 0.09677318068726617
2 0.7068923117390975 0.3663320019205639 0.08473998233256949 0.0871525192218769
2 0.7798583394745142 0.41697381105653253 0.0944422906531944 0.10170634215265525
5 0.5 0.5 1 1