3 0.5315074658195185 0.9324279986492376 0.23825868676785794 0.1034970553496283
3 0.21753249053409776 0.8263714939247322 0.14769735376405224 0.1018948606144388
3 0.5650905814465688 0.7783481338584476 0.11615819368794007 0.1319990228654909
3 0.5336721436901277 0.8793029986492377 0.10420202174882984 0.10661707694917481
3 0.8770268487467743 0.6855405526481035 0.10990819368794007 0.13178076805616748
3 0.06419055085626192 0.7334994915624795 0.12838110171252384 0.07171628729346118
3 0.046656188213551594 0.6291220156090966 0.09331237642710319 0.09455358656782167
3 0.41013109779537216 0.3117757366683381 0.08797484387822045 0.05300100362819702
3 0.33284569760509175 0.23646076733837712 0.13290002471457935 0.12166172359113023
3 0.1537988206465159 0.054699879766914414 0.10210101087441492 0.055054576949174774
3 0.19343698220550287 0.07749997350631217 0.12464717292769345 0.033998032484137616
3 0.2616100957810248 0.7210738695152954 0.13099001482874764 0.07478672359113023
3 0.3458604203818734 0.7594791158870983 0.08746019072219058 0.1169543762235353
5 0.5 0.5 1 1