3 0.55234375 0.94296875 0.2203125 0.1140625
3 0.25078125 0.80546875 0.134375 0.08828125
3 0.584375 0.78203125 0.10234375 0.1203125
3 0.55390625 0.87734375 0.0921875 0.09453125
3 0.88203125 0.7140625 0.096875 0.1203125
3 0.1015625 0.70625 0.12265625 0.06015625
3 0.07578125 0.603125 0.10390625 0.084375
3 0.4328125 0.32421875 0.0796875 0.04453125
3 0.3578125 0.246875 0.11875 0.1078125
3 0.1859375 0.06015625 0.09375 0.046875
3 0.2234375 0.08515625 0.115625 0.02421875
3 0.29296875 0.70703125 0.12109375 0.0625
3 0.3734375 0.74921875 0.0765625 0.10625
5 0.5 0.5 1 1