6 0.4375808078927731 0.15392402363289098 0.16057673111680745 0.15021244120271565
6 0.6937921070791191 0.3344935136832683 0.1035078595655099 0.1316395036180446
6 0.614684461217562 0.35733787143975587 0.1027775192218769 0.08797139077317429
6 0.6731067135924113 0.5062014173467414 0.11725609905006032 0.06691526232447184
6 0.6224106727738083 0.5221030563108935 0.1147043091359686 0.0776889880142125
6 0.4918766457500154 0.6045171658764034 0.09883364767057934 0.07218261646291495
6 0.4496006145423509 0.5786850062200364 0.07515048620519008 0.06626680913596861
6 0.09454013681644549 0.21786917345117685 0.14569535956550989 0.13385045680654795
6 0.06660490558606676 0.3646556422435124 0.1332098111721335 0.13401423111680746
6 0.2926512516974807 0.5853521653105764 0.06848440637700666 0.08773237336031983
6 0.153405045229617 0.5069482835825136 0.06462242198083885 0.07350609905006031
6 0.10673144109117402 0.4906958418139711 0.06149742198083885 0.0733423247398008
5 0.440625 0.375 0.88125 0.75