6 0.6339406232097784 0.8801367245688339 0.13308631468808993 0.16392556699689215
6 0.8182189099300032 0.47723639475166024 0.1081044960216353 0.16432367328319836
6 0.7954786545592323 0.7539273273404834 0.11088405068427196 0.13478172249741008
6 0.6595422492441404 0.6259564927657989 0.06520792401336309 0.10142125889134021
6 0.5342417098981865 0.7247108240307145 0.062028380012726814 0.09658820967712849
6 0.5078712085853219 0.57523951695862 0.10136360001590834 0.12184507485477489
6 0.6083268366088663 0.397217216710951 0.0505090773392725 0.04607878742738745
6 0.479139323281366 0.3602887591007371 0.049637468013999354 0.10538101282028159
6 0.5462910079567292 0.29313333829873817 0.11733404535327167 0.15226032092583353
6 0.5882148786203203 0.31382467390688007 0.10172722668681722 0.1530950748547749
6 0.612125640634956 0.20495694210384513 0.05866702267663584 0.07613016046291676
6 0.5189119899745466 0.16322966853019655 0.1000920013526354 0.14677230024766902
6 0.3963648279758193 0.15956747518800637 0.05397952267663593 0.07591183664159917
6 0.43727273333068195 0.009216526469132682 0.05666817067154532 0.018433052938265363
1 0.8656040819541839 0.2970009311455904 0.10018290802036275 0.15458480024766902
1 0.694833764560823 0.7469025394988111 0.10799540802036275 0.15494867328319833
1 0.5123779899347758 0.4563439677444083 0.09349655601527189 0.11679370181924557
1 0.43501551125877613 0.5286599234925953 0.07983404535327185 0.1505137303552928
1 0.38506151193509386 0.4599313482235356 0.0852840666772722 0.08205482878371625
1 0.3901222766152297 0.360530661705771 0.09158861067790855 0.08703342721213972
1 0.41511537531827347 0.091543067206289 0.0766545013526354 0.14568068114108115
1 0.7404869979710467 0.17867692432116483 0.088518154678545 0.09157537799792799
1 0.6315858073281365 0.024454074649887095 0.07745338534372692 0.04890814929977419
5 0.6191819732654577 0.4941780314315314 0.7616360534690847 0.9883560628630628