4 0.75234375 0.80390625 0.20234375 0.203125
4 0.590625 0.93046875 0.1859375 0.13828125
4 0.47265625 0.79375 0.18203125 0.19453125
4 0.2875 0.8046875 0.1765625 0.21953125
4 0.11015625 0.76171875 0.1765625 0.23828125
4 0.09609375 0.5734375 0.1453125 0.09609375
4 0.31328125 0.59296875 0.1453125 0.0984375
4 0.60078125 0.62109375 0.059375 0.13359375
4 0.8859375 0.5328125 0.17265625 0.14921875
4 0.80234375 0.34609375 0.12265625 0.09375
4 0.67578125 0.2265625 0.1359375 0.0828125
4 0.46015625 0.19765625 0.1328125 0.090625
4 0.33828125 0.234375 0.12734375 0.084375
4 0.3390625 0.35859375 0.140625 0.12421875
4 0.51953125 0.28671875 0.14296875 0.09765625
2 0.41953125 0.90703125 0.09140625 0.09375
2 0.02578125 0.79140625 0.0515625 0.09453125
2 0.0515625 0.51328125 0.07421875 0.06875
2 0.19375 0.69296875 0.071875 0.0796875
2 0.51640625 0.584375 0.075 0.07578125
2 0.74765625 0.6609375 0.08359375 0.0765625
2 0.8765625 0.6296875 0.0703125 0.0765625
2 0.97578125 0.7515625 0.0484375 0.0875
2 0.61328125 0.46015625 0.08359375 0.0609375
2 0.36171875 0.5 0.08046875 0.07265625
2 0.34453125 0.44453125 0.07734375 0.06171875
2 0.19296875 0.36875 0.0578125 0.0578125
2 0.275 0.30234375 0.07421875 0.0671875
2 0.41171875 0.2828125 0.0765625 0.07109375
2 0.4875 0.36875 0.06953125 0.07265625
2 0.653125 0.3 0.065625 0.06640625
2 0.73125 0.32734375 0.07265625 0.0765625
5 0.5 0.5578125 1 0.884375