6 0.04854072388010392 0.6521040014477422 0.09708144776020784 0.12391699710451576
6 0.3992381341212493 0.8523350179920772 0.15530705547083343 0.10088191149637424
6 0.12293086046989514 0.8207212607533669 0.12576502583555565 0.10574919396136266
6 0.27431413535552024 0.6872451730783105 0.09662173328250008 0.060689251033457306
6 0.19461106440145787 0.557508477254921 0.09186149810013892 0.05734592721213971
6 0.34966224031326343 0.5346787911514411 0.11460932028847229 0.0958647717116218
6 0.5125960385659022 0.6425896827982202 0.040153527735416715 0.0486943651776464
6 0.5702474972471177 0.5126988215495152 0.10098192496187508 0.04684507485477489
6 0.6271501542572218 0.5826260237830455 0.14309799620027785 0.11279971463952716
6 0.6004415306821175 0.6236705548002922 0.14422408510611112 0.09412248924663302
6 0.7059278112673258 0.6515343815170939 0.07154899810013901 0.05639985731976367
6 0.7627246315557981 0.5583622702683889 0.1395729526972918 0.09546666542531543
6 0.951837110469895 0.7821143316837096 0.0589412017473613 0.11824488585581072
6 0.7866732374634718 0.43472356307245974 0.07296602773541672 0.050222631926869356
6 0.9565304893633328 0.4798797435943684 0.06377286569131968 0.05759848428423435
1 0.5728379818607978 0.9043405119962212 0.14891158510611113 0.09434081306795043
1 0.14715157010104105 0.718921166253885 0.14593205547083338 0.10044526385373889
1 0.4688661819926384 0.543174033707843 0.10821384992375016 0.08932367328319835
1 0.4075124143252079 0.46330890529563024 0.14527743882958344 0.07232026385373888
1 0.4843483244694441 0.41446683685099617 0.07369337955902786 0.08147263192686935
1 0.5840573837399996 0.42230926199622126 0.07696384992375016 0.08786818114108108
1 0.8509532898001732 0.4559221668775667 0.14207970364722228 0.06904971463952717
1 0.7114848674037493 0.7816028711780116 0.08314111474138883 0.08503427956950453
1 0.9238231728745827 0.6780646865222739 0.1203865416031249 0.07584337014004525
5 0.49607230015249987 0.6454621257261256 0.9921446003049997 0.7090757485477488