1 0.09032710167376111 0.4910337946536236 0.0927420119038567 0.10068181043863902
1 0.19894007415361462 0.7691426550781453 0.08174996974937895 0.09066977360693614
1 0.5479957185710286 0.8956868284309675 0.10052724082661779 0.09644933674699843
1 0.7890873094210875 0.5871818966209401 0.11466246369925485 0.10976838410204497
1 0.6851254755049156 0.30309605198143397 0.10058178298109546 0.10582433674699834
1 0.2532164244716433 0.16469734976000364 0.10519656010845857 0.09359735253201391
3 0.6313440288758789 0.8583681099304116 0.12566359621281203 0.12134292093374768
3 0.5490264325648709 0.8043715836926394 0.20091812626704134 0.16946117349399686
3 0.4090508723582166 0.773570362773009 0.15099993949875792 0.18061150512049765
3 0.7394918304001304 0.653800978247441 0.10706813231716553 0.14681335779368573
3 0.643220818398078 0.6177354046546222 0.0896988251355733 0.11456229991529554
3 0.5372889809658646 0.6662345468609365 0.0723931504675381 0.09324874203690499
3 0.5336503756778661 0.5777712863375928 0.09296018052176755 0.13818181043863903
3 0.5904816377781146 0.5467179783886152 0.14314198770335979 0.17234397881213823
3 0.6221129119786115 0.4798335862528882 0.17445562021691713 0.18510158404557514
3 0.26552306527482 0.6691496313300347 0.10857609016268785 0.13752936305535748
3 0.18265602312034232 0.6549513524614268 0.1651351623713949 0.193930552475544
3 0.2661038064942213 0.5004906365917066 0.21691583098930572 0.23443372611071514
3 0.1859027012062229 0.40756811824644223 0.1944317769309713 0.12847215244730936
3 0.38042940602668307 0.4181170233245875 0.12262949980360824 0.1367859104104042
3 0.5243879634046672 0.3280975100292335 0.09741133118569749 0.09782982622365459
3 0.45700956586399516 0.291371783777344 0.1053056444174139 0.11234735253201392
3 0.36489478873663217 0.2985024733387049 0.10679542154477702 0.09993835779368573
3 0.2943913911959602 0.2615947365634717 0.097493144417414 0.11189232622365468
3 0.22085389724608437 0.2401299892648948 0.05343407220870704 0.05621917889684287
3 0.3979476623713949 0.2074903364646497 0.17589085518980258 0.16331758930724707
3 0.3457806534926003 0.10058091282947865 0.10692268657189175 0.12181335779368574
5 0.5 0.5 1 1