6 0.559375 0.80234375 0.12734375 0.115625
6 0.2890625 0.65859375 0.07421875 0.10703125
6 0.35859375 0.63203125 0.0828125 0.065625
6 0.278125 0.5 0.10234375 0.04296875
6 0.32265625 0.48203125 0.0953125 0.05390625
6 0.42890625 0.39609375 0.0828125 0.05078125
6 0.47265625 0.41640625 0.06171875 0.0484375
6 0.865625 0.71640625 0.115625 0.103125
6 0.88125 0.58125 0.134375 0.10078125
6 0.6171875 0.39765625 0.05 0.0734375
6 0.76015625 0.45703125 0.04921875 0.059375
6 0.80625 0.46953125 0.04609375 0.059375
5 0.5875 0.64375 0.825 0.64609375