1 0.61953125 0.10625 0.07890625 0.07421875
1 0.33046875 0.13984375 0.07109375 0.06640625
1 0.13984375 0.446875 0.07265625 0.08515625
1 0.38671875 0.76328125 0.08203125 0.096875
1 0.68046875 0.7359375 0.08046875 0.08046875
1 0.90078125 0.35078125 0.06640625 0.09140625
3 0.15859375 0.5375 0.090625 0.10390625
3 0.2265625 0.471875 0.1140625 0.17578125
3 0.284375 0.34296875 0.1453125 0.1140625
3 0.33359375 0.69765625 0.1234375 0.07578125
3 0.38671875 0.6125 0.09453125 0.0671875
3 0.36171875 0.496875 0.07734375 0.053125
3 0.44765625 0.515625 0.11953125 0.0625
3 0.465625 0.58046875 0.1390625 0.109375
3 0.5234375 0.628125 0.14375 0.1390625
3 0.41328125 0.23125 0.11328125 0.08125
3 0.44375 0.153125 0.15546875 0.12734375
3 0.57578125 0.275 0.18203125 0.17421875
3 0.68046875 0.221875 0.07265625 0.1796875
3 0.63203125 0.40859375 0.10703125 0.0953125
3 0.6890625 0.57265625 0.07265625 0.08046875
3 0.7375 0.5171875 0.0875 0.08359375
3 0.74921875 0.42578125 0.07265625 0.08984375
3 0.7984375 0.36640625 0.08828125 0.07578125
3 0.83359375 0.3 0.04453125 0.04453125
3 0.82890625 0.48125 0.1171875 0.15
3 0.94296875 0.45859375 0.0953125 0.084375
5 0.503125 0.4875 0.99375 0.9375