6 0.09140625 0.62421875 0.140625 0.11171875
6 0.44921875 0.8265625 0.14375 0.08828125
6 0.18984375 0.7859375 0.115625 0.09375
6 0.328125 0.6671875 0.0890625 0.053125
6 0.25078125 0.54140625 0.084375 0.04921875
6 0.39609375 0.52734375 0.1046875 0.0859375
6 0.5515625 0.63515625 0.03671875 0.04453125
6 0.603125 0.515625 0.09453125 0.03984375
6 0.6578125 0.58359375 0.13203125 0.0984375
6 0.6328125 0.621875 0.13359375 0.0828125
6 0.7328125 0.6515625 0.065625 0.04921875
6 0.784375 0.5671875 0.128125 0.08359375
6 0.96953125 0.78515625 0.0609375 0.1078125
6 0.80390625 0.4515625 0.06640625 0.04375
6 0.96796875 0.50234375 0.0640625 0.05078125
1 0.6140625 0.88359375 0.1375 0.08125
1 0.21015625 0.690625 0.134375 0.0890625
1 0.5078125 0.540625 0.1 0.07890625
1 0.44921875 0.46171875 0.13515625 0.06171875
1 0.5203125 0.41953125 0.0671875 0.0734375
1 0.61328125 0.43125 0.07109375 0.0796875
1 0.86484375 0.475 0.13125 0.05859375
1 0.74140625 0.775 0.0765625 0.0765625
1 0.940625 0.6859375 0.11875 0.065625
5 0.5 0.6625 1 0.675