1 0.3918202247167669 0.9026696635581317 0.09093801779449713 0.08590231818121907
1 0.6821534060474174 0.8281200823912691 0.08274351581733086 0.07639095048646745
1 0.85043380973492 0.49182625203518543 0.08663251977166339 0.09519549756436803
1 0.5739309540308823 0.20779571997152319 0.09820668973360736 0.11101141233702042
1 0.27757060718691234 0.2769856452941871 0.09431768577927464 0.09220686525911974
1 0.0864164361992042 0.69565164488715 0.08226335475263544 0.10292617694751698
3 0.8235940785180003 0.40329558604471705 0.10946252471457925 0.11901482710967279
3 0.7596323961987667 0.4785780040637803 0.1437048735357159 0.19299779788867966
3 0.7126234505336603 0.6168007528459644 0.16478669467652338 0.1355944009729347
3 0.6332303581754954 0.26609341518298474 0.1365688527754692 0.0945057508107789
3 0.5864734219019292 0.35981218750411914 0.107934516805914 0.0815148271096728
3 0.6208882311797386 0.4731928490303606 0.08698534684397004 0.0655352711033185
3 0.5329571496588078 0.46614005398105485 0.13130834980971962 0.08036143019392802
3 0.5089731630046807 0.4033224541432106 0.15828202669174568 0.12923530681713338
3 0.4457847549057348 0.3638293060096497 0.1689303666156336 0.16064894805083538
3 0.5909328398495257 0.7485201314977648 0.12894735376405214 0.09905688311602709
3 0.5657153225493202 0.8309332110430695 0.17792336463846717 0.1514375892845372
3 0.422420261788636 0.7264793104738766 0.2127732085166878 0.20201033360249454
3 0.3204638309522772 0.7953986801972232 0.10464237353571573 0.19231595941492116
3 0.3542034554765761 0.5996361668045426 0.12476918973360744 0.11147506249917623
3 0.2825088220922097 0.44318734375205954 0.08800401878308026 0.0905352711033185
3 0.2385877257425312 0.5056288425342436 0.10232118676785787 0.09703073295387128
3 0.23317337247277053 0.6001873660731938 0.0899485207602467 0.0999375446422686
3 0.18909310863260603 0.666535114855378 0.1020665187830803 0.09078073295387146
3 0.15885251030576125 0.7381061517870089 0.052037343878220545 0.05087275324641087
3 0.14836463235860223 0.5548260474849378 0.14274986859279987 0.16956029788867966
3 0.045514817415030086 0.593494855519887 0.09102963483006017 0.09875687418757337
5 0.5 0.5 1 1