4 0.2878352599856825 0.1045415019891823 0.26182948002863504 0.2090830039783646
4 0.48157671666136387 0.0368716493077739 0.21184656667727228 0.0737432986155478
4 0.5810125479790009 0.1479058625875491 0.23879196936663477 0.24805788136536217
4 0.7790955119748648 0.1760655832272776 0.23910105203690737 0.27462038136536215
4 0.9156137199634108 0.25884062587527845 0.16589990937299817 0.2940783586887262
4 0.9163842372692755 0.46114801320818766 0.15781359468490805 0.13619313335454458
4 0.7015683066120479 0.39412578723745895 0.1765817760184536 0.13797380935708983
4 0.4057932772915474 0.30304899061109347 0.09398745202099903 0.15576019867918128
4 0.09915237862032031 0.34020628198600067 0.18971812269254426 0.19280676002545344
4 0.12714846725813983 0.5523517459818644 0.15303518801718105 0.12832608935390813
4 0.2323888559039135 0.7050125746340015 0.16386360001590833 0.11907835868872621
4 0.45334569855986856 0.7813370752705483 0.16239200668363551 0.12687267735518085
4 0.5909820585614594 0.7680183679185493 0.15448860001590833 0.11896927068745367
4 0.6190717905792769 0.6364592852482767 0.1784533586887264 0.16455449069063519
4 0.4124036199077315 0.6747967212762754 0.1750192760184536 0.13795562802354447
2 0.6617818373249549 0.0540098645767314 0.11359088001272663 0.09505905601527202
2 0.9530206239258672 0.5349304112030969 0.08228633601209054 0.09000792934436319
2 0.8516961232893202 0.31426446988386897 0.09491360534690826 0.10109088001272673
2 0.48637056795036593 0.35991606126673037 0.09800224267981754 0.09800224267981764
2 0.25979098130172873 0.22975803596436525 0.10741360534690844 0.10123633068109025
2 0.11677677796786512 0.23532787798377347 0.09175224267981759 0.09792951734563582
2 0.3546200339354121 0.47159045261777505 0.10252611067790855 0.0839942866804538
2 0.6286660612667303 0.48324337858054933 0.102671561346272 0.09649428668045382
2 0.6334166485916853 0.5448984939131403 0.09782042934436319 0.08237724267981754
2 0.7758394112428679 0.6572883112269594 0.07429202267663584 0.07429202267663584
2 0.6736678365690955 0.7108138479074133 0.093205654678545 0.08857269867918127
2 0.5245854465706863 0.7008314152610033 0.09796588001272681 0.09487724267981754
2 0.46567461791854925 0.5945001466025029 0.09013519867918127 0.09322383601209036
2 0.27385928791377667 0.6318836099618199 0.0853567920114541 0.08535679201145392
2 0.19861438725336733 0.586671654638774 0.09487724267981759 0.09796588001272681
5 0.5 0.4859375 1 0.971875