6 0.5778825288205467 0.850566481794176 0.14291597727182861 0.1386198439616777
6 0.28708202516709874 0.7109938902073475 0.08957278896022576 0.123335680687266
6 0.35719965625453104 0.6810441186106214 0.09352390340856669 0.08139384215265544
6 0.26491847321793405 0.5471836957252714 0.11030230032431154 0.05885710085908258
6 0.309063939532714 0.5268202860689045 0.10580571509696393 0.0695489393936933
6 0.4131395592560606 0.4329651447299033 0.09168866801906325 0.06568695499752568
6 0.4597009135581317 0.45339050938379577 0.06970457386326193 0.058290534825709096
6 0.889289407472347 0.7503738885098669 0.130143241882325 0.12233974672063966
6 0.8948826627473527 0.6091314128201264 0.15048301542127546 0.12496677973732631
6 0.6086975211066136 0.42913853912112226 0.05920345048646745 0.0827173247398008
6 0.7609770413991531 0.4856009803238379 0.0574227621748646 0.07013543758467104
6 0.8092781737044014 0.4959519821328602 0.052707988635914305 0.06832727611928177
5 0.5645854622608855 0.645377777023793 0.8609560543782061 0.709244445952414