0 0.3109375 0.5375 0.11640625 0.05859375
0 0.378125 0.62265625 0.1015625 0.09140625
0 0.15546875 0.47890625 0.065625 0.05703125
0 0.95546875 0.4390625 0.0890625 0.090625
0 0.2671875 0.16640625 0.1796875 0.1625
0 0.36015625 0.26328125 0.08515625 0.0671875
0 0.365625 0.3359375 0.0921875 0.06015625
0 0.3671875 0.50390625 0.1140625 0.08046875
0 0.2734375 0.4375 0.05 0.05078125
0 0.36484375 0.4171875 0.0515625 0.05703125
0 0.09921875 0.2375 0.078125 0.078125
0 0.18203125 0.03515625 0.09296875 0.0703125
0 0.603125 0.0328125 0.07890625 0.065625
0 0.67265625 0.13984375 0.08359375 0.07109375
0 0.8796875 0.12890625 0.240625 0.1234375
0 0.93515625 0.0578125 0.1296875 0.109375
5 0.5 0.4921875 1 0.984375