5 0.5 0.5 1 1
4 0.3592548543053664 0.5163571699734295 0.15776940990138844 0.18376718610347992
4 0.2576747633959759 0.4678404332079958 0.10714211850553061 0.14550089867609248
4 0.16007524026406267 0.6392188194780914 0.1783273717519415 0.19877575599585598
4 0.22259105682372388 0.8204003529765374 0.15113758035608366 0.1616010876750565
4 0.3974467808491416 0.7472283343652876 0.12761825973923263 0.1558219685684687
4 0.3499950823912691 0.7332899588485589 0.09318871266133195 0.1510959272121397
4 0.45966573173935077 0.3630930829175455 0.14041826866768634 0.17359166542531543
4 0.5029912175358913 0.5238336838271683 0.14165348620028234 0.1549144400324213
4 0.4568385608776184 0.16670823448912206 0.1295625892845374 0.17776974317557448
4 0.6079255482957167 0.06662695946773145 0.08711026217486459 0.07119010339082217
4 0.785914180600965 0.08273576467779921 0.07902502678536116 0.055201230355292875
4 0.8780607702925394 0.0893732164970448 0.05068183847375849 0.041391287427387444
4 0.9226777950493059 0.13132743010311465 0.10199096834337454 0.1187200748547749
4 0.8784856899364557 0.24420626571125653 0.08970915665497756 0.13063787799792798
4 0.9581498705374208 0.29404790797720814 0.07699096834337453 0.11755568114108117
4 0.9121458494341024 0.37634883167469124 0.0831864212654743 0.11472177956950462
4 0.9725651521940459 0.40887454135181966 0.04325116801906326 0.06290241439185813
4 0.9111331797934813 0.7031296554960088 0.07836255357072233 0.10669095574818695
4 0.9313616793864442 0.5297114261741733 0.07830800649282174 0.10356595574818712
4 0.9121616659937637 0.554619380888903 0.06890573295387128 0.10156680810555194
4 0.5531843120987296 0.6942767704687676 0.12136825973923263 0.15553087014004524
4 0.6838109748427872 0.7808949747692124 0.09129893019392803 0.13227315260503386
4 0.7855195251670988 0.7324639369275403 0.08014324188232518 0.11926373035529281
4 0.8279603952974824 0.8095016259265042 0.07362050649282174 0.10334763192686935
4 0.7705200422132273 0.8302828527671405 0.0610386858759707 0.09807793507002245
4 0.6923114472466471 0.9516653734475595 0.10210006249917622 0.09666925310488103
4 0.7605938429445759 0.9510127297316112 0.056323912337020235 0.09629711124870503
4 0.3341813474088028 0.9225515119917121 0.0890000446422687 0.09001287799792798
4 0.4450955280097678 0.9619499981379732 0.1001011858759707 0.07610000372405352
4 0.6985857301144976 0.15842066128697704 0.09154439204448081 0.14633565260503384
4 0.6949486668045426 0.41158204859052994 0.07879893019392785 0.13169095574818712
4 0.7842429918856204 0.4024489511955638 0.07830800649282174 0.10356595574818712
4 0.7765923587695932 0.5271942400706934 0.08173301542127547 0.12089900496239867
4 0.7865066956184986 0.2727614511955639 0.06635347727182861 0.1342337588913402
4 0.7177566956184986 0.2695593684829061 0.06707049756436803 0.08586903349844599
4 0.24650898701435647 0.2116439371369372 0.1366932508107789 0.1390711162111037