0 0.47398203543115897 0.30053692827975237 0.07404055674305994 0.13017088479802066
0 0.38057902790931153 0.3689352387837359 0.10800637978345576 0.11710859514371971
0 0.5435407145023341 0.138221133215175 0.06619931301126591 0.07530152837152992
0 0.5518525666391757 0.961332024281402 0.09823892319868044 0.04969377461060631
0 0.8695302161516867 0.2702617772509027 0.19023986975432586 0.20692726458147642
0 0.7635961163891135 0.3648277826611791 0.08089831050398359 0.09758570533113406
0 0.6862750984424248 0.3678595059390018 0.07175063103709682 0.10512542069139794
0 0.5070278676427549 0.3613463961472988 0.09747805674305994 0.1308528463973609
0 0.582425021245394 0.26532319081616473 0.05788670783841639 0.05788670783841656
0 0.5993517599626228 0.3633515138565605 0.06579013605166181 0.06123902837152997
0 0.8016881836235218 0.08848659151580995 0.09165395407749273 0.09165395407749281
0 0.9851766335443795 0.1846843269343336 0.029646732911241 0.10256271034569897
0 0.9796595540046681 0.6312327180005604 0.040680891990663784 0.08900031551854859
0 0.8805385416328579 0.7023384913575255 0.08397784639736088 0.0961141335443795
0 0.883400431841155 0.8813129375174593 0.15076819279472176 0.19172816191590947
0 0.9469377461060622 0.9420171053058635 0.10494356426490725 0.06550063103709718
5 0.5 0.5 1 1