5 0.5 0.45859375 1 0.9171875
4 0.415625 0.7390625 0.14140625 0.1328125
4 0.24375 0.65234375 0.134375 0.1234375
4 0.34765625 0.54609375 0.11171875 0.09921875
4 0.4640625 0.55 0.0984375 0.0734375
4 0.16171875 0.51796875 0.11328125 0.07734375
4 0.05234375 0.44140625 0.1046875 0.090625
4 0.68671875 0.5390625 0.11328125 0.09453125
4 0.71953125 0.7015625 0.13984375 0.109375
4 0.83515625 0.5890625 0.11484375 0.090625
4 0.940625 0.5234375 0.10546875 0.096875
4 0.79140625 0.43359375 0.084375 0.08125
4 0.94765625 0.375 0.1046875 0.1
4 0.87265625 0.17890625 0.0859375 0.07109375
4 0.77109375 0.10859375 0.0953125 0.06796875
4 0.69453125 0.05546875 0.05 0.06640625
4 0.61484375 0.11640625 0.0703125 0.05859375
4 0.61875 0.0421875 0.07578125 0.04609375
4 0.371875 0.0609375 0.08125 0.0578125
4 0.29921875 0.36875 0.08359375 0.06875
4 0.103125 0.21953125 0.09609375 0.06953125
4 0.1546875 0.146875 0.0859375 0.06484375