5 0.5 0.5 1 1
4 0.32717999265878783 0.4808281991331585 0.17691470798203354 0.19699493217453856
4 0.23938238149619498 0.42641898904174524 0.12544148801910052 0.15247864474715095
4 0.11374992051893651 0.5843663837888963 0.20100697241000381 0.21683655128112633
4 0.14101428104855723 0.7640517297361203 0.1683383161494016 0.17475605913900907
4 0.3216392876719792 0.7065002872224997 0.14619049763774727 0.16592471463952715
4 0.2785713339511149 0.6890067262214636 0.11472224282842385 0.15821922249741008
4 0.4513491573569106 0.34244844168956035 0.1624156983633867 0.1838399607105857
4 0.4629984415703287 0.5002416710113959 0.16030756134007812 0.16814218610347992
4 0.4852678334877787 0.15289363606520784 0.1515873257680484 0.18645553846084476
4 0.5877529711440594 0.025273866006215957 0.1307440577118811 0.050547732012431915
4 0.6474255823066524 0.0657831261404104 0.09513393992586625 0.08866870181924558
4 0.7223635841207509 0.019945280088487838 0.07630952885594056 0.039890560176975676
4 0.8143774693299608 0.042407630483636584 0.07016865626060209 0.043827082712657714
4 0.8217708178786822 0.07638237014455437 0.09735120435383635 0.10749147642635146
4 0.8804736952833437 0.0705283223780847 0.08995536660488881 0.07438787799792804
4 0.9086433353018772 0.09027574214662634 0.0670635036281972 0.08892125889134017
4 0.9364756694226282 0.14201802461161508 0.11930061542376222 0.15531254631872757
4 0.8730356735989794 0.2611897096816376 0.10770835099579194 0.13605312406898662
4 0.9421378484639031 0.3149097150583211 0.09477184137714509 0.12297092721213972
4 0.8810068863055183 0.3902950128247908 0.09622521397248321 0.11991870181924558
4 0.9343302937472469 0.42681040157608574 0.052237111795565026 0.06639128742738745
4 0.8193401776905127 0.7043789375557312 0.09126489546082901 0.11188787799792799
4 0.8703273027329217 0.5397684739496613 0.09271826805616712 0.10883565260503403
4 0.847715692751455 0.5618810684491432 0.08485120435383635 0.10690927956950454
4 0.4797345298674308 0.6687176892083609 0.13988593393541643 0.1640711162111037
4 0.5880430484717524 0.7611705548002922 0.10781747840045348 0.1391781240689866
4 0.6946849180718658 0.7226645188206468 0.09638890507947587 0.12460620181924557
4 0.7208357011041576 0.8002244385891885 0.08803076805616747 0.10861732878371626
4 0.6617508777831798 0.8170159863556581 0.07369544954451293 0.10014985731976367
4 0.5620832052805088 0.9238353746926684 0.11588294954451292 0.10211477171162145
4 0.6306422323223508 0.9261020419800106 0.06862600362819701 0.0889940334984459
4 0.22776525818306642 0.8707683025239806 0.09864088584218215 0.09975175103345749
4 0.32728161934565936 0.9246317030621001 0.10801588584218216 0.1001883986760923
4 0.7173164416551467 0.16392521960643508 0.11137898801910033 0.15182367328319835
4 0.6666988496450295 0.40729638399829327 0.09833335099579195 0.13561647642635144
4 0.7541170040915333 0.4055647560003653 0.09115576805616747 0.10876287799792798
4 0.7242161945655535 0.5247342870176118 0.09800596878180663 0.12624147642635145
4 0.7803025365756708 0.28110841150088317 0.08583335099579195 0.13503427956950453
4 0.7143055143431523 0.27248258230288214 0.07961806733052797 0.09106595574818703
4 0.27531991461330474 0.17905168341739275 0.15356648801910042 0.1537885876750565