5 0.5 0.515625 1 0.96796875
4 0.52890625 0.634375 0.1546875 0.13125
4 0.49609375 0.734375 0.125 0.08828125
4 0.66796875 0.80859375 0.16796875 0.15
4 0.82890625 0.73203125 0.13359375 0.12734375
4 0.7390625 0.5765625 0.13125 0.10625
4 0.73125 0.621875 0.13203125 0.07421875
4 0.37421875 0.55625 0.14609375 0.1171875
4 0.51796875 0.50078125 0.12890625 0.12109375
4 0.190625 0.578125 0.15234375 0.10546875
4 0.03125 0.52265625 0.06171875 0.1125
4 0.0765625 0.4484375 0.0625 0.0765625
4 0.0140625 0.390625 0.02734375 0.0703125
4 0.01640625 0.2984375 0.0328125 0.06171875
4 0.046875 0.28125 0.09375 0.07109375
4 0.0296875 0.22578125 0.05859375 0.075
4 0.04140625 0.19453125 0.0828125 0.04375
4 0.08671875 0.14921875 0.1265625 0.08515625
4 0.2109375 0.17890625 0.1125 0.071875
4 0.246875 0.09609375 0.1015625 0.06875
4 0.32890625 0.13515625 0.0984375 0.06796875
4 0.3515625 0.07421875 0.05390625 0.03671875
4 0.63359375 0.10390625 0.090625 0.06484375
4 0.4703125 0.10234375 0.08828125 0.065625
4 0.4953125 0.1171875 0.08671875 0.05625
4 0.6703125 0.43671875 0.13203125 0.09921875
4 0.734375 0.30703125 0.11484375 0.071875
4 0.6765625 0.2171875 0.10234375 0.06484375
4 0.74375 0.1703125 0.0890625 0.06015625
4 0.7703125 0.221875 0.08359375 0.0484375
4 0.90625 0.28203125 0.10625 0.084375
4 0.8828125 0.21953125 0.084375 0.04296875
4 0.91015625 0.61875 0.075 0.0765625
4 0.95234375 0.509375 0.0953125 0.084375
4 0.153125 0.3546875 0.12734375 0.0734375
4 0.3890625 0.33359375 0.115625 0.0625
4 0.36953125 0.25078125 0.0875 0.0640625
4 0.48671875 0.2453125 0.10390625 0.065625
4 0.2484375 0.26171875 0.11796875 0.05
4 0.2546875 0.3265625 0.07265625 0.05625
4 0.25859375 0.76953125 0.11484375 0.1171875