5 0.4997047641192579 0.5 0.9994095282385158 1
4 0.7654494360642972 0.5621713271786767 0.15293844655564542 0.15555108411256366
4 0.7019960044858395 0.7438026013791734 0.143336126022532 0.147684041958086
4 0.5828619080884787 0.649375369627742 0.11448370031656907 0.12252041549465283
4 0.570099832145089 0.5329145774732643 0.08751202335696498 0.10830337939029935
4 0.5797693149898231 0.8383878726528042 0.09260870031656906 0.12239315046753844
4 0.5158552306666561 0.9489289002711466 0.10460859514371953 0.10214219945770679
4 0.5308541610579794 0.3116299299325923 0.10984166442319179 0.12405564441741398
4 0.6879703275927425 0.2617713513791735 0.1278475183424 0.1522806383672898
4 0.5599696965556454 0.1579191226528041 0.1051996285298145 0.12559087334017516
4 0.4789804578384166 0.059027104698823205 0.11108591567683312 0.11312723477649363
4 0.41093881466061866 0.217198153001621 0.09174488229073816 0.09270565046753827
4 0.330838474531464 0.06831977058625953 0.11260295157021041 0.11157382513557326
4 0.14606632092882482 0.16097892749670542 0.08402331050398355 0.09578519867214012
4 0.08982834428578981 0.26844599385167994 0.08112563103709695 0.1035795179539809
4 0.04694817399010325 0.351776123438371 0.07351170783841653 0.05666815651766246
4 0.11781225494805794 0.42483234923787416 0.06785274122451135 0.07694429508134384
4 0.04370716521461463 0.4283068071815923 0.05705163354437941 0.08156816256778665
4 0.09537627995437556 0.6738783824153615 0.06973348997087014 0.08789088544042353
4 0.41218334672656526 0.7163396349494443 0.07919941818411544 0.09107042759490121
4 0.2902187331739386 0.9273129755049154 0.082688131037097 0.1035886083130606
4 0.21001675613519216 0.882322662371395 0.07768238229073816 0.09262383723582132