0 0.7367733799365505 0.5230686517475173 0.13419643992586608 0.08972302768032883
0 0.6816642392850448 0.4194051408731023 0.12752977767481416 0.12221719269935694
0 0.8869494839275671 0.62358459938979 0.08219743030721957 0.07512201680591382
0 0.0620263510806099 0.4581281763877346 0.0960069591631599 0.1131313527754692
0 0.7145040873704298 0.9027144355507193 0.22595240870767305 0.19457112889856135
0 0.635302682290954 0.7896420450177155 0.10467263103285873 0.09320085475263547
0 0.6428125927279075 0.714274630492979 0.11064981252120454 0.08564302273741298
0 0.6719122717691824 0.5422696379073528 0.13970239546082902 0.11335152866891214
0 0.7570809346532066 0.6354559052075583 0.06468254809323426 0.06504667984777565
0 0.6594519665043721 0.6322579679454089 0.06646330290255768 0.07136034684397004
0 0.9006945585144894 0.8831506003783733 0.10031251324684405 0.10238485376405251
0 0.3454291943566715 0.9557021492388783 0.09464286660488855 0.0740688527754692
0 0.289692571128361 0.8340698883644635 0.10478175843752054 0.09632585475263547
0 0.11979673337941303 0.7943813527754691 0.19059526206571756 0.18563770555093823
0 0.05532749481215843 0.8471442554372075 0.056091287293461044 0.131788510874415
5 0.5 0.5 1 1