5 0.4998727306651819 0.5 0.9997454613303638 1
4 0.5836279232972744 0.23829813503175057 0.17378404002227157 0.17206770678164424
4 0.781292716621593 0.29546200992930666 0.16426358935390795 0.15913105913900916
4 0.6836899159373211 0.42962514826631687 0.1357931440165448 0.1281336162111037
4 0.5577541246021849 0.44876475413833833 0.11671588001272681 0.09913532092583352
4 0.8860063939370029 0.4225445866461084 0.13397610534690826 0.10618584160399784
4 0.9734603932606852 0.4895265713446274 0.041806786680454164 0.10345463978475226
4 0.3212984565961396 0.5042849698113229 0.1357567813494538 0.1250086162111037
4 0.26310579061904765 0.3383367921848984 0.1688056386855446 0.14684938296032674
4 0.15603708326704852 0.48074907816454376 0.13884541868236294 0.12202916542531543
4 0.05793757996500161 0.5721617903228715 0.11587515993000322 0.12442641935425698
4 0.22370474657864042 0.6376668581483331 0.10272610534690844 0.10473034946188076
4 0.07113318256686822 0.7314447450376014 0.11546246268299924 0.12562504631872748
4 0.17195824387336947 0.9242978709686147 0.10417951734563582 0.09542812406898663
4 0.2902264385344152 0.9601732508285696 0.11309998400699968 0.056802271711621444
4 0.4567872298695515 0.9391415051717956 0.08521134134309047 0.07580482878371626
4 0.7223940485360061 0.9283323219638 0.08942612667090888 0.035398152605034025
4 0.7604780405792767 0.6079812806074711 0.10101815467854483 0.0921575748547749
4 0.9628570585614593 0.7297341943801567 0.057268154678544646 0.0901198858558109
4 0.942353107216778 0.8142376269689798 0.09627611067790838 0.08725175103345748