4 0.1265711409997198 0.48424825585373255 0.151148626022532 0.14772949375348396
4 0.24322274656828072 0.6544294665279251 0.16692673871722893 0.09939198770335977
4 0.4492514377136498 0.7017140535673552 0.16290447994174037 0.17591812626704134
4 0.36906852955866415 0.5231527163315335 0.16483069279472176 0.18842721662612102
4 0.3015841982049981 0.2977981923274283 0.13549488229073817 0.09296018052176755
4 0.19854646324869285 0.1659709545258726 0.11398359514371963 0.10533291549465282
4 0.32423678503544745 0.1635777284317818 0.10947795157021041 0.11155564441741399
4 0.3176792449854351 0.04559079771362259 0.1103584899708702 0.08812723477649362
4 0.17309548535201663 0.28455278288289965 0.12050637978345576 0.11474427693097136
4 0.5474064782258806 0.5046623124461497 0.1410749440483629 0.1773533612399268
4 0.6681461902209322 0.6811162490180414 0.15187605172849494 0.17272949375348395
4 0.6664770754811713 0.43583556527482 0.12693823620994635 0.12103063836728971
4 0.8742848784633075 0.5979548119551703 0.09899509263643722 0.1271170119038567
4 0.8674077750063176 0.2542229926733296 0.1047449874635877 0.10996587334017516
4 0.7779695387963711 0.13341052292395056 0.11310305674305994 0.1287613251355732
4 0.7144275275136002 0.23146168266306683 0.10580738229073816 0.09278746369925477
4 0.43261758636823106 0.18373621320827543 0.11489287727617317 0.13658291549465287
4 0.6561794553311341 0.08192931527482002 0.10755173871722885 0.09904655405833437
4 0.6162196965556455 0.15824637557967033 0.11384720282385156 0.10064541549465286
4 0.5523821685798269 0.2461412853187866 0.10846102084968265 0.13029655405833437
4 0.4818854636444042 0.3199373336215844 0.08990959765100222 0.08332156010845856
5 0.5 0.5 1 1