5 0.509375 0.525 0.98125 0.82734375
0 0.1953125 0.36796875 0.11640625 0.09765625
0 0.359375 0.6109375 0.16015625 0.12734375
0 0.4828125 0.5375 0.08046875 0.13203125
0 0.64609375 0.52421875 0.18359375 0.06953125
0 0.81328125 0.53359375 0.03046875 0.05078125
0 0.75234375 0.421875 0.06328125 0.09921875
0 0.6578125 0.36640625 0.075 0.04609375
0 0.628125 0.28203125 0.06484375 0.09453125
0 0.48125 0.2875 0.05859375 0.05234375
0 0.47265625 0.375 0.1859375 0.16640625
0 0.3890625 0.4203125 0.2078125 0.09765625