5 0.5 0.5 1 1
0 0.2977758445624921 0.7710743635250166 0.1273897226762452 0.1480822431755744
0 0.5851718263139236 0.6413139731210917 0.16831470452587247 0.20153688296032685
0 0.5367893893492484 0.49985637324492627 0.1537704154946528 0.11806941149637407
0 0.5604319433093871 0.32926989144189134 0.11369083703942984 0.2099272717116217
0 0.6075210876286052 0.15602929053226855 0.05805793969514959 0.04488016046291672
0 0.4783921238311545 0.2003144456185018 0.11457156010845856 0.09281254631872757
0 0.40054840408177556 0.2898542886702417 0.06456246974937904 0.08892125889134013
0 0.30594897638867835 0.3059759024001461 0.11300906010845857 0.0927397717116217
0 0.27928141637841564 0.4595204334173927 0.06917724687674207 0.07663958271265763
0 0.3666177899149825 0.4835700554194647 0.2138362827847038 0.2395848465663967
0 0.39496043765204625 0.5790987251880064 0.14824764422102232 0.2427783130679506