6 0.7362823066155728 0.5006237210997446 0.10173116950744614 0.14188127461060632
6 0.785079449081177 0.6464279660851797 0.07794643992586625 0.08655727711788863
6 0.3895313361044855 0.6505278150563301 0.11773811542376214 0.1532734156768331
6 0.5770610740387679 0.47804036427754254 0.08161707694917482 0.10227320533113407
6 0.6597421431833943 0.6107823196086766 0.10839783175849824 0.10929609514371955
6 0.5454539538905003 0.6456992257185982 0.12703870435383635 0.10671666442319179
6 0.6870313625981733 0.8558591388881489 0.08466766587924894 0.05553459765100186
6 0.6309376192215953 0.9033957169431096 0.06758929328391083 0.058159492478152684
6 0.48796886922159527 0.8992357511871344 0.05843254809323426 0.06413670783841638
6 0.31549858066218983 0.5195984123116208 0.1262053798517324 0.17225073620994635
6 0.318514486374638 0.7624080379384413 0.12912699400955016 0.07712009263643722
4 0.5362326881965856 0.3816367257185982 0.10069445916315978 0.11219377461060623
4 0.4576191040758347 0.4324203242275301 0.10425596878180662 0.12478470282385157
4 0.5354663402808366 0.5384861192921074 0.09400794954451293 0.09951191818411545
4 0.6393899484482046 0.5196572144358271 0.0858135036281972 0.08834709765100204
4 0.7944122651457605 0.4890473750980952 0.07375001324684405 0.10048338479802066
4 0.7282093678708328 0.33649302493981065 0.10096727767481432 0.12000627461060623
4 0.4013715932760616 0.49790292022917965 0.08528771397248339 0.1179891335443795
4 0.39989342802978467 0.5673205099626228 0.06183036660488854 0.07204013605166182
4 0.26989839318339437 0.5994390250063176 0.09211806733052796 0.09009145407749272
4 0.2329291612395617 0.7029444582341279 0.10349207694917481 0.10290970282385156
4 0.8486583102437699 0.5897437085633324 0.08893850362819719 0.08843802586424747
4 0.8433656642347866 0.6840249059769076 0.07120536660488881 0.07231292069139794
4 0.8123190500769688 0.7783371956312086 0.06748016587924895 0.05503449247815269
6 0.7903150753047121 0.7293086622451137 0.051746038474587405 0.05145485141192587
4 0.7724678655933982 0.8216636468057075 0.0473313569862416 0.05913095909205772
4 0.7440080488958424 0.8559560787798766 0.06446429328391083 0.05806856426490725
4 0.7208954419096008 0.7975298133404705 0.04431548439090349 0.06216503087881229
6 0.7630184545234725 0.7745613262725941 0.03384921034428636 0.030642246239076344
4 0.7365452345605394 0.7316464005666312 0.060049611795565026 0.06574467194503911
4 0.6920239082443368 0.7529841914745734 0.0516369110699257 0.048329851411925875
4 0.6868428457231323 0.6716659953146396 0.053035719962933214 0.04368781551854859
6 0.7057118968115914 0.6979700825408003 0.0556349303072194 0.07342077962517131
6 0.6495288733979465 0.7876486964891385 0.05618056733052797 0.08904577962517095
4 0.6859525014355804 0.9143619606749034 0.04549603847458741 0.05127299498543501
4 0.6678944713985135 0.9559811593421198 0.024474210344286363 0.030369461599340043
4 0.6295586576961826 0.9533047887298643 0.05492560217691818 0.05310827962517095
4 0.5965651084218221 0.9695148104374767 0.038536710344286365 0.030778638558944492
4 0.6044470079741844 0.63648936177026 0.06544643992586607 0.08619356426490725
4 0.6043676516209148 0.7012649156103261 0.06419147477225665 0.05025606426490725
4 0.7314708102437698 0.5863339005666313 0.05363592068857255 0.06087531551854841
6 0.6949603913692958 0.5688819761143096 0.07366073320977691 0.14262542069139794
6 0.4959152561600858 0.5904063204666065 0.08781251324684387 0.10089256175762493
4 0.2856945518910673 0.8059390775927424 0.08096231252120453 0.08352320533113407
4 0.23395843710027736 0.7771177441275052 0.07018850362819702 0.0878924565847754
4 0.35648571232802084 0.7322946406040083 0.08381449400955025 0.0758016335443795
4 0.43822678564899853 0.7487212741483878 0.07304068511654283 0.08017088479802066
4 0.41198423337941303 0.8018091702291794 0.07265873920022692 0.06923338479802084
6 0.40712560778884993 0.841471063802689 0.046205366604888456 0.07158549498543536
4 0.484972810876742 0.701693161453691 0.06689981252120454 0.08311402837152997
6 0.4968750993513294 0.7519886781467383 0.053090283665263985 0.04525031551854859
4 0.5193230182258033 0.7690314256394559 0.045059528855940556 0.038772994985435
4 0.5728671696770822 0.8049294732113157 0.051746038474587405 0.05145485141192587
4 0.6179341330165933 0.7992166823033735 0.039627984390903495 0.06202863855894449
4 0.5930903896400153 0.847662542490788 0.06613592068857255 0.06123902837152997
4 0.628338408877309 0.8736627528364869 0.04941964664195542 0.029534387305303157
4 0.5972719473518964 0.9227080065974105 0.030997028855940557 0.03836381802583091
4 0.5620065699472347 0.9185600641984003 0.04484127404661713 0.032522994985435004
4 0.5441395128683257 0.9656480128656166 0.06128472958157989 0.05641513605166182
4 0.4923041943566715 0.9563351973470683 0.05470734736759475 0.046858279625171306
4 0.5425819581516695 0.8539974590255508 0.030089293283910835 0.05706835391920819
6 0.5622322592401288 0.880324278305023 0.054563503628197195 0.08743781551854823
4 0.522470354793625 0.8815086935861445 0.04215278366526398 0.04493206677218993
4 0.35739099181693357 0.8923144982841403 0.038973219962933035 0.043278638558944496
4 0.6775100296585487 0.8290465863017239 0.05405258293962447 0.02810827962517095
6 0.5175621107840748 0.8080029974262105 0.07707342068857255 0.06155727711788863
4 0.467834929295729 0.8143606460142847 0.03590278366526398 0.04475021034569906
4 0.45408245334234615 0.8451787370013694 0.03842758293962447 0.027653638558944493
6 0.46123275443080525 0.8711418434278599 0.029107146641955416 0.028943353919208194
4 0.4606896066077235 0.922636147267926 0.052872028855940556 0.03900031551854859
6 0.4432739281146027 0.8932525241483878 0.04473214664195542 0.029397994985435005
5 0.5108110144279703 0.5190455166930474 0.9783779711440594 0.9619089666139052