4 0.1234375 0.50234375 0.13984375 0.1390625
4 0.234375 0.6640625 0.15703125 0.0921875
4 0.4328125 0.70625 0.15 0.165625
4 0.3578125 0.534375 0.15078125 0.17890625
4 0.29453125 0.31796875 0.12734375 0.0875
4 0.196875 0.1921875 0.10546875 0.09921875
4 0.31796875 0.18671875 0.10078125 0.1046875
4 0.31328125 0.07109375 0.10390625 0.0859375
4 0.17109375 0.3078125 0.11328125 0.109375
4 0.53046875 0.51171875 0.12890625 0.16875
4 0.6453125 0.68046875 0.1390625 0.16328125
4 0.646875 0.44296875 0.11875 0.1140625
4 0.84609375 0.5953125 0.09140625 0.1203125
4 0.84296875 0.2625 0.09765625 0.1046875
4 0.75859375 0.1484375 0.1046875 0.12265625
4 0.6953125 0.24375 0.0984375 0.08828125
4 0.4234375 0.2046875 0.10546875 0.12890625
4 0.64140625 0.1015625 0.1 0.09296875
4 0.6015625 0.17578125 0.10546875 0.0953125
4 0.5390625 0.26171875 0.1 0.1234375
4 0.46953125 0.33515625 0.0828125 0.07890625
5 0.5 0.5 1 1