5 0.4640625 0.5 0.928125 1
0 0.6454108553071375 0.21935871992257527 0.1124283693507266 0.13264535672980182
0 0.37721374395291124 0.36240974707143153 0.14738517202418072 0.1840460306460784
0 0.443618899268003 0.49955426140588755 0.14484088001272663 0.09960736364988403
0 0.4431814525780041 0.6714929284020819 0.08824652936027153 0.20193918479069167
0 0.41927923388768695 0.8448203404553605 0.055087489337999784 0.036603344866803764
0 0.5410184212285503 0.7942857826604259 0.10866702267663583 0.07783052273741298
0 0.6069712325748224 0.701615463002493 0.054070429344363194 0.08341467787060922
0 0.6978780432447768 0.6810893987817678 0.10556020401018137 0.07926568874502422
0 0.7051376545990031 0.5274059832684481 0.0616829346753633 0.06654551285158128
0 0.6146944679344575 0.5080882974891734 0.18991811736154424 0.21545253954332697
0 0.5735614852800934 0.41574428859192486 0.12136811203054414 0.2298386917107738