6 0.27874992714235847 0.5258067469477823 0.09208335099579194 0.13583568068726598
6 0.25346472886378973 0.3789660464728124 0.07153274881887359 0.0832905348257091
6 0.646532682584654 0.377861733380115 0.1050198606144388 0.14899077792830412
6 0.4331546849469068 0.548127725012372 0.07207838584218215 0.0989155348257091
6 0.37224944519852576 0.41641073552782154 0.10036707694917472 0.1050770036180447
6 0.49120034184048117 0.3821032553155253 0.11895338584218215 0.1013721494796016
6 0.3831051327621393 0.17253790479512693 0.08283234736759484 0.0495706320667471
6 0.4455976982785687 0.12481305574506658 0.0642460384745874 0.05327548620519007
6 0.5873214068087564 0.13064257462825918 0.05207342068857255 0.06199538896415206
6 0.698898736035366 0.5084666022178791 0.11348712504240907 0.168150213703953
6 0.7345907324919868 0.26797107700310835 0.12411211179556503 0.07044969810012063
4 0.4586507035512283 0.6442690626424715 0.09099207694917481 0.10458568068726617
4 0.5438268009188232 0.5945755998430299 0.09617065027015244 0.11889384215265544
4 0.48355647823081754 0.48933922320334966 0.08748513103285874 0.09348440637700647
4 0.3776785004633362 0.506585356174608 0.07929068511654283 0.08213747060135787
4 0.21991064048186965 0.535908765265148 0.06577382213985139 0.09702548620519007
4 0.26135655209994946 0.6889209006112554 0.09288195916315996 0.11404256784239593
4 0.6107985353097265 0.5302397829051452 0.07574902286549072 0.1147043091359686
4 0.6225743382122841 0.4609984599743666 0.056979175497895974 0.06849105042954129
4 0.7562052937472469 0.43060055178833767 0.08559524881887377 0.0840275192218769
4 0.8097519343987527 0.3264176628241856 0.09702382213985139 0.09866322930778511
4 0.18129706298454065 0.43577596845365124 0.08247024881887369 0.08386374491161738
4 0.20173110327322658 0.341906459747224 0.06635417549789598 0.06898237336031983
4 0.2470832980084162 0.2490705065587207 0.06419147477225647 0.05171298620519007
6 0.26020829138499424 0.297511328584988 0.048511911069925695 0.049331614653892505
4 0.29303320426901847 0.20611172263752278 0.04258929328391083 0.058379066033373575
4 0.326964260166801 0.17236084237979798 0.06117560217691827 0.05467421189493056
4 0.3405158394782285 0.23091697082850046 0.0395188569862416 0.05977779172311406
6 0.29452129319909276 0.25282294832726326 0.03217758293962447 0.028200243102595036
4 0.3148412276826634 0.29620777815544674 0.055198420688572544 0.06215916327441153
4 0.36158974211063366 0.2750421070791191 0.04840278366526398 0.04620661465389251
4 0.3540922114405946 0.3557565185445083 0.04818452885594056 0.03995661465389251
6 0.34023060808255 0.32840944651824094 0.05083830290255768 0.07128850180902227
6 0.4095832980084162 0.2405542424252265 0.049821439925866254 0.0868316146538926
4 0.393717739748381 0.11427502544191329 0.042261911069925696 0.049004066033373574
4 0.41854661415781785 0.073202968114967 0.02129464664195524 0.029189533016686788
4 0.4551289549019907 0.07518486996941783 0.05169147477225646 0.051057888964152066
4 0.48996774637180296 0.060102102556563286 0.03686508293962447 0.028445904567984282
4 0.4300718688823232 0.3907656043655856 0.058978185116542826 0.08107293758467105
4 0.44087544882672286 0.32703397501237197 0.060902783665263985 0.04686171189493056
4 0.2957861489193901 0.4399135125516144 0.04883929328391083 0.05870661465389269
6 0.3302330707890889 0.4583835515611951 0.06261410580511537 0.1405298247398008
6 0.531396266705405 0.43692355212702194 0.08134425843752062 0.09628185775648763
4 0.7735639524549199 0.2238182852799943 0.07298612141421187 0.08024742198083885
4 0.8201016465571375 0.2533519770485369 0.06377481252120454 0.08444359905006031
4 0.6914756495523623 0.2967445301916117 0.07734623920022674 0.07111808344622812
4 0.6133060095338289 0.27978608152566414 0.06657243030721922 0.07523237336031982
4 0.6470832980084162 0.2281073948455042 0.06780754809323426 0.06593926051544959
6 0.6578223905666876 0.18855357191472571 0.04140873920022674 0.06923467887824378
4 0.5594071940173995 0.3270605512225108 0.06043155771188111 0.0780298247398008
6 0.5549032324919868 0.27738809984302987 0.05141865626060227 0.04324538896415202
4 0.5360540287711225 0.2588804392821517 0.041825401451278846 0.03650406603337357
4 0.48892605762706304 0.22391894109117402 0.048511911069925695 0.049331614653892596
4 0.44350443022240144 0.22941866858993681 0.0332688569862416 0.059450243102595036
4 0.47482884129232705 0.18098781264247155 0.06128472958157989 0.057799211894930556
4 0.443752456083117 0.15532274932263146 0.04618551923729371 0.027374727498762796
4 0.4821081171530427 0.10652340117708228 0.027817465153609788 0.03732958163720577
4 0.5170461123437192 0.11093094018666287 0.04316964664195542 0.030335953188503285
4 0.5420659597113141 0.06439013285971659 0.05799603847458741 0.05294793758467107
4 0.5916840137949981 0.07270724389556453 0.05141865626060227 0.043245388964152066
4 0.5257192186969888 0.1752014801007546 0.025347229581579887 0.05591580732694625
6 0.5110490834877787 0.14867660165205213 0.045079376223535306 0.08502345318850332
4 0.5493030516366133 0.14745161635137322 0.03886409255827132 0.04102779172311406
4 0.7157365834877787 0.13794938433005463 0.035739092558271325 0.040864017412854545
4 0.3884275498225148 0.1987728561746079 0.05232639183263199 0.024577276119281777
6 0.5443948076270632 0.22101194708406782 0.07378472958158007 0.05845430913596861
4 0.5937499668828903 0.21452625169748069 0.03272321996293322 0.043825243102595036
4 0.6120014590783419 0.1831567429910534 0.036810519237293705 0.026883404567984305
6 0.6097494783156355 0.15832051730131286 0.02749008293962447 0.027954581637205766
4 0.6177727986413883 0.10721171868079389 0.048075401451278844 0.03683161465389255
6 0.6307713064459367 0.13694348428462613 0.0414980192372937 0.02712906603337357
5 0.5049875341286001 0.4815056275441913 0.9181499317427997 0.9630112550883826