6 0.28359375 0.48828125 0.07109375 0.1171875
6 0.26484375 0.35 0.059375 0.06953125
6 0.6265625 0.39296875 0.08515625 0.1265625
6 0.425 0.5265625 0.05859375 0.08359375
6 0.37265625 0.396875 0.08359375 0.08671875
6 0.48359375 0.37890625 0.1015625 0.08125
6 0.39140625 0.171875 0.071875 0.0375
6 0.45078125 0.1359375 0.0546875 0.0421875
6 0.58125 0.15625 0.04375 0.05078125
6 0.671875 0.5203125 0.08828125 0.14375
6 0.71171875 0.3 0.109375 0.05234375
4 0.4453125 0.61875 0.0765625 0.08828125
4 0.52578125 0.58203125 0.07734375 0.09921875
4 0.4734375 0.47734375 0.07265625 0.07890625
4 0.37578125 0.48203125 0.06640625 0.06796875
4 0.22890625 0.49140625 0.05234375 0.0828125
4 0.2625 0.6375 0.075 0.096875
4 0.58984375 0.5296875 0.059375 0.09765625
4 0.603125 0.46640625 0.04609375 0.0578125
4 0.72734375 0.453125 0.071875 0.0703125
4 0.7796875 0.36328125 0.0796875 0.08046875
4 0.196875 0.39375 0.06875 0.06953125
4 0.21796875 0.30859375 0.05546875 0.05625
4 0.26328125 0.228125 0.05546875 0.03984375
6 0.27421875 0.27421875 0.04140625 0.03984375
4 0.30703125 0.19296875 0.03515625 0.05
4 0.3390625 0.165625 0.0515625 0.04453125
4 0.35 0.221875 0.03125 0.05234375
6 0.30703125 0.23671875 0.02734375 0.0234375
4 0.32421875 0.27890625 0.0453125 0.0515625
4 0.36796875 0.26484375 0.04140625 0.03828125
4 0.35859375 0.3390625 0.0421875 0.0328125
6 0.346875 0.3125 0.04140625 0.06015625
6 0.41328125 0.23828125 0.03671875 0.07578125
4 0.40234375 0.11953125 0.034375 0.04140625
4 0.4265625 0.08359375 0.01796875 0.02421875
4 0.4609375 0.090625 0.0421875 0.04140625
4 0.49375 0.08046875 0.03125 0.02265625
4 0.42734375 0.38046875 0.04765625 0.0703125
4 0.4390625 0.321875 0.05234375 0.03671875
4 0.30234375 0.4109375 0.040625 0.05
6 0.33359375 0.43125 0.04453125 0.1234375
6 0.51875 0.434375 0.065625 0.08203125
4 0.74921875 0.2640625 0.0609375 0.065625
4 0.79140625 0.296875 0.05234375 0.07109375
4 0.671875 0.32265625 0.06484375 0.05703125
4 0.6 0.2984375 0.05625 0.0625
4 0.6328125 0.25390625 0.05703125 0.053125
6 0.64375 0.21875 0.03203125 0.06015625
4 0.54921875 0.3359375 0.0484375 0.0671875
6 0.54609375 0.28828125 0.04375 0.03359375
4 0.5296875 0.2703125 0.0359375 0.0296875
4 0.48671875 0.23203125 0.04140625 0.04140625
4 0.44453125 0.23125 0.02578125 0.053125
4 0.475 0.18984375 0.0515625 0.04765625
4 0.44765625 0.16328125 0.04140625 0.01953125
4 0.484375 0.121875 0.0234375 0.03203125
4 0.51640625 0.1296875 0.03828125 0.02421875
4 0.54140625 0.08984375 0.0484375 0.0421875
4 0.58671875 0.10390625 0.04375 0.03515625
4 0.52265625 0.19140625 0.01875 0.05
6 0.51015625 0.16484375 0.03515625 0.07421875
4 0.5453125 0.16796875 0.03046875 0.0359375
4 0.69921875 0.178125 0.0296875 0.034375
4 0.3953125 0.19765625 0.04765625 0.01796875
6 0.53828125 0.2359375 0.0640625 0.04609375
4 0.58359375 0.23515625 0.02578125 0.0375
4 0.6015625 0.20859375 0.03203125 0.01953125
6 0.60078125 0.184375 0.02265625 0.0234375
4 0.609375 0.13828125 0.0421875 0.02890625
6 0.62109375 0.1671875 0.03671875 0.02109375
5 0.49375 0.4484375 0.7609375 0.8484375