4 0.9236527085389726 0.5466404371003774 0.1526945829220548 0.17010576866768634
4 0.8284034057054057 0.3608450332847736 0.18529114474715094 0.12344895697928901
4 0.6180609110820893 0.29336502719569363 0.19198210049533806 0.20006600405718977
4 0.6856787123632155 0.4860922694850559 0.1942723465663967 0.21571827759614007
4 0.7359121145539647 0.7252541810112973 0.15353172249741007 0.11196598620028234
4 0.8310705649254683 0.8713694760606032 0.13216614474715094 0.12252165665497756
4 0.6993111426757272 0.8627229533324318 0.12769696856846852 0.1271273360381265
4 0.6961198302269491 0.9620780710271835 0.12278683664159917 0.055225062499176046
4 0.8683992828747643 0.7495257037394688 0.14212334160399784 0.13518529788867947
4 0.49747023697032144 0.49094123092857184 0.16854460049533806 0.19965690097293454
4 0.3875193864749834 0.29582537419086874 0.18082627667402046 0.1951875892845374
4 0.3665691474332382 0.5510856185088259 0.14859166542531543 0.139981892044481
4 0.16323216997342943 0.3654186741081432 0.12224748924663302 0.14420574188232518
4 0.13923616769711783 0.723159036120852 0.12457196856846861 0.12707278896022595
4 0.22202089660466862 0.8554163827122853 0.13482026385373888 0.14598643019392768
4 0.2980503955712114 0.758699295456343 0.1222089478903042 0.10985801542127546
4 0.5876630132300571 0.8326144878284307 0.1367466368892682 0.15382620373287814
4 0.3438274301031147 0.9189685937520595 0.1239897717116218 0.11457278896022594
4 0.3934956362655864 0.8438225434277481 0.13038532092583352 0.11780688311602709
4 0.46769080748187014 0.758083866480231 0.13027831306795062 0.1490296095770768
4 0.5488273374656595 0.6870798453769126 0.1044392510334573 0.09705800649282174
5 0.5 0.5 1 1