2 0.26640625 0.67109375 0.02890625 0.03671875
2 0.34296875 0.7828125 0.03515625 0.04609375
2 0.1390625 0.590625 0.02890625 0.040625
2 0.3578125 0.6640625 0.0296875 0.034375
2 0.4828125 0.8046875 0.02578125 0.02890625
2 0.3125 0.5390625 0.02109375 0.04140625
2 0.3890625 0.48515625 0.0328125 0.04296875
2 0.2375 0.40390625 0.03359375 0.0359375
2 0.24921875 0.178125 0.0265625 0.0390625
2 0.33359375 0.23984375 0.03125 0.0375
2 0.3890625 0.3140625 0.0421875 0.0390625
2 0.46015625 0.1296875 0.03203125 0.040625
2 0.546875 0.26875 0.03125 0.0390625
2 0.6390625 0.18671875 0.03046875 0.040625
2 0.5359375 0.4078125 0.03984375 0.0359375
2 0.68828125 0.38046875 0.02578125 0.03515625
2 0.6328125 0.65625 0.03515625 0.0296875
1 0.39296875 0.61875 0.040625 0.0390625
1 0.26796875 0.64765625 0.02265625 0.04375
1 0.30078125 0.728125 0.01953125 0.0328125
1 0.48671875 0.6609375 0.07265625 0.034375
1 0.4765625 0.7734375 0.03359375 0.03671875
1 0.60859375 0.73359375 0.03203125 0.0515625
1 0.28828125 0.61015625 0.028125 0.03359375
1 0.3328125 0.58671875 0.02578125 0.02578125
1 0.340625 0.53828125 0.01953125 0.028125
1 0.21875 0.534375 0.0421875 0.03515625
1 0.15703125 0.40859375 0.0296875 0.0375
1 0.1734375 0.43984375 0.028125 0.0390625
1 0.284375 0.4484375 0.02890625 0.03515625
1 0.3015625 0.35546875 0.0328125 0.03046875
1 0.3171875 0.30625 0.02578125 0.04296875
1 0.2875 0.2265625 0.02421875 0.034375
1 0.34609375 0.12421875 0.025 0.03671875
1 0.36796875 0.16328125 0.034375 0.0296875
1 0.44609375 0.43046875 0.0375 0.0265625
1 0.509375 0.146875 0.03125 0.03359375
1 0.54375 0.34375 0.028125 0.0390625
1 0.6265625 0.2125 0.0265625 0.03984375
1 0.584375 0.3015625 0.0296875 0.0328125
1 0.56171875 0.43203125 0.02421875 0.0328125
1 0.7265625 0.3125 0.028125 0.02578125
1 0.72890625 0.46484375 0.03359375 0.0375
1 0.63203125 0.43984375 0.021875 0.0296875
1 0.5703125 0.465625 0.0234375 0.02578125
1 0.61015625 0.57109375 0.040625 0.04609375
1 0.60859375 0.53046875 0.02578125 0.03828125
2 0.50703125 0.5046875 0.03359375 0.05
2 0.690625 0.56171875 0.03046875 0.03828125
3 0.25 0.78828125 0.0640625 0.121875
3 0.484375 0.70078125 0.034375 0.07578125
3 0.5203125 0.75546875 0.0703125 0.0671875
3 0.228125 0.65546875 0.0515625 0.065625
3 0.1984375 0.42109375 0.05390625 0.059375
3 0.3515625 0.45390625 0.07578125 0.0984375
3 0.184375 0.27421875 0.06015625 0.11484375
3 0.21640625 0.20546875 0.0390625 0.053125
3 0.32265625 0.1625 0.06171875 0.05390625
3 0.38359375 0.25859375 0.04921875 0.04453125
3 0.5875 0.22109375 0.04375 0.0515625
3 0.61015625 0.146875 0.04375 0.05546875
3 0.6703125 0.38671875 0.03125 0.07421875
3 0.5578125 0.51953125 0.05859375 0.0703125
3 0.68203125 0.60546875 0.04765625 0.07734375
3 0.61015625 0.671875 0.05078125 0.06484375
4 0.1484375 0.50390625 0.07890625 0.10078125
4 0.18203125 0.66640625 0.08984375 0.10546875
4 0.259375 0.5703125 0.0875 0.0875
4 0.29921875 0.746875 0.0703125 0.11484375
4 0.409375 0.80703125 0.08203125 0.09765625
4 0.39140625 0.64609375 0.0875 0.10390625
4 0.54140625 0.7953125 0.08046875 0.06171875
4 0.5203125 0.6359375 0.078125 0.06484375
4 0.53984375 0.6 0.07578125 0.1015625
4 0.64375 0.63203125 0.09296875 0.10625
4 0.49921875 0.465625 0.08515625 0.07734375
4 0.59921875 0.42890625 0.08125 0.1015625
4 0.71796875 0.47890625 0.09453125 0.09765625
4 0.70703125 0.35390625 0.0921875 0.07109375
4 0.6453125 0.225 0.07734375 0.0921875
4 0.540625 0.309375 0.0765625 0.08125
4 0.56484375 0.1421875 0.0515625 0.071875
4 0.43671875 0.10390625 0.0765625 0.084375
4 0.4 0.20390625 0.07421875 0.0875
4 0.38671875 0.3375 0.08046875 0.0984375
4 0.31484375 0.15 0.06953125 0.0796875
4 0.22265625 0.2328125 0.06171875 0.05625
4 0.29375 0.29296875 0.06640625 0.07890625
4 0.15 0.3546875 0.08203125 0.09140625
4 0.24765625 0.42421875 0.08359375 0.1015625
4 0.3546875 0.5125 0.05859375 0.0375
5 0.4421875 0.4578125 0.7265625 0.8578125