2 0.6585241747744438 0.775 0.04298758700597229 0.034375
2 0.78523345155993 0.7015625 0.05407055737069442 0.040625
2 0.5594119147064576 0.9046875 0.046112587005972296 0.034375
2 0.660833516814409 0.67578125 0.03986258700597212 0.034375
2 0.8223003065176732 0.55234375 0.03350348423243048 0.0296875
2 0.522406143239305 0.715625 0.04589438145888884 0.025
2 0.4720807945498259 0.62890625 0.05090918977951393 0.0390625
2 0.3699883516361799 0.7859375 0.04153418977951393 0.0390625
2 0.13007251966420075 0.75546875 0.04447735182361114 0.03125
2 0.2039295533835411 0.6703125 0.043060322188333354 0.0375
2 0.28954105148368003 0.6171875 0.04643989532659729 0.0484375
2 0.09948105556774263 0.52578125 0.04618532218833336 0.0375
2 0.25607785410472184 0.44375 0.043060322188333354 0.0375
2 0.17804573271381915 0.3390625 0.04611258700597225 0.034375
2 0.40476927403260377 0.46640625 0.04327852773541672 0.046875
2 0.38987423869774285 0.30078125 0.039789851823611146 0.03125
2 0.6794075577519442 0.38125 0.03528418977951393 0.0390625
1 0.6149040741851036 0.63515625 0.04484102773541672 0.046875
1 0.6328338437523952 0.77109375 0.049092116641249996 0.028125
1 0.7233503941892355 0.7421875 0.03651938145888885 0.025
1 0.6695207986338885 0.5375 0.04407861474138901 0.08125
1 0.7893787037441314 0.55703125 0.04465918977951393 0.0390625
1 0.7599120221327427 0.41328125 0.058685322188333444 0.0375
1 0.5951162914156939 0.746875 0.038300087005972115 0.034375
1 0.5759493705378814 0.69765625 0.030378484232430482 0.0296875
1 0.5246778112673258 0.68515625 0.033358013867708355 0.0234375
1 0.5075968011993396 0.81484375 0.041752395326597205 0.0484375
1 0.367188700325659 0.87265625 0.04298758700597229 0.034375
1 0.40194556003305487 0.85625 0.04451371941479163 0.0328125
1 0.4226600631671869 0.73828125 0.0398625870059723 0.034375
1 0.3247862608304855 0.7140625 0.03521145459715278 0.0359375
1 0.27371472331142305 0.69296875 0.04916485182361115 0.03125
1 0.18639590805694387 0.71875 0.039717116641249994 0.028125
1 0.08254551586447863 0.64921875 0.04131598423243057 0.0296875
1 0.12524216214100642 0.62734375 0.03528418977951393 0.0390625
1 0.4196837995838189 0.5640625 0.03223192496187508 0.0421875
1 0.12253800228111071 0.475 0.03837282218833336 0.0375
1 0.3363283985576385 0.453125 0.04295121941479163 0.0328125
1 0.2050258068020136 0.3546875 0.046039851823611144 0.03125
1 0.2952319262930552 0.40625 0.03670121941479172 0.0328125
1 0.432713089287083 0.440625 0.03655574905006951 0.0265625
1 0.32139764884197897 0.25546875 0.03045121941479163 0.0328125
1 0.4844970608860762 0.26328125 0.04465918977951393 0.0390625
1 0.44773998366374973 0.365625 0.033394381458888844 0.025
1 0.4695773096518051 0.434375 0.030305749050069507 0.0265625
1 0.586038764248958 0.3984375 0.054216027735416714 0.046875
1 0.5423069480445483 0.39765625 0.04291485182361114 0.03125
2 0.5054407680486801 0.5046875 0.05715918977951393 0.0390625
2 0.5833514817638886 0.3125 0.04298758700597229 0.034375
3 0.7821246757243744 0.8015625 0.13775587955902785 0.078125
3 0.7115810120647564 0.54296875 0.08539329255305575 0.04375
3 0.7733185990707288 0.50859375 0.07841724715020852 0.0796875
3 0.63808373499493 0.8140625 0.07485583605604162 0.0609375
3 0.3846132428787146 0.82890625 0.0670797036472223 0.0625
3 0.4352522885659022 0.6671875 0.11301045269729179 0.0890625
3 0.2259285739007632 0.8328125 0.12983427678548623 0.0734375
3 0.1557440136802771 0.79375 0.06042966014423614 0.0453125
3 0.12097158301881887 0.6765625 0.06573540919430561 0.071875
3 0.2301296838924995 0.61875 0.05130923328249999 0.05625
3 0.20951263184013857 0.396875 0.060538762917777864 0.05
3 0.13364111607256915 0.3671875 0.06370013050895836 0.0515625
3 0.3948702100123956 0.32109375 0.0821955573706945 0.040625
3 0.5254272661488191 0.4515625 0.08125130642076392 0.0671875
3 0.6299355410344442 0.325 0.08884560087368065 0.0578125
3 0.693651242497465 0.40703125 0.07322060087368065 0.0578125
4 0.4683875244138534 0.88828125 0.11620818787965277 0.0921875
4 0.6454955382815617 0.86484375 0.12118662860909737 0.1046875
4 0.550729858570034 0.77421875 0.10232752583555574 0.1
4 0.7428089090068744 0.7453125 0.1300524823325695 0.0828125
4 0.818119993163055 0.63125 0.1131559230620141 0.0953125
4 0.6445006552071522 0.6390625 0.12111389342673604 0.1015625
4 0.8182862601648953 0.48984375 0.0739843202884721 0.090625
4 0.6461566870266315 0.50078125 0.0770729526972918 0.0890625
4 0.6092203846899302 0.4765625 0.1161354526972918 0.0890625
4 0.6539354322769789 0.36796875 0.12282186379145835 0.1078125
4 0.4623447314795482 0.51015625 0.09131729065319458 0.096875
4 0.4328773966577774 0.4 0.11784342306201392 0.0953125
4 0.49825043636104144 0.2765625 0.11348323138263901 0.109375
4 0.3630396349742706 0.27890625 0.08524912860909736 0.1046875
4 0.21954290169177054 0.33515625 0.1083229526972918 0.0890625
4 0.29959146476204823 0.45390625 0.0958229526972918 0.0890625
4 0.12313872074597187 0.415625 0.08266833605604171 0.0609375
4 0.06922985790444398 0.55 0.09894795269729176 0.0890625
4 0.1728263301690273 0.596875 0.10043771751493065 0.0859375
4 0.3144501325057286 0.62109375 0.11468205547083343 0.09375
4 0.10674542885850638 0.68359375 0.09095361474138897 0.08125
4 0.18555880024940904 0.78828125 0.06573540919430561 0.071875
4 0.2567629594437147 0.71640625 0.09088087955902786 0.078125
4 0.3093034651432979 0.87578125 0.10690592306201392 0.0953125
4 0.3928628071832632 0.7765625 0.11791615824437507 0.0984375
4 0.4977341047703119 0.66796875 0.04683993882958326 0.065625
5 0.47169185562333327 0.57109375 0.9433837112466665 0.8421875