4 0.425 0.28203125 0.175 0.0890625
4 0.44296875 0.4765625 0.209375 0.18984375
4 0.4421875 0.6703125 0.221875 0.2109375
4 0.6796875 0.67265625 0.20625 0.11796875
4 0.65546875 0.85546875 0.2375 0.24296875
4 0.88984375 0.91328125 0.21953125 0.1734375
4 0.88515625 0.66875 0.2296875 0.24375
4 0.7078125 0.4125 0.2 0.15625
4 0.8953125 0.4421875 0.209375 0.2125
4 0.5625 0.08203125 0.16171875 0.1640625
4 0.7109375 0.1765625 0.18203125 0.184375
4 0.8609375 0.03671875 0.1921875 0.0703125
4 0.95703125 0.0859375 0.0859375 0.17109375
4 0.91796875 0.24609375 0.1640625 0.20234375
5 0.57421875 0.5 0.8515625 1