2 0.6770729800029157 0.7140053534412867 0.04082498789975162 0.03461134933607006
2 0.7861848804704539 0.6243110734852533 0.05180793969514976 0.04248748184962743
2 0.6043843928652899 0.854267259958949 0.0455033975406721 0.033076120413308985
2 0.6627746515476927 0.620341711852543 0.03769998789975162 0.03459316861791084
2 0.7972001694034777 0.47659573615123574 0.0314227168225127 0.0298693071815924
2 0.5374383082617469 0.6788814405789125 0.04545794574527377 0.025263620413308985
2 0.4745888503180288 0.605030850121637 0.047093168617910665 0.03777271077238851
2 0.4033218626146688 0.7695024162802198 0.04084316861791084 0.03773634933607006
2 0.16889686563973094 0.7794597201421624 0.042369307181592354 0.031495439695149584
2 0.2249064920049682 0.686168262394836 0.04238748789975162 0.03462043969514959
2 0.2979309015476927 0.6224643106976337 0.04402271077238851 0.047129530054229284
2 0.09982974483363857 0.5658062863007453 0.045521578258831186 0.03620112041330899
2 0.23714391335335355 0.46266712988127867 0.04395907825883123 0.03619203005422929
2 0.14468422346181212 0.37570800624651596 0.04551248789975162 0.034638620413308896
2 0.38167970853289335 0.46104502166641403 0.040879530054229285 0.04398634933607006
2 0.3411734040817755 0.30659841618202394 0.0376727168225127 0.02990566861791084
2 0.6316120517206433 0.33693885939321505 0.03461134933607006 0.04082498789975162
1 0.6129655490883646 0.5878201033430909 0.04401362041330899 0.04556703005422946
1 0.6528496848233758 0.7149275040070208 0.047029536104353474 0.026835210772388506
1 0.7335593293389857 0.6730531005144205 0.03607385538619425 0.023646578258831142
1 0.6487081272490001 0.48683432026379936 0.041079517953980904 0.07836134933607006
1 0.765114377249 0.4861570885123679 0.04084316861791084 0.03773634933607006
1 0.7127620577707676 0.3536536607210749 0.05646816861791084 0.03782725292686617
1 0.6123292239527915 0.6971951033430909 0.0376908975406721 0.033030668617910666
1 0.5844587540070207 0.653608729806524 0.0298602168225127 0.0298602168225127
1 0.53369568472518 0.6507791664766115 0.031386355386194255 0.023619307181592396
1 0.5392184559988106 0.775742805040293 0.040897710772388504 0.047111349336070064
1 0.4145542784039093 0.8530279885871227 0.04238748789975162 0.03462043969514994
1 0.4451412030719443 0.83253822658507 0.042369307181592396 0.031495439695149584
1 0.445032639643836 0.7169177717646098 0.03926248789975162 0.03460225897699054
1 0.34820763661877396 0.7088876240275462 0.03459316861791084 0.03769998789975162
1 0.29515535949141086 0.6966966962362532 0.0454852168225127 0.029951120413308985
1 0.21603094087350003 0.7346557593697739 0.03766362646343317 0.028343168617910842
1 0.10538887754358761 0.6845199248644267 0.039226126463433084 0.028352258976990542
1 0.14304341364794113 0.657739256246516 0.03460225897699045 0.03926248789975162
1 0.41396496770627556 0.551479124125742 0.031486349336070064 0.04080680718159222
1 0.11419677186280577 0.5133807230690286 0.037699987899751576 0.03459316861791084
1 0.3152916392510526 0.4583063619272979 0.042369307181592396 0.031495439695149584
1 0.1727501361277946 0.38570062978308284 0.042369307181592354 0.031495439695149674
1 0.2670768530485032 0.4203069130587659 0.03769998789975162 0.03459316861791084
1 0.404508675355406 0.43122571145975963 0.03610112646343318 0.028334078258831143
1 0.2679313468019873 0.2734319130587659 0.0314318071815924 0.0314318071815924
1 0.42506259075186303 0.2553308319712643 0.04240566861791066 0.03774543969514976
1 0.4072796722321481 0.35777457592114015 0.032957945745273956 0.02519089754067192
1 0.43895185304850326 0.419306973560008 0.02827953610435365 0.026726126463433177
1 0.5447160397185907 0.36791212432213377 0.050272710772388506 0.04716589149054773
1 0.5024967234618121 0.37362631401728347 0.04236930718159222 0.031495439695149674
2 0.4846865338648583 0.48075755796715924 0.056477258976990366 0.03938975292686635
2 0.5280012383907309 0.2867621182720096 0.043949987899751616 0.034629530054229286
3 0.8004741185665971 0.7195372150739969 0.13170451795398108 0.07888859016268786
3 0.6893376724285398 0.4858167209277293 0.08149543969514958 0.042660198672140125
3 0.7427081121236896 0.44332014871902226 0.0770261083130606 0.0801329275949012
3 0.6651178806668456 0.7546985311343838 0.07378293364502539 0.05980224687674198
3 0.42418835363767843 0.8084421964326449 0.0675420240041051 0.06132838544042372
3 0.4454417058024188 0.6466052717646098 0.10988406010845857 0.0881363251355733
3 0.2732480223537851 0.836663166083828 0.12385565651766246 0.07259313836728971
3 0.19917926327859878 0.81131370814011 0.0596386204133089 0.04565793364502539
3 0.14589115769601277 0.7053773255283567 0.06133747579950315 0.06910452400410509
3 0.24084510939321505 0.6321711088040398 0.05188066256778665 0.05498748184962743
3 0.18423708197126437 0.4254762020899857 0.05654998184962738 0.05188975292686635
3 0.10621207592114015 0.4087432200439666 0.059674981849627384 0.0519079336450254
3 0.3488859101318997 0.32374046438662585 0.07991475897699045 0.03952610831306051
3 0.4951518560735654 0.4275734706331417 0.07851588544042372 0.0676420179539809
3 0.5740677173134922 0.29118145267916085 0.08626475292686635 0.05674996974937896
3 0.6486768318730685 0.3579326154433392 0.0722204336450254 0.05979315651766246
4 0.5145542784039093 0.8524462056060271 0.1114647408266178 0.09127041549465283
4 0.6796843747149172 0.8022684227231274 0.11778746369925486 0.10380677693097126
4 0.5730758264121195 0.7302348623200812 0.09901019262201594 0.09901019262201594
4 0.7530951245185256 0.6721582210259253 0.12547269867214011 0.08197722872636941
4 0.8061297418085764 0.553103693996758 0.10992042154477702 0.0943863251355733
4 0.6410950942679046 0.5868752268796577 0.11620678298109546 0.10067268657189174
4 0.7826973078689634 0.41808834456249205 0.07239315046753828 0.08948065651766246
4 0.6199882296101322 0.4549712419067723 0.07550906010845856 0.08793633723582168
4 0.5802490187395477 0.43723429606330255 0.11300906010845857 0.08815450585373234
4 0.6051040938751211 0.32771839549756854 0.1193681444174139 0.10694086729005096
4 0.4447700609922213 0.49348936212368955 0.08960792154477701 0.09426815046753809
4 0.39848138915285675 0.39298082289607805 0.11304542154477701 0.09440450585373253
4 0.4406285034178456 0.2653961783804682 0.10842155405833438 0.1053147347764936
4 0.3115904432111911 0.28880238300453664 0.08341246369925477 0.10360678903121974
4 0.18381035597536946 0.36454324726952547 0.10363406010845862 0.08809996369925469
4 0.27931323263519425 0.46554669018612904 0.09113406010845856 0.0880272408266178
4 0.104367774789672 0.4571898104030462 0.08003293364502548 0.05983860831306061
4 0.07545645872928507 0.5925096868664793 0.0942590601084586 0.08804542154477701
4 0.18231499190677236 0.6215744972695255 0.09736587939029935 0.08493860226293623
4 0.3213684015476927 0.6223279553114395 0.10992042154477702 0.0943863251355733
4 0.1341224107210749 0.7140392532214538 0.0895170179539809 0.07864315046753809
4 0.2265821006126163 0.8009983768562166 0.06289997579950315 0.06911361436318479
4 0.283291163746137 0.7217648739293503 0.08793633723582168 0.07550906010845856
4 0.35979860071081216 0.8650649011549092 0.10367042154477701 0.09434996369925486
4 0.4237070854873058 0.7568842416121847 0.11462610226293624 0.09753859621281205
4 0.5056479527773567 0.6376615429400446 0.044122704722264317 0.06431703005422928
5 0.45974263866187737 0.5535728892510525 0.9194852773237547 0.8334792214978949