4 0.592332586855496 0.7430315362670056 0.19590460957707698 0.13472215244730917
4 0.5402457556853382 0.5460508494776549 0.25247398376465036 0.24571983660582397
4 0.5061413112846556 0.34933547319753055 0.2700705868489054 0.27015839448421436
4 0.265533902194046 0.37911616553090177 0.23405917451188502 0.17440627872743358
4 0.25710161363756195 0.19015237606836285 0.2926001517837136 0.3089324681476202
4 0.07050736891256769 0.17132823940606914 0.14101473782513538 0.20828147881213827
4 0.09928515949764662 0.4098215920086702 0.19857031899529323 0.29776818401734034
4 0.28351274026406265 0.6484044918251436 0.23622169236879245 0.2088722839891055
4 0.10804077638161942 0.6424898788403731 0.21608155276323884 0.26310475768074626
4 0.48865065909720007 0.9306261866481762 0.1965864480508353 0.1387476267036476
4 0.32232227557413584 0.885917507786627 0.22418534253094827 0.22816498442674593
4 0.10282620739291677 0.9591698736492884 0.0936875446422687 0.08166025270142327
4 0.11505524635314261 0.8458346867187634 0.18528648376465032 0.24180661035393455
5 0.46796875 0.5 0.9359375 1