4 0.7072391102760767 0.41171875 0.11849934612402784 0.190625
4 0.5098017190335421 0.4546875 0.22743924145062522 0.2390625
4 0.31114666669684066 0.47890625 0.2512767849536113 0.25625
4 0.3441819447165978 0.7234375 0.1521483007211807 0.2265625
4 0.160533643329827 0.72109375 0.2719893284565974 0.2734375
4 0.14491256259211882 0.92265625 0.16922539152687516 0.1546875
4 0.375653416315591 0.90078125 0.2827436840799306 0.1984375
4 0.6159842095342367 0.7203125 0.1912108007211808 0.2265625
4 0.6099738649288202 0.8984375 0.24535278685347245 0.203125
4 0.9183363451740973 0.528125 0.1633273096518053 0.1875
4 0.8583165266885769 0.69296875 0.21740962480937503 0.2109375
4 0.9873617149494794 0.8296875 0.025276570101041073 0.20625
4 0.9469380431217365 0.9171875 0.106123913756527 0.078125
4 0.8162238649288203 0.8984375 0.230344729482778 0.1625
5 0.5010546601442362 0.5453125 0.9978906797115277 0.909375