3 0.7460044037287135 0.4810376606447659 0.19344744355406326 0.17795253954332696
3 0.5496998665200705 0.27744845113949496 0.08446925843752062 0.09549818380210837
3 0.5085267402965352 0.35870110973273234 0.12229664065150558 0.10640119171077381
3 0.25082824675032106 0.9473949355321288 0.21292164065150568 0.10521012893574237
3 0.06986354438021916 0.7799050173002056 0.13972708876043832 0.16606003460041113
3 0.36817449257396984 0.8380464170333755 0.14142858656782167 0.11810269566510634
3 0.07144589174781397 0.30646751730020555 0.11642858656782162 0.1170840237259962
3 0.33068939465822084 0.6792643246380298 0.2633035865678216 0.1230687213682689
3 0.14483374021171713 0.6693442020908971 0.12585815027015249 0.11902852570316255
3 0.053735074733772134 0.7014616823192336 0.10747014946754427 0.08427152372599629
3 0.23843501742319514 0.027709800417741896 0.0825049651536097 0.03924818380210836
5 0.5 0.5 1 1