0 0.40965521987811504 0.2828125 0.1691220553496283 0.234375
0 0.14928818266947208 0.0875 0.12604168874473984 0.1640625
0 0.6673684499230312 0.75546875 0.25678574645662094 0.2390625
6 0.6979388597270125 0.95390625 0.07643850362819701 0.0859375
6 0.5809448218853973 0.88125 0.07752977767481414 0.1171875
6 0.47863827742036014 0.8578125 0.07676588584218216 0.0953125
6 0.4691119991973919 0.77265625 0.05423612141421188 0.0765625
6 0.6962821675237116 0.55390625 0.09787699400955034 0.0734375
6 0.7178298184268362 0.3171875 0.1118700613400783 0.1609375
6 0.6718576087155222 0.22421875 0.10705358656782167 0.1125
6 0.7012722570867581 0.478125 0.10961310217691818 0.0515625
6 0.7421626411148419 0.42578125 0.08573909255827132 0.0390625
6 0.6528099644358194 0.41171875 0.09557044954451292 0.096875
6 0.4190574686121707 0.528125 0.10412699400955035 0.0734375
6 0.3424428941100667 0.4625 0.06048612141421188 0.0765625
6 0.24153266933781015 0.5109375 0.08192461179556512 0.0640625
6 0.2709548184268363 0.3171875 0.1014385036281971 0.0859375
6 0.09660958285480654 0.2984375 0.04642362141421193 0.0765625
6 0.12301088094804076 0.2359375 0.05218254809323426 0.0625
6 0.1807514590783419 0.215625 0.05470734736759484 0.0453125
6 0.25500246932996096 0.08046875 0.03779266587924912 0.053125
6 0.34165922114405944 0.0375 0.0712599303072194 0.071875
6 0.06871773974838097 0.13515625 0.04878472958157996 0.0546875
6 0.2182589266790223 0.0140625 0.04127976442797028 0.01875
5 0.5 0.5 1 1