0 0.67890625 0.41875 0.21328125 0.14453125
0 0.86328125 0.17421875 0.15078125 0.10859375
0 0.23671875 0.66484375 0.2171875 0.22578125
6 0.0453125 0.696875 0.090625 0.065625
6 0.121875 0.58671875 0.10703125 0.065625
6 0.14453125 0.4921875 0.08671875 0.0671875
6 0.2234375 0.48203125 0.0703125 0.04609375
6 0.42265625 0.68828125 0.0671875 0.0859375
6 0.64140625 0.7046875 0.1484375 0.09609375
6 0.728125 0.66015625 0.10234375 0.09375
6 0.4921875 0.6921875 0.04609375 0.0984375
6 0.540625 0.72890625 0.034375 0.07890625
6 0.5546875 0.64609375 0.08828125 0.084375
6 0.45078125 0.43125 0.0671875 0.09296875
6 0.5125 0.359375 0.06875 0.053125
6 0.46953125 0.2671875 0.05703125 0.07265625
6 0.64921875 0.29140625 0.07890625 0.090625
6 0.66875 0.1296875 0.07109375 0.0390625
6 0.72578125 0.153125 0.05625 0.0453125
6 0.74375 0.20546875 0.040625 0.0484375
6 0.86796875 0.271875 0.0484375 0.03125
6 0.909375 0.3515625 0.06953125 0.06171875
6 0.8203125 0.1 0.04921875 0.04140625
6 0.9375 0.2375 0.03125 0.0375
5 0.5 0.5140625 1 0.971875