3 0.7024123392878326 0.3258495188047923 0.09719437418757337 0.11003092306201392
3 0.6371146217552368 0.30557207997520885 0.03431254464226878 0.08670121941479163
3 0.653815152194046 0.37864655727378527 0.08834547970746058 0.05047408510611122
3 0.7460923810907276 0.4652036127446187 0.06350912094116268 0.05926720364722229
3 0.7730718924548133 0.5314832293858688 0.041852309252765355 0.07125805737069442
3 0.7300895056853381 0.5312643706284034 0.06013865909060954 0.04513196846486132
3 0.6397257840955525 0.6932902855222922 0.1338682597392326 0.1530548776591667
3 0.31581059172346465 0.39969740757878497 0.047584112012708776 0.041716027735416716
3 0.2581696412369973 0.47807567429628495 0.1241932508107789 0.13564917211208344
3 0.23379911242304124 0.6205352780197572 0.04465002678536116 0.05258079255305574
3 0.3020973246806314 0.7823462534184724 0.10618754464226869 0.08837412860909737
3 0.3162064634787014 0.6904496941479169 0.1122466298696164 0.07758209897381949
3 0.535125833202048 0.5962860393220144 0.0922886858759707 0.09742182028847228
3 0.3849564634787014 0.6920498681598615 0.17008640340856668 0.08049019984750014
3 0.45740816193657385 0.7054597111497574 0.08771028003177203 0.10356271751493065
3 0.5312178088523188 0.7306246717308338 0.07669095941492117 0.0986206443766667
3 0.44024575568533814 0.5245181824644101 0.14881142126547414 0.11435605357097245
3 0.3088396172910099 0.30652863582729195 0.08889095048646736 0.08172408510611122
3 0.41139582711296807 0.38629083064079894 0.14615007142762995 0.1408458183886113
3 0.5409025004103324 0.6683246934823268 0.09286933847375849 0.04120818787965277
3 0.6339684821463878 0.5305902637707991 0.09552278003177221 0.10374455547083343
3 0.5846445921305017 0.5802441184442019 0.10525233603812652 0.12427526101791671
3 0.5449974853927987 0.47849912727791716 0.06668866801906326 0.06246493882958344
3 0.5854606185088259 0.35439013326184077 0.047938668019063255 0.062028527735416714
3 0.5807634358792659 0.3996117142838894 0.03796365016215582 0.027435322188333354
3 0.26768318872193514 0.6494603650257295 0.06973184740221221 0.05785017401194459
3 0.4179444671321494 0.817086888961424 0.10300799756436803 0.08517639342673604
0 0.5920224898570255 0.47099640501333384 0.0287795649348082 0.03815461664124999
0 0.6004780978125446 0.6134384781515977 0.03651024431795698 0.03364895459715278
0 0.5876116793864442 0.4998117360353825 0.028534103084255236 0.024092116641249994
0 0.5772623348236058 0.3315338615103477 0.03500229139585791 0.036737587005972294
0 0.38596953855977933 0.6787868019554517 0.04621252678536116 0.05261716014423605
0 0.38390820657884256 0.6177765667730906 0.033385244317957155 0.03357621941479163
0 0.5182172025216528 0.8037894147969796 0.039771612012708776 0.041534189779514105
0 0.5549527325501297 0.22159516384704908 0.04588524431795715 0.033867160144236144
0 0.3979007483817375 0.7564396764804865 0.050790932629559825 0.04647626291777769
0 0.3854060714309252 0.35286008159072946 0.027353432629559825 0.04593074905006951
0 0.4480618043847967 0.2558409176467712 0.052271612012708954 0.04182513050895835
0 0.4238470085247119 0.29982665377906287 0.03363070616851012 0.04763871941479172
5 0.4848698778410214 0.5164789851823611 0.9697397556820428 0.9670420296352777