3 0.7067501074262852 0.48331555657227704 0.2122857137152085 0.19460561736154425
3 0.5304376080918752 0.2610876625955033 0.09611389342673622 0.10265338001272664
3 0.48220143626413225 0.33745071526895754 0.1339412017473613 0.11715223201781733
3 0.1668414607685077 0.8897062953135009 0.21508209897381952 0.11341016136218052
3 0.046307489169514486 0.7137170546626365 0.06322996466513903 0.16631589067472702
3 0.2929480594579868 0.8014966759627745 0.15305487765916678 0.13299540802036275
3 0.07762107940652799 0.24603865865690952 0.06976959897381954 0.11171929734245412
3 0.2719601461796186 0.6384154206317744 0.2706787887533334 0.15310900803627092
3 0.08683961056041718 0.6085295679901368 0.13895601006798622 0.1312692760184536
3 0.03191637442812553 0.6326125053310001 0.036411585106111186 0.08789998933799978
5 0.5 0.5 1 1