3 0.24152620328023788 0.6885774164125003 0.10811487884037314 0.11486389342673622
3 0.30436013224766795 0.711162237650903 0.04094278939195171 0.08677395459715279
3 0.2929668769154089 0.6381423117390975 0.09197466837349921 0.0520729526972918
3 0.21056317156903245 0.5486057266329863 0.06752069994353027 0.06086607123840295
3 0.19021214519008603 0.4816357789696877 0.0478452367752332 0.07133079255305556
3 0.23152738992841418 0.4841620201359724 0.06523015785015547 0.04832970364722229
3 0.33607692398810685 0.32778669319798637 0.1448560156438412 0.15628898043270842
3 0.6287146611162759 0.635786910047327 0.0494231473268119 0.04484102773541672
3 0.6933301689381965 0.5606245623077785 0.1344799577654509 0.13888327488562524
3 0.7311626398578269 0.42147179654020894 0.048497684158514784 0.05574216014423605
3 0.6780816844408634 0.2582983428929867 0.10996580517696727 0.09306162860909736
3 0.6556158792638962 0.3485232993900006 0.11705026308359248 0.08074346656500016
3 0.43107933987194447 0.42935115282913233 0.09948333148532651 0.10061955547083343
3 0.5887013950489117 0.34227199296923666 0.1753177893919517 0.08990156743868064
3 0.5176454424039584 0.326536583774931 0.09663134727034209 0.10523432028847228
3 0.4465817844832157 0.2975017407850351 0.08394933674699842 0.10181837955902787
3 0.5181628399425315 0.5056974069131949 0.15682539462538864 0.12067878875333342
3 0.6272516006776369 0.7280653290252783 0.09691977360693613 0.08339568787965276
3 0.5335918769154089 0.6437429207809032 0.15533848933548206 0.14873105357097244
3 0.4320495766471777 0.3589659176467712 0.09317314732681173 0.04585932028847228
3 0.32665787940507046 0.48950544319798633 0.10306335779368574 0.1085047906531944
3 0.3809960398860619 0.4430493237069448 0.11353042093374795 0.12747299620027785
3 0.4101914452465557 0.5462113445085073 0.07248121572854593 0.06566267401194459
3 0.3586072874669875 0.6662686181598614 0.05373121572854576 0.06522626291777786
3 0.36823218742463515 0.621901022320174 0.04070059471009326 0.02903418977951393
3 0.6992979898295921 0.39100239332982695 0.07377069994353036 0.06101154160312507
3 0.5662488133518236 0.21736225873680604 0.10978379465362345 0.08993662860909728
0 0.36377917683070427 0.550607250568681 0.03196263154179624 0.03975348423243048
0 0.3688446503811707 0.4099095153863198 0.039502115756780753 0.035247822188333264
0 0.3709315241716335 0.5218282871378128 0.029581084186749606 0.025654616641249996
0 0.36510021117274566 0.6891067061157642 0.03655912628012441 0.038300087005972296
0 0.585584100324701 0.3554986915824658 0.050060184158514785 0.055778527735416715
0 0.5828161451194989 0.4164543753780561 0.034814615756780756 0.03513871941479163
0 0.4671742765201207 0.22600860049243096 0.04308214206513981 0.043133057370694505
0 0.3766985928557162 0.7988999334143406 0.04896812101845258 0.03702852773541672
0 0.5806683581466217 0.27871798603538245 0.05420165258848364 0.046512630508958354
0 0.5558995164203001 0.6771191184442019 0.03076415258848364 0.04596711664124999
0 0.4855499480891532 0.7701411134102087 0.055582142065139985 0.043423998100139014
0 0.5137883401542931 0.728553678664688 0.03875866311182748 0.04927395459715278
5 0.5 0.5001091027735416 1 0.9997817944529167