3 0.29609375 0.3015625 0.10234375 0.08984375
3 0.28203125 0.3671875 0.0828125 0.02734375
3 0.35234375 0.34453125 0.0421875 0.08515625
3 0.43046875 0.2484375 0.05390625 0.05859375
3 0.49375 0.2171875 0.0671875 0.0375
3 0.496875 0.25859375 0.03984375 0.0578125
3 0.6640625 0.33671875 0.14140625 0.121875
3 0.39765625 0.6765625 0.0390625 0.04453125
3 0.4796875 0.728125 0.125 0.1140625
3 0.621875 0.74296875 0.04921875 0.03984375
3 0.7765625 0.6640625 0.08046875 0.09765625
3 0.684375 0.65625 0.0671875 0.10703125
3 0.57578125 0.446875 0.08984375 0.08515625
3 0.68203125 0.5890625 0.06796875 0.1640625
3 0.6890625 0.51640625 0.0953125 0.08125
3 0.70859375 0.44140625 0.09296875 0.06953125
3 0.51171875 0.54609375 0.10234375 0.140625
3 0.30625 0.68984375 0.0734375 0.084375
3 0.37734375 0.58359375 0.13046875 0.13515625
3 0.64609375 0.43671875 0.03359375 0.08828125
3 0.503125 0.35390625 0.096875 0.08828125
3 0.55625 0.4 0.115625 0.0953125
3 0.4578125 0.4453125 0.0578125 0.0625
3 0.3328125 0.4140625 0.05859375 0.04375
3 0.378125 0.41640625 0.02421875 0.0359375
3 0.6484375 0.70703125 0.053125 0.06484375
3 0.80234375 0.546875 0.078125 0.096875
0 0.44765625 0.4 0.0359375 0.0265625
0 0.5875 0.38203125 0.03046875 0.03515625
0 0.47734375 0.40234375 0.021875 0.0265625
0 0.31171875 0.42421875 0.03359375 0.03203125
0 0.66875 0.58828125 0.05 0.0421875
0 0.60859375 0.5953125 0.03203125 0.0296875
0 0.78125 0.45 0.0390625 0.0375
0 0.2046875 0.453125 0.03203125 0.04375
0 0.74375 0.57109375 0.04140625 0.04765625
0 0.34765625 0.6109375 0.04453125 0.0234375
0 0.246875 0.55625 0.0375 0.05
0 0.29140625 0.57734375 0.0453125 0.03203125
5 0.5171875 0.50703125 0.91953125 0.90703125