0 0.3859675087125888 0.35607464143738216 0.18246924403245313 0.24743157981717356
0 0.10760505669158978 0.18850603597964538 0.13479426535645347 0.17649834160399794
0 0.7056565841024498 0.7871449747692124 0.2654635573679075 0.26691363399378415
6 0.7663320967934033 0.9639492036790177 0.07903406667727228 0.07210159264196463
6 0.643875294119949 0.9131038531814252 0.08417610001590833 0.12104455417661057
6 0.5437662061186763 0.8990712783266502 0.08239542401336308 0.10222177956950454
6 0.521736117441086 0.8176200711307213 0.05715906667727229 0.08074488585581108
6 0.7010583487428146 0.5932858128585536 0.09780224801081765 0.08419952564056317
6 0.6835783053787251 0.366031954091048 0.12223972135581711 0.17122864474715102
6 0.6248112853675893 0.2813080436281313 0.11231928134945371 0.12391699710451594
6 0.6931907573997241 0.5210833271265772 0.10852157200827221 0.06595894789030421
6 0.7238044107256336 0.46785131926869444 0.0864829400063634 0.0508776033908223
6 0.6362771387253154 0.46143219127076646 0.10118178668045381 0.10622007485477489
6 0.43397084607731456 0.589435105043452 0.10719542934436319 0.08619867328319834
6 0.3513214307367695 0.5324894381703945 0.06497156667727229 0.08110875889134021
6 0.2637037994111783 0.5854089228689136 0.08361247867599957 0.0726070541766104
6 0.26074988005249755 0.3986537855653606 0.10577838001272663 0.09862589867609248
6 0.09202715205281575 0.393137877997928 0.05090906667727224 0.08045378742738744
6 0.1069430800445434 0.33292812406898664 0.05545111600890866 0.06817211124870504
6 0.15819649737427083 0.30876718610347986 0.05525112133990877 0.050984611248705035
6 0.20661472135581715 0.17515847353086733 0.03811816534054513 0.05487159057054054
6 0.2817687153484993 0.12478179197550139 0.07436474801081765 0.0831079065339753
6 0.03871924403245305 0.24073631596343473 0.050654528007636014 0.058578787427387445
6 0.15975735534690846 0.10738662262124454 0.042605670671545234 0.03790241439185813
5 0.5 0.5 1 1