4 0.8985758809770988 0.6177711432688875 0.16636699459715382 0.14962962743398442
4 0.8881271444842144 0.2503927284962351 0.20388240514873246 0.12374896590774283
4 0.8242073996047118 0.4016609480574259 0.22050846302712265 0.14120920129724618
4 0.8836454998588257 0.1331643181878096 0.1679294945971538 0.14965690097293466
4 0.49973250241907435 0.21494179261696908 0.18182539462538863 0.12024213636243815
4 0.3582638811888604 0.40431971266462724 0.21242294724210725 0.13638533360249455
4 0.7873961862952404 0.5618405174564609 0.20488346302712265 0.14093646590774292
4 0.6312140757295445 0.6060150316599204 0.19514444198043535 0.1345228246740408
1 0.9648006419592591 0.3373239383181933 0.07039871608148189 0.0950864034085667
1 0.9756271444842144 0.5566779103150161 0.048745711031571305 0.08576595048646726
1 0.9984646759836583 0.7337080146170871 0.003070648032683465 0.10545115909060954
1 0.9617539957713974 0.607237017863498 0.07649200845720508 0.06542617694751698
1 0.4957455545416828 0.7507116972433517 0.09663134727034191 0.10470686525911983
1 0.48737598656347175 0.2847594147759477 0.12551521046687383 0.06462733603812651
1 0.8357855815559138 0.017632190343492896 0.16219616311182747 0.03526438068698579
3 0.7456189389966635 0.4890575823912691 0.24220145250377917 0.13846603084255094
3 0.3244088808359245 0.7763816732973643 0.18431335779368574 0.10935918344033872
5 0.5 0.5 1 1