4 0.36595350864628406 0.8496109549784023 0.16192203780340292 0.18023562670923637
4 0.4985491095199646 0.7887435773192356 0.13339699430041688 0.16239351006798622
4 0.5956591924418743 0.8434836690748606 0.11900718597979179 0.1480037017473613
4 0.7113595404657633 0.7033652025098605 0.10436280452090294 0.12267639342673622
4 0.7542763519205203 0.5704065789347563 0.10429006933854179 0.11955139342673622
4 0.6970470398001731 0.47960104739961745 0.11235714247680555 0.13067073138263902
4 0.675429225779965 0.3348704288585064 0.10934124525034736 0.13528549620027785
4 0.6118401576756942 0.2824734338924995 0.09978440729444457 0.1272547906531946
4 0.6224983686380202 0.6296932727983328 0.10923214247680554 0.13059799620027784
4 0.5603269833794092 0.5499343440367357 0.11406511284152784 0.1369570989738195
4 0.5292789647620483 0.4413412472471176 0.11406511284152784 0.1369570989738195
4 0.4103315558520831 0.318396669359201 0.1319435970739585 0.16704464247680573
4 0.39673856848552047 0.4662893087018746 0.15530836189159736 0.16446515634451409
4 0.29826274126319396 0.5708696655594789 0.15883340539458352 0.18172539152687506
6 0.5568636765773955 0.19551960097058982 0.0767820119678472 0.07830814437666671
6 0.49794131183600676 0.27809701804868014 0.06566267401194459 0.07024107123840277
6 0.38187467505878425 0.5681427494313191 0.07202177678548623 0.07507404160312507
6 0.38367225798069393 0.625101264248958 0.07369337955902786 0.07979790919430556
6 0.3361777025098605 0.7199059243931941 0.07053201196784728 0.07816267401194459
6 0.37454921827742993 0.7486842346136802 0.06417290919430556 0.07332970364722229
6 0.42663904834954797 0.7248278541047218 0.07107752583555574 0.10160017401194459
6 0.6272456457078469 0.3586358903895134 0.04186149810013902 0.05407055737069451
6 0.662198607904444 0.5342892006099994 0.056251306420763925 0.0684603656913195
6 0.67091768484243 0.6293471274717355 0.056251306420763925 0.06846036569131933
6 0.6426095404657632 0.704965376521805 0.08626611474138901 0.08321384992375017
6 0.5786574496600689 0.6346178153513884 0.06224673328249999 0.05766833605604162
5 0.46429823613229165 0.5126181416237843 0.9285964722645833 0.9747637167524313