6 0.74375 0.71875 0.1734375 0.1140625
6 0.61953125 0.7828125 0.09765625 0.0703125
6 0.79765625 0.609375 0.13359375 0.09296875
6 0.62578125 0.478125 0.0640625 0.05390625
6 0.6953125 0.52109375 0.071875 0.0421875
6 0.45390625 0.4484375 0.096875 0.04296875
6 0.52109375 0.4578125 0.0515625 0.02578125
6 0.1390625 0.5953125 0.06875 0.08046875
6 0.23828125 0.4921875 0.1640625 0.0390625
6 0.30625 0.615625 0.09375 0.05234375
6 0.51015625 0.6953125 0.1171875 0.0734375
6 0.39609375 0.509375 0.0984375 0.05078125
6 0.5875 0.503125 0.02109375 0.03046875
6 0.55234375 0.4359375 0.0890625 0.04140625
6 0.48671875 0.73828125 0.16484375 0.103125
1 0.259375 0.828125 0.05 0.046875
1 0.109375 0.6890625 0.05390625 0.04921875
1 0.1984375 0.634375 0.0453125 0.03828125
1 0.6109375 0.87265625 0.05234375 0.03828125
1 0.3953125 0.7421875 0.034375 0.0203125
1 0.07265625 0.546875 0.0359375 0.03046875
1 0.1015625 0.56875 0.034375 0.02265625
1 0.1953125 0.59921875 0.04375 0.02890625
1 0.23203125 0.59921875 0.02109375 0.02109375
1 0.21796875 0.55234375 0.0359375 0.0171875
1 0.3375 0.51484375 0.0296875 0.03046875
1 0.384375 0.5125 0.03515625 0.02890625
1 0.35546875 0.5265625 0.02421875 0.0265625
1 0.35625 0.4703125 0.0359375 0.02421875
1 0.4140625 0.40390625 0.0375 0.021875
1 0.2109375 0.453125 0.02578125 0.02734375
1 0.6453125 0.4390625 0.034375 0.0234375
1 0.81875 0.48984375 0.0265625 0.01953125
1 0.83359375 0.54296875 0.03359375 0.0140625
1 0.90234375 0.715625 0.04296875 0.03828125
1 0.578125 0.7296875 0.03828125 0.0453125
1 0.61875 0.69921875 0.04921875 0.03359375
1 0.65234375 0.6765625 0.02421875 0.03203125
1 0.74296875 0.65234375 0.04453125 0.0234375
1 0.81640625 0.621875 0.02890625 0.034375
1 0.778125 0.609375 0.04921875 0.01875
1 0.71640625 0.5890625 0.0359375 0.0328125
1 0.703125 0.61953125 0.02578125 0.0234375
1 0.509375 0.6 0.0375 0.0171875
5 0.5 0.6859375 1 0.628125