4 0.709098977014236 0.20875148376273972 0.13644925911805572 0.1616616946765232
4 0.5702903969421179 0.22577320459953606 0.11268445079743064 0.14664418973360743
4 0.49323889409232624 0.14287052129171932 0.09680487765916687 0.1350700197716635
4 0.34946875066559013 0.23867115813612688 0.08688436379145834 0.11125051779449713
4 0.27572016650940945 0.349836809809282 0.08528549620027785 0.10962435079830275
4 0.3069136554914927 0.45433065022746144 0.09644120174736122 0.1194450197716634
4 0.2895235208984717 0.596726397261712 0.09026393692972227 0.12231535178688588
4 0.33639721447770776 0.6658875741437381 0.08386846656500006 0.11581068380210838
4 0.4136747613991664 0.3359082554743885 0.09327983415618064 0.11775518577927473
4 0.4521540735195135 0.4297510973754427 0.09498780452090294 0.1240688527754692
4 0.4534236731589232 0.5431915148659286 0.09342530452090295 0.12400518577927463
4 0.53276306820118 0.6957846156642314 0.10814242116215293 0.15270318874502423
4 0.5836014824294787 0.5610077090481603 0.13139808320625015 0.14584569368794006
4 0.7024800754193746 0.4931264837627397 0.13339699430041668 0.16465936068413445
6 0.3653560562333327 0.765598414067626 0.06715243882958344 0.06829901384016442
6 0.4410476936761453 0.7053413463868596 0.05454333605604163 0.0631021778706092
6 0.6232653541047218 0.46956696695682576 0.06246493882958344 0.06810801285158127
6 0.636238786000451 0.41613821942828366 0.06253767401194459 0.07123301285158128
6 0.7044634155594789 0.34071906676654534 0.05933993882958344 0.06798067885919253
6 0.6756487377478123 0.3020093938388519 0.05305357123840295 0.06616351087441492
6 0.6215606497919095 0.30762538247014537 0.05686955547083343 0.09597834486680368
6 0.34052297644555507 0.5894205746380298 0.03550239532659729 0.04983817391627667
6 0.353226264248958 0.4132082431170988 0.04825696846486114 0.0612850098858317
6 0.36865320212861086 0.32156191258475114 0.04829333605604171 0.0628475098858317
6 0.41469370716260395 0.2585326719762913 0.07347517401194459 0.07167868182494201
6 0.45647985723885387 0.3446903478697343 0.055851262917777866 0.052228344866803764
5 0.5590937513311802 0.4716441201128557 0.8224374973376396 0.9295361690477228