4 0.18359375 0.3140625 0.134375 0.12109375
4 0.10390625 0.66640625 0.196875 0.0875
4 0.20546875 0.5328125 0.19296875 0.10234375
4 0.078125 0.77734375 0.15625 0.121875
4 0.4734375 0.7703125 0.159375 0.0875
4 0.6515625 0.61640625 0.1859375 0.09921875
4 0.27734375 0.3875 0.1765625 0.1046875
4 0.4359375 0.37421875 0.16796875 0.1
4 0.01328125 0.246875 0.02578125 0.10859375
1 0.04140625 0.5671875 0.0828125 0.08359375
1 0.0640625 0.353125 0.09921875 0.06796875
1 0.053125 0.17578125 0.10625 0.0890625
1 0.11796875 0.31171875 0.06875 0.05078125
1 0.59765625 0.2625 0.075 0.08828125
1 0.50078125 0.70625 0.11328125 0.0421875
1 0.1 0.93984375 0.140625 0.10078125
3 0.30078125 0.46484375 0.21484375 0.09453125
3 0.7671875 0.2703125 0.16328125 0.07578125
5 0.5 0.51875 1 0.9625