4 0.4546875 0.5875 0.11796875 0.1828125
4 0.5796875 0.578125 0.1484375 0.159375
4 0.253125 0.5484375 0.15078125 0.14609375
4 0.24609375 0.384375 0.1375 0.1421875
4 0.378125 0.37265625 0.14921875 0.1390625
4 0.45234375 0.4328125 0.10859375 0.1421875
4 0.57265625 0.43125 0.1390625 0.121875
4 0.68828125 0.496875 0.1484375 0.15234375
4 0.29296875 0.2796875 0.1296875 0.09453125
4 0.29375 0.21015625 0.128125 0.10390625
4 0.44921875 0.2796875 0.1875 0.1515625
4 0.43984375 0.16875 0.125 0.1109375
4 0.59140625 0.28125 0.1109375 0.1078125
4 0.59453125 0.34375 0.128125 0.1015625
4 0.68828125 0.23828125 0.12265625 0.13359375
4 0.7109375 0.36796875 0.1390625 0.1390625
5 0.48359375 0.440625 0.81328125 0.7765625