4 0.5658641016520521 0.48611132462825923 0.2239774898232348 0.17067542740790564
4 0.5399301226829513 0.3565809548859839 0.2067014586155702 0.19781778154634874
4 0.550452706356322 0.7058472925160835 0.1926389586155702 0.19708079715018095
4 0.3773117774780782 0.7538764360027914 0.1856519742194024 0.1826907485296619
4 0.34627754070706124 0.6176014213034703 0.18458079715018094 0.19198386137453216
4 0.4009451085494571 0.5259185323393183 0.17932673111680747 0.15119508706427282
4 0.38422235527009674 0.3990218396662645 0.1636131999091429 0.1784193283578454
4 0.43892090061125544 0.2621492814348071 0.19880707146044047 0.19584584577069997
4 0.2593773270031084 0.7296720533702173 0.1315443283578454 0.1611565852552504
4 0.18450347976207032 0.7460616932388806 0.14256371551297517 0.1632922953411587
4 0.23832892186929716 0.5663841593176826 0.20718613749381404 0.236798394391219
4 0.1219293159218319 0.6020903652197195 0.14864994120271566 0.1604948439616777
4 0.22123103233931823 0.41691310379975877 0.1415810696514182 0.14454229534115867
4 0.2876339603130509 0.39863009328430915 0.1393568283578454 0.16156602103089918
4 0.16294489880223312 0.32491703358251367 0.17216932835784543 0.16328565128862396
4 0.29825495703369054 0.27030037539648477 0.1825269742194024 0.1825269742194024
5 0.45908839495704584 0.5 0.9181767899140917 1