4 0.3931493876302438 0.8826368006404888 0.16017769984750013 0.1696590359079618
4 0.7812306158787508 0.8763020048717738 0.12929137575930588 0.18510222872636958
4 0.620437279822709 0.8144372882456528 0.1537108007211808 0.22742608411256385
4 0.9031419834699314 0.8785735528799841 0.15490831838861113 0.14463176483072288
4 0.8110739315144795 0.48043551384876426 0.13096297853284752 0.18979881908544893
4 0.6058383048052434 0.32145035752749357 0.15044033035645848 0.22115790339440444
4 0.4490519358828825 0.7673526891059745 0.15334712480937504 0.21180108411256365
4 0.3983037874221533 0.600673728333586 0.1468425516711113 0.20082722267624523
1 0.689462649598091 0.9609128333269968 0.09818423328249999 0.05681360226293606
1 0.45774052412312577 0.9714533400644921 0.08731946846486113 0.05709331987101578
1 0.26838773660406334 0.9919653070833965 0.10665004350298615 0.01606938583320705
1 0.4057234292333689 0.9530129331540461 0.07071384992375015 0.08477497579950324
1 0.24168749866881983 0.4497828731437834 0.11322865824437507 0.09908291549465283
1 0.736491505602674 0.46437872179248246 0.07333101006798622 0.13009656615858275
3 0.5262313785121882 0.7271822070599553 0.15113131458888915 0.2508454033944044
3 0.21088817429628498 0.2675970870394299 0.12006184612402793 0.19129768657189175
5 0.5 0.5 1 1