4 0.43888980698944485 0.44505524304273675 0.2176992591180557 0.16497237847863158
4 0.4302986698309727 0.5799077455141946 0.19960387575930572 0.19233337452429886
4 0.509071101158021 0.23496797722540594 0.18397887575930572 0.191696704562355
4 0.684525696047778 0.2473685236516341 0.17736519984750015 0.17581703657757747
4 0.6784601468452086 0.3899380256288004 0.17765614057694457 0.18831703657757748
4 0.6027165708571532 0.4618395419404228 0.17354921561506947 0.14600220258518865
4 0.5877299633339589 0.5906967123966582 0.15705269984750014 0.17498936562705047
4 0.5012859298989589 0.7068257311797386 0.19175500816812524 0.19045253954332697
4 0.7892326862641322 0.3111352519028043 0.1254390239356944 0.15809102570316255
4 0.8637241931979865 0.31982981958357065 0.13637652393569438 0.1585366946765233
4 0.7665069671336809 0.4770613408381089 0.1974244331300003 0.23283104053191012
4 0.8854751726807644 0.48159764912733516 0.14259015634451408 0.1572288626613009
4 0.7450164396826047 0.6288612627772192 0.13597648043270852 0.14134919467652338
4 0.6776652855222922 0.624567693613578 0.13325152393569456 0.15840936068413444
4 0.7765047886564242 0.738620923347623 0.16606402393569458 0.15974636760421673
4 0.6351349062476048 0.7459452865032153 0.1758754350298613 0.178878369581383
5 0.5494551393426736 0.49799448961987663 0.9010897213146528 0.9959889792397533