6 0.6494483354009015 0.7963250197547229 0.21424286661563344 0.16264938962701408
6 0.5032935769979444 0.8328047675705212 0.12263368676785795 0.09807643692972227
6 0.734868523651634 0.6958723844961117 0.16615819368794008 0.13187086189159736
6 0.5912816442216003 0.515800411947188 0.08255251482874755 0.07216724715020853
6 0.6512986313700191 0.5781926155944103 0.08842051285158128 0.06293771751493046
6 0.4191148255522508 0.4421959917349657 0.1152376808363588 0.06980596656499997
6 0.4876274036131405 0.46881434954250045 0.0625291749048598 0.04048083605604162
6 0.05242739125585081 0.5173342767854863 0.09469968775644107 0.10210932028847246
6 0.18402224254844515 0.43516016926229184 0.18443334980971954 0.08234364057694457
6 0.22188304540046394 0.5807097118153475 0.11249468281352515 0.079108231382639
6 0.41272426821442665 0.7141800945085073 0.14326452174882984 0.10636171561506949
6 0.3435763146778358 0.49204921494947945 0.11868101581733086 0.0776912017473613
6 0.5452369737653648 0.5327145018029519 0.029589340912471052 0.03659211664125017
6 0.5257640735750844 0.4540621717308338 0.10567167984777566 0.06490026101791671
6 0.3775070098114696 0.7532419412981254 0.2027960306460784 0.14989481648875014
1 0.11634933391802668 0.7909549211621529 0.0649193458553869 0.06082970364722229
1 0.01559718920213477 0.6092301828456598 0.03119437840426954 0.06533536569131951
1 0.10407346289094992 0.5740577086812154 0.05828734387822054 0.05130923328249999
1 0.4698497242224754 0.9243012833380906 0.06616351087441501 0.05305357123840295
1 0.2805192632715108 0.7345627168493405 0.04183467292769345 0.030633057370694418
1 0.009963954525173974 0.4512176610941667 0.01992790905034795 0.03993532218833344
1 0.02142074281418146 0.4806330573706944 0.04284148562836292 0.03379442496187508
1 0.1111020542977125 0.5359037452503473 0.054780341901054186 0.04186149810013902
1 0.14903313581864336 0.545388501234271 0.02764483893530465 0.027180749050069508
1 0.14725973019115546 0.49295383225631956 0.04326983893530465 0.02754442496187508
1 0.28061339965880777 0.48276382750666685 0.039091674904859805 0.03993532218833344
1 0.3302632311797386 0.49252134042444473 0.04534167490485981 0.040080792553055564
1 0.2971005627006695 0.5003513710096531 0.031024506920082205 0.03350348423243048
1 0.31280115855605634 0.4412854955346878 0.043588173916276673 0.03535692496187508
1 0.39012500391715166 0.3859998899113545 0.04658583992388783 0.03230466014423614
1 0.16487033593237407 0.38701295678135433 0.03577567391627658 0.03517508700597229
1 0.6209346521302658 0.478955028588438 0.04352450692008212 0.03379442496187508
1 0.7890532993547966 0.5751429636182992 0.03389483893530461 0.027326219414791807
1 0.7897271200013126 0.6353719488006604 0.041580004942915846 0.024383057370694416
1 0.8152988284808191 0.8330288520110425 0.05672484387822045 0.05127286569131968
1 0.4746539238419145 0.76801491574691 0.052355678859192525 0.05897626291777769
1 0.5248595122829276 0.7449417448690976 0.0612850098858317 0.04825696846486131
1 0.5653717657429687 0.7294628684442019 0.03440417490485981 0.03982621941479163
1 0.6655627667315519 0.7271028942797575 0.052963173916276675 0.03557513050895835
1 0.7513556866934958 0.7134599279990979 0.04084517589344294 0.04465918977951393
1 0.7155282746402174 0.6907302896063549 0.05752333992388792 0.03255923328249999
1 0.656023282054591 0.654155703550313 0.045469008897248565 0.04320579255305575
1 0.6337516926249949 0.6825709910693755 0.03402217292769336 0.030451219414791807
1 0.43633020597086764 0.6146346893982643 0.044832338935304604 0.027580792553055566
5 0.4946201388215739 0.63203125 0.9892402776431478 0.7359375