6 0.8245242154280412 0.7214112457103509 0.2049067706874535 0.15903533386094856
6 0.7091906641072223 0.8102116697669611 0.11671588001272663 0.09711434389007856
6 0.8566816400779509 0.5989512240027385 0.15766814401654444 0.12642141066226814
6 0.6515936033974971 0.4914556580884787 0.07892497867599957 0.07102320533113407
6 0.7316447300684059 0.5250243275262354 0.08192270934118148 0.0601766335443795
6 0.4672731473981334 0.49077839350700225 0.1101204346753633 0.06724498746358769
6 0.539093603397497 0.48818224241164554 0.05824885200509069 0.039182171945039104
6 0.17289808076063204 0.6969839632486929 0.08706474267981754 0.09937552586424747
6 0.254237892743451 0.5728310608996949 0.17897952267663583 0.07862040815498564
6 0.3501054707590412 0.6904253893503671 0.10864884134309047 0.07501202335696497
6 0.5787031854312228 0.7376881489172786 0.13866360534690844 0.10400084138279589
6 0.421261760741542 0.5636332203083219 0.11177384134309047 0.07510295157021041
6 0.6176095020687241 0.5240491977427796 0.028524989337999785 0.03519335391920819
6 0.5668913393936791 0.4608755963308539 0.1007090720082724 0.06384720282385174
6 0.5628696474379042 0.7864295257977404 0.19382382001908988 0.14621708511458972
1 0.34729119545667614 0.9183912649771878 0.06162839067472685 0.061148100158284535
1 0.16238838944140413 0.8005492324490227 0.0663522533418178 0.06440949247815268
1 0.2435469354312228 0.7279360980467136 0.053688621339908774 0.04998327962517131
1 0.7204468847867217 0.9050384364600086 0.06308180267345413 0.05181856426490725
1 0.4701645267743132 0.8063806614536908 0.039389764003817974 0.02926160266556721
1 0.09435491008908681 0.6587732579175588 0.04262385200509069 0.03872753087881229
1 0.12892081409131398 0.6761797182632578 0.04098862667090888 0.03243206677218975
1 0.23297251475967756 0.6917030813536661 0.052017033338636054 0.040562815518548415
1 0.2711628580919503 0.6850044519659217 0.025290901336727067 0.025727425705962936
1 0.24641684941913242 0.6389872583132702 0.04091590133672707 0.026182066772189573
1 0.3605242554105419 0.5790476201500373 0.036355670671545236 0.0369831744523216
1 0.40960664540895103 0.5687609895086517 0.04262385200509069 0.03872753087881229
1 0.38250834341181456 0.5890591176427549 0.030069308004454332 0.03367631802583091
1 0.3708799527370877 0.529365868896396 0.04255112667090888 0.03247753087881229
1 0.41682770472627 0.45104229209507646 0.04411362667090888 0.032522994985435004
1 0.21711006273867853 0.5366064043940619 0.03319430800445433 0.03376724623907634
1 0.6628032760582246 0.44804663888814866 0.04255112667090888 0.03247753087881229
1 0.8528470207272246 0.4707580278428045 0.031540901336727246 0.025909282132453627
1 0.8792373454009969 0.5238519356020788 0.03775453866963616 0.022966138558944315
1 0.9802805827100436 0.6916963166391757 0.03943883457991291 0.04980142319868044
1 0.6563105647676317 0.7625948721951014 0.04907384667409058 0.056096887305303156
1 0.6909941000954503 0.7229928145941116 0.058321577339272325 0.0454321719450391
1 0.7203361547580867 0.6941691326199426 0.03170453333863606 0.03997178213245363
1 0.8096708274188142 0.6530333187507468 0.0519443080044546 0.03431281551854859
1 0.8794469780792236 0.6089854535487674 0.03797271467218159 0.041716138558944495
1 0.8371958434118145 0.602289172669955 0.05503294533736351 0.031278743731793845
1 0.7683549367440874 0.592476251978557 0.0442227146721816 0.041897994985435005
1 0.7609242447485417 0.6250614314454437 0.03315794533736351 0.030642246239076344
1 0.5564731020846325 0.6394181334778724 0.042496582670272606 0.027790030878812287
5 0.5017181360200446 0.64765625 0.9965637279599109 0.7046875