4 0.80078125 0.690625 0.14375 0.1203125
4 0.771875 0.559375 0.13125 0.0984375
4 0.84453125 0.4796875 0.121875 0.08515625
4 0.73984375 0.3484375 0.1 0.0765625
4 0.62578125 0.2859375 0.0984375 0.07578125
4 0.52890625 0.3234375 0.10625 0.08359375
4 0.390625 0.3171875 0.11015625 0.07890625
4 0.328125 0.36640625 0.10546875 0.07109375
4 0.6515625 0.4171875 0.10546875 0.08046875
4 0.56484375 0.4609375 0.1109375 0.08203125
4 0.45703125 0.4703125 0.11171875 0.08125
4 0.3171875 0.5578125 0.13828125 0.09375
4 0.45078125 0.59609375 0.1296875 0.11796875
4 0.5265625 0.70546875 0.1484375 0.11796875
6 0.23515625 0.4015625 0.0609375 0.059375
6 0.29921875 0.46953125 0.05546875 0.04921875
6 0.54296875 0.628125 0.059375 0.05546875
6 0.5953125 0.6359375 0.06328125 0.05546875
6 0.6734375 0.69609375 0.0609375 0.053125
6 0.7078125 0.665625 0.05859375 0.04609375
6 0.696875 0.6140625 0.08671875 0.0484375
6 0.4015625 0.365625 0.04453125 0.03046875
6 0.571875 0.3640625 0.05546875 0.04140625
6 0.66171875 0.37265625 0.05625 0.04140625
6 0.72578125 0.41171875 0.06328125 0.06640625
6 0.646875 0.45859375 0.04453125 0.05
5 0.5609375 0.56640625 0.878125 0.7296875