5 0.5 0.5 1 1
6 0.2906107354667016 0.19579019237208778 0.09415134992375007 0.08598413879807007
6 0.3111447070656948 0.3728475702131092 0.07565592306201392 0.09659435633066593
6 0.22611770326597264 0.4806248883943282 0.1353945989738195 0.1132557508107789
6 0.314237258736806 0.5728748437520595 0.13608558320625014 0.1429432508107789
6 0.5276749775829168 0.20650200122111126 0.13375936379145834 0.1101034772718286
6 0.3061754112815979 0.8309328056026126 0.098512848023889 0.1391636858759707
6 0.36880335106111184 0.8689180008140742 0.11533667211208343 0.12383869480442442
6 0.5345140443560075 0.6010741615295367 0.0956774823325695 0.08444891233702041
6 0.46307806829170206 0.7555082913991531 0.12623780452090294 0.12246710957707681
6 0.5889314002636812 0.7228303847441756 0.10308993882958326 0.06739778003177221
6 0.722580354860834 0.7564496339333967 0.11915134992375016 0.08642051542127546
6 0.7089367353697924 0.8082712325534249 0.10000130642076392 0.06890573295387128
6 0.7592783082237158 0.620597908690163 0.09785823138263901 0.1110386858759707
6 0.8020970153863198 0.3783461789827024 0.045131968464860964 0.06013865909060954