5 0.5 0.5 1 1
6 0.20455849211063368 0.3007825646606187 0.08710318511654283 0.08058006175762475
6 0.284694881496195 0.4470103584715548 0.07180556733052797 0.08950042069139794
6 0.2482166897562302 0.5734220942857898 0.12703870435383652 0.10671666442319179
6 0.35600934238863535 0.6219170817493775 0.12958335099579193 0.1348871285298145
6 0.41518102278067276 0.22636054084143525 0.1269841406515056 0.10515416442319178
6 0.4388044511041576 0.848772749933493 0.09197422359113006 0.13067098997087
6 0.5064731007413379 0.8593441885715796 0.10705358656782167 0.11550063103709682
6 0.5588912949283733 0.5676029694503921 0.09017362141421188 0.07910848997087001
6 0.550200797290626 0.7268870412371466 0.11799108656782167 0.11581887978345566
6 0.648186918704838 0.6530978517411302 0.0974404843909035 0.0637108105039836
6 0.77629456053747 0.6349281764308787 0.11204862141421187 0.07974498746358769
6 0.7831422720628826 0.6851782290173035 0.09593254809323426 0.06522784639736087
6 0.7613193796820965 0.5038911250980952 0.09266370435383653 0.10571645407749272
6 0.7137078028177397 0.27727714931299 0.04253472958158007 0.05586956677218975