5 0.5125 0.48359375 0.975 0.7109375
2 0.59375 0.609375 0.0578125 0.05625
2 0.521875 0.54609375 0.046875 0.04296875
2 0.5015625 0.5484375 0.03515625 0.04453125
2 0.4765625 0.5765625 0.04140625 0.02265625
2 0.40703125 0.525 0.0359375 0.05078125
2 0.28359375 0.378125 0.046875 0.0453125
2 0.18828125 0.4125 0.04140625 0.02734375
2 0.2328125 0.33515625 0.03984375 0.03828125
2 0.2484375 0.325 0.02890625 0.0375
2 0.37109375 0.3015625 0.04765625 0.028125
2 0.775 0.3765625 0.034375 0.03046875
2 0.784375 0.38125 0.0375 0.03203125
2 0.809375 0.42890625 0.05703125 0.021875
2 0.71640625 0.57421875 0.04609375 0.04765625
2 0.67734375 0.5828125 0.04375 0.0390625
2 0.746875 0.5890625 0.03046875 0.04609375
2 0.80859375 0.61484375 0.05234375 0.0421875