5 0.5171875 0.484375 0.965625 0.94296875
6 0.253125 0.7359375 0.0625 0.071875
6 0.40859375 0.684375 0.07734375 0.05234375
6 0.52265625 0.740625 0.08125 0.10546875
6 0.58828125 0.64453125 0.11015625 0.10078125
6 0.2171875 0.5203125 0.07890625 0.10703125
6 0.821875 0.603125 0.11484375 0.0625
6 0.84453125 0.53984375 0.09609375 0.08359375
6 0.57109375 0.440625 0.0609375 0.075
6 0.72421875 0.47578125 0.09140625 0.09453125
6 0.67109375 0.36875 0.0421875 0.0859375
6 0.675 0.2421875 0.05625 0.096875
6 0.725 0.24453125 0.04453125 0.084375
6 0.54609375 0.234375 0.0875 0.0703125
6 0.31953125 0.24140625 0.04921875 0.03046875