5 0.5121507232654576 0.49983182835702705 0.9319485534690847 0.9996636567140541
2 0.3675552912555945 0.5704791090004315 0.06956816000954502 0.07071247579950324
2 0.44710697859645776 0.5145512958669108 0.05377952800763595 0.05655907220870695
2 0.44969617659932126 0.4934439103282914 0.05052725867281786 0.04560339149054791
2 0.42817571260345744 0.46310242535540613 0.0301965773392725 0.0439227168225127
2 0.49524558127786616 0.40568483509452236 0.05993862133990877 0.048782933645025395
2 0.6689290766231839 0.3163991004162246 0.05690452800763594 0.056577252926866176
2 0.6576108633036377 0.21490932328886153 0.036464758672817864 0.04552157825883123
2 0.7233080412953654 0.27546048302797776 0.04743862133990877 0.048710210772388504
2 0.7293489559595928 0.2933928715916593 0.042605670671545325 0.03618293969514967
2 0.7231978586091845 0.4192013926688981 0.03968066534054522 0.053352258976990544
2 0.553136613224096 0.8014149707313376 0.03797271467218159 0.040843168617910666
2 0.5460144565563687 0.8092683773471958 0.0395715773392725 0.04397725897699019
2 0.49350707455445975 0.8236354043763632 0.03506589067472685 0.059574987899751616
2 0.3730774905713226 0.7001257023845733 0.058467028007636035 0.056586343285945875
2 0.3743405459102768 0.6587149072050335 0.04903748400699968 0.05184430113146821
2 0.35090249856782274 0.7260342174116878 0.05359771467218159 0.04093407220870695
2 0.31197581122695944 0.7817256812091385 0.055396572008272395 0.06125566256778665