5 0.49890872595338287 0.47157976411925795 0.9978174519067657 0.8181595282385159
2 0.5849800797747637 0.604336091316289 0.06462798439090349 0.06275606426490725
2 0.5090921915703287 0.5380003859851549 0.05319941106992569 0.04837531551854859
2 0.48708078231450164 0.5412701384924373 0.04075397477225664 0.049574102665567034
2 0.4602628219702153 0.5702074807331631 0.04624008293962447 0.027880959092057723
2 0.387090705998299 0.5156814536152744 0.04097222958157989 0.05582410266556703
2 0.25566463512439197 0.3601408442857898 0.05330853847458741 0.0515003155185485
2 0.15502722886378978 0.3978788735152496 0.046349210344286275 0.031005959092057722
2 0.20169638693849054 0.3155581185006846 0.046785719962933126 0.04350595909205772
2 0.21848458285480654 0.3050979916202228 0.03428571996293313 0.043142246239076344
2 0.3492360750502582 0.27840276246990536 0.05265377404661713 0.032750315518548415
2 0.7781943995523622 0.3565758558977653 0.03870040145127884 0.035466138558944316
2 0.7866244584453697 0.36151340848419006 0.04344246515360961 0.03716503087881238
2 0.8138119518219478 0.4115732444567096 0.06181051923729371 0.026773100158284536
2 0.7153322678865314 0.5666806301126602 0.051800602176918176 0.05301735141192587
2 0.6735713538213808 0.5756320812871591 0.04991071996293321 0.04359688730530316
2 0.7476264127143881 0.5824791263517364 0.036121038474587405 0.05100021034569906
2 0.8124056753282598 0.6086073688298891 0.05944941106992587 0.0485571719450391