4 0.1745743542148825 0.7297243823171656 0.18525691149637402 0.15416130093507635
4 0.10343129259467394 0.5270215631335207 0.16538105913900916 0.16341812626704133
4 0.2017830936709125 0.32452379791001434 0.19474322745980874 0.1901442527304745
4 0.4705801354415261 0.20971290592848724 0.2241781703877141 0.21843287919390758
4 0.4678875907754284 0.43697938787631047 0.2007021290313853 0.18393061416679296
4 0.4856851745215433 0.601100975210328 0.17014133374611512 0.16500789734428026
4 0.3952892686067406 0.773184532588312 0.17057367328319833 0.10721357806243947
4 0.36629958953257413 0.8886095446885605 0.1533519400324213 0.13991699375348396
4 0.6092876102107385 0.9072060503459014 0.19412248924663303 0.14327834308955403
4 0.7392597464808341 0.8134565712267484 0.1917594685684687 0.1260817527304745
4 0.8659035215022248 0.6650150469280557 0.19739303846084474 0.14642152380771342
4 0.7053960911897132 0.2876207790722706 0.20717045285270289 0.1886544756031115
4 0.6511710874656595 0.6996935321955287 0.1493194114963739 0.15395222267624523
4 0.6679111695591446 0.5224952279408025 0.19408825599585597 0.1760817527304745
5 0.5 0.5 1 1
4 0.8691054884180636 0.4486860649802324 0.1977954528527029 0.18859993344863374