4 0.84609375 0.3 0.1546875 0.12890625
4 0.89375 0.49609375 0.15546875 0.13828125
4 0.76328125 0.67421875 0.1578125 0.1609375
4 0.4953125 0.75625 0.18203125 0.18671875
4 0.5296875 0.5453125 0.16640625 0.15625
4 0.53671875 0.38984375 0.1375 0.1421875
4 0.6453125 0.2390625 0.146875 0.0859375
4 0.68984375 0.13359375 0.12578125 0.1171875
4 0.46328125 0.09375 0.1640625 0.11796875
4 0.328125 0.16875 0.1640625 0.1015625
4 0.1890625 0.2953125 0.1671875 0.11953125
4 0.28515625 0.6625 0.17109375 0.15859375
4 0.39453125 0.2828125 0.11953125 0.13125
4 0.35390625 0.446875 0.16015625 0.1484375
5 0.5 0.484375 1 0.96875
4 0.1546875 0.496875 0.1625 0.16015625