6 0.44840281678237376 0.30004485932614616 0.09340774881887359 0.08179682028847228
6 0.5204514315731638 0.3290433347248615 0.09582342068857237 0.061557055470833434
6 0.6524926052569612 0.3547544623840283 0.07863592068857254 0.061157011967847286
6 0.5236607663268869 0.39859276852045183 0.051964293283910834 0.05741376291777787
6 0.7680903234057957 0.35666441413138955 0.07027778366526398 0.0453501740119445
6 0.17652041541591296 0.5841055091180557 0.09993056733052792 0.0897547906531944
6 0.04992319908117691 0.62487336664125 0.05750496515360968 0.037246733282499986
6 0.3042337315653145 0.7541296812301391 0.0760565577118811 0.07670927678548622
6 0.22742569490482561 0.7453164192622918 0.10590774881887359 0.0820877610179167
6 0.581034300625123 0.5661991490294102 0.07227679328391083 0.05788654160312508
6 0.6053671564302382 0.7041537439191672 0.08806548439090349 0.06293771751493064
6 0.604935625212045 0.8259196411456255 0.06846231252120454 0.08277743882958326
6 0.5301836510727607 0.898338195382188 0.0703869110699257 0.04847517401194423
6 0.8762426185038052 0.45831979274048684 0.0647916754978958 0.0670797036472223
6 0.7959673306621899 0.5290485604079173 0.09404266587924912 0.055270687879652766
6 0.8068726035276805 0.6401497145682298 0.07314981252120453 0.08288654160312507
6 0.797854756793058 0.7172207076343756 0.08455853847458741 0.0519274823325695
6 0.7888939629609929 0.8629871493137508 0.09527778366526399 0.045932055470833434
6 0.8841072592401286 0.8847186385801743 0.10272818511654265 0.08045252583555573
6 0.9178845145976062 0.6895704459508688 0.06440972958157971 0.05614220364722229
6 0.9074579352861788 0.7486545052214243 0.05314484736759475 0.046512630508958354
6 0.9693055938242157 0.6088302454377785 0.06138881235156859 0.03739220364722229
6 0.9715749658713999 0.5058143482113202 0.04193452885594055 0.03844555737069442
6 0.9606870511732772 0.372856377846598 0.07507441106992588 0.04858427678548623
6 0.40513901105422717 0.916504354292153 0.1172271947351895 0.09327983415618064
6 0.6826687224948218 0.5482687262517366 0.07296627404661712 0.03292290919430556
3 0.5485690302067029 0.6200865620234379 0.07060516587924912 0.054725174011944586
3 0.33425850434598725 0.5409400034184725 0.06566469473518968 0.09207970364722229
3 0.3253423505324557 0.6656308788934377 0.08263393992586625 0.08622974715020834
3 0.8765824467189243 0.8033595358066327 0.07011409255827132 0.04066267401194459
3 0.9025497243937384 0.9210561820831604 0.060902783665263985 0.045131968464860964
3 0.5746552927357567 0.27175881800736157 0.09473214664195542 0.030307055470833434
0 0.4396355182258033 0.7643067278672573 0.0797619110699257 0.04869337955902786
0 0.7188567044386545 0.4445085998268409 0.1181349303072194 0.07456620174736131
0 0.39084577712666 0.3283685746568753 0.0719494110699257 0.048511541603125076
0 0.10534734217975325 0.8931337105810766 0.09324405771188107 0.0771093202884721
0 0.3792759155007309 0.9135605390376739 0.04911211179556503 0.06515352773541672
0 0.2789138169520098 0.9416166700700522 0.19170140507947586 0.11676665985989558
0 0.538534287378279 0.4668524592498963 0.06978671034428637 0.031287674011944586
0 0.6022446125133553 0.5253202291015283 0.10541667549789598 0.0680252610179167
0 0.7006573198624166 0.5939630859591325 0.05577877404661713 0.0325228656913195
0 0.6334152561600858 0.5908367795383686 0.04042659255827132 0.03997168977951393
0 0.5593478175001639 0.7499195323881602 0.0667708377489479 0.03433993882958344
0 0.6226662730351269 0.7748117360353824 0.044786710344286364 0.030705792553055566
0 0.6636583499843015 0.8756845582237158 0.04791171034428636 0.030778527735416717
0 0.6480631210356937 0.9432350809251394 0.07367560217691818 0.05323540919430556
0 0.7159028962634373 0.8964159387326742 0.05794147477225664 0.04974673328249999
0 0.7918577610542272 0.925505333109341 0.06057540145127884 0.03575696846486096
0 0.7049801989963589 0.31538414427975753 0.06380952885594056 0.03895470364722229
0 0.9517510499921509 0.4522711209127438 0.05399801923729371 0.026236498100139016
0 0.9721813399219416 0.6434780023716328 0.055637320156116846 0.045532011967847376
0 0.9656275885515562 0.8272893047083342 0.048948420688572726 0.06046602773541672
0 0.34578382530471224 0.7145047899876044 0.07340278366526398 0.04542290919430556
0 0.8654390716765153 0.6407322492375007 0.03848214664195524 0.028997822188333446
5 0.500859378311711 0.524609375 0.998281243376578 0.95078125