0 0.6857536410230974 0.5135811828986059 0.08685364474715093 0.1226766335443795
0 0.502346135646414 0.5901078936400163 0.0424443651776464 0.04024456677218975
0 0.5376265101296852 0.5413605050810719 0.03321491439185813 0.043096782132453625
0 0.5876821681114026 0.5578971357224575 0.06126713978475227 0.04235263605166182
0 0.6218345361845332 0.4849309971635131 0.05894266046291676 0.05944920783841656
0 0.4684354385846793 0.18116480265293172 0.24910108767505648 0.1554844365265156
0 0.3697925390800173 0.3811768260098968 0.0541823858558109 0.0577503155185485
0 0.31820646029630095 0.2981884812618885 0.024965766749223038 0.03349446159934022
0 0.30217689185166685 0.22277094411486997 0.04509848428423435 0.06372753087881237
0 0.22904976095825474 0.24836798917944733 0.07100601282028159 0.05043792069139794
0 0.34702701137253955 0.09394961064963284 0.059413541356328814 0.03605717194503919
0 0.20119228060296188 0.17094768283209888 0.28613020678164436 0.17996761097883723
0 0.5592746858940829 0.6870223460681565 0.3162201211735024 0.2229734648980454
0 0.30117754962398724 0.7891915659807669 0.2840968258882322 0.20331418276559177
0 0.19312530107172934 0.7367916431777979 0.04869436517764645 0.040426423198680436
0 0.34142359821902646 0.5447225004622184 0.24321926881613756 0.23021165188677947
0 0.09812747828386907 0.8303036139483382 0.05901543507002258 0.06101170783841638
0 0.19851481430629567 0.6341523764847505 0.1967766083532209 0.17112615690134447
0 0.09270361600170676 0.6802581498417155 0.11730743217453847 0.17349498746358769
0 0.12312305438149822 0.47675506512283705 0.21320643713693718 0.2558648697543259
0 0.2518045184018528 0.36739913400659785 0.23783825599585598 0.18168322367353412
0 0.11319578266987648 0.3643914574427051 0.028090766749222996 0.03358538981258565
0 0.06310158333183027 0.3134343626946969 0.037101893713693726 0.02604567445232169
0 0.0240412373846062 0.3482101794668866 0.01809933664159915 0.05357964106622681
6 0.4469650070293133 0.25767347835889465 0.2218151497095498 0.2061831185006847
6 0.11742951840185285 0.37130904717614843 0.20866017824559707 0.19175690564770315
6 0.5489835411469318 0.5668462383880245 0.2182149607105856 0.16238765439406197
6 0.49517364453775403 0.6544659103330637 0.08278257485477489 0.10227320533113407
6 0.17239542410725864 0.7452179086172042 0.13005998924663303 0.14577916442319178
6 0.26101912241184755 0.6996122404330885 0.15887419396136276 0.1278929824490227
5 0.4561003742738744 0.5 0.9122007485477488 1
0 0.6243323358130296 0.33700196252377707 0.1620420434232434 0.22941001834240007
0 0.5106872127775004 0.3324856102539214 0.12374152274507892 0.21113137978345575