0 0.32109375 0.42109375 0.06796875 0.10703125
0 0.496875 0.3671875 0.03515625 0.0328125
0 0.459375 0.40859375 0.02578125 0.03671875
0 0.415625 0.3890625 0.0515625 0.03515625
0 0.37734375 0.45234375 0.0484375 0.05078125
0 0.484375 0.74453125 0.2140625 0.12265625
0 0.59609375 0.5703125 0.04453125 0.0484375
0 0.634375 0.6515625 0.01953125 0.02890625
0 0.640625 0.721875 0.03515625 0.0546875
0 0.71015625 0.70390625 0.0609375 0.03984375
0 0.5859375 0.83515625 0.05234375 0.028125
0 0.728125 0.77734375 0.24765625 0.140625
0 0.45546875 0.2734375 0.2703125 0.178125
0 0.70234375 0.20390625 0.240625 0.16484375
0 0.79609375 0.2609375 0.04140625 0.0328125
0 0.6390625 0.42421875 0.20078125 0.19375
0 0.8921875 0.184375 0.0484375 0.0515625
0 0.7796875 0.3546875 0.16328125 0.13984375
0 0.90390625 0.32265625 0.1328125 0.15
0 0.86875 0.50546875 0.24609375 0.2171875
0 0.70234375 0.59375 0.2015625 0.14609375
0 0.82890625 0.609375 0.02265625 0.02890625
0 0.86953125 0.66015625 0.03125 0.01953125
0 0.9375 0.6328125 0.06796875 0.04765625
6 0.51171875 0.67578125 0.184375 0.17109375
6 0.82890625 0.60234375 0.17890625 0.159375
6 0.4515625 0.384375 0.18515625 0.13046875
6 0.51015625 0.309375 0.065625 0.0875
6 0.815625 0.25546875 0.10390625 0.1234375
6 0.7296875 0.2890625 0.1328125 0.1046875
5 0.58046875 0.49921875 0.8390625 0.96875
0 0.3578125 0.58828125 0.12734375 0.1984375
0 0.46171875 0.6015625 0.09296875 0.18515625