4 0.7416606137344136 0.8044973691640755 0.161348530602962 0.18548101564384112
4 0.5339893548430734 0.8804815584430876 0.17050520678164424 0.18133954721387227
4 0.3347963376795657 0.7744344977220999 0.19601462903138528 0.19373313140062187
4 0.2360678550479612 0.5020351239316371 0.2255223465663966 0.2250587261107153
4 0.46420997167334965 0.5051091030967113 0.19332627667402047 0.20292612087727804
4 0.6316885701017732 0.48912154009782344 0.17304800992479735 0.1690215577372161
4 0.7980519706398924 0.5807189639447559 0.1139641083532208 0.17181335779368573
4 0.9072428800693519 0.6117575903660546 0.13020553846084476 0.15250191567207594
4 0.9272258560814185 0.3667258114268595 0.11483740363849115 0.19056335779368574
4 0.860228908810287 0.2327218087254364 0.13202490363849115 0.1915644156720761
4 0.7181955742356023 0.10386730858426203 0.1526285020669146 0.19899748407381015
4 0.32738002150673395 0.26453585295553694 0.1967423751024439 0.20935813140062187
4 0.7400019919372294 0.32153295071998916 0.15811221463952715 0.1494525103821694
4 0.5616244348651348 0.3038735558122517 0.18202490363849116 0.19447658404557525
5 0.5 0.5 1 1
4 0.5002460949137667 0.09968330414389796 0.19474322745980874 0.19936660828779593