0 0.6876475292686625 0.5266334260531688 0.07878859621281223 0.11815685775648746
0 0.5169492098886257 0.6035688195398765 0.037709078258831144 0.03790279172311397
0 0.5502838846548567 0.5572769957045869 0.028352258976990542 0.04053646879233561
0 0.5956918334251926 0.571308518205824 0.05491475897699054 0.041928550429541286
0 0.628894697984769 0.5023604443705343 0.05344316256778647 0.05747166327441171
0 0.4928743429913583 0.22659023971169306 0.22582722267624522 0.15397925033868426
0 0.3978487101832133 0.41522004975217275 0.04873748184962743 0.05410100180902226
0 0.35208623740877226 0.3402510272509356 0.0220477168225127 0.030833920171816586
0 0.3391771712501895 0.2705936244919736 0.039398843285945874 0.05985967887824382
0 0.2713493218159235 0.29837446574011783 0.06432612041330898 0.048669873360319825
0 0.38380334913967834 0.1502501469932108 0.05487839754067201 0.03567855042954129
0 0.2467124152982611 0.22776871664462894 0.2618828973442803 0.17617515490666857
0 0.5666997458947834 0.6923956241532894 0.2871101563212708 0.2165478493887445
0 0.32582073672140127 0.7956721896208361 0.2573317527304745 0.1993669934412793
0 0.22631564041039326 0.7516532739715752 0.04552157825883123 0.03831222749876275
0 0.36825717983439643 0.567598099277203 0.21841469847574846 0.22231981456303557
0 0.13697186015977225 0.8422992853915361 0.05345225292686626 0.059034163274411355
0 0.23435487850653658 0.6558903946183616 0.1774624455488821 0.16394074852966192
0 0.11351111338122606 0.7052053991409174 0.14782039734428026 0.17019739258219674
0 0.13351856547121174 0.5173811725466657 0.26232832493918157 0.25273765490666855
0 0.28917314695149676 0.4068487070336905 0.21657948770335986 0.17536292740790582
0 0.16102542105379775 0.4096572037543302 0.025172716822512743 0.0309976944820761
0 0.1162169151018694 0.3643347376755281 0.032948855386194256 0.025157130257724793
0 0.05078735782208118 0.40136774819097765 0.072184072208707 0.056891809135968606
6 0.47218965914994104 0.29800821630594465 0.20109084308955422 0.19798155585660826
6 0.16184757766965602 0.4166475101767653 0.19477721057599678 0.18671650723608924
6 0.5605810352205907 0.5809634791962435 0.19772949375348398 0.15719278154634875
6 0.5079196435336513 0.663435142470655 0.07397383118569749 0.09603619629109836
6 0.20839234220579134 0.7604074762555675 0.11640677088084717 0.1404346494796016
6 0.29096394769018147 0.7146612070336905 0.14443177693097137 0.12472111827193721
5 0.44275266490547766 0.5 0.8855053298109553 1
0 0.6343447463857628 0.36453289575001535 0.14653969847574827 0.21855300542706688
0 0.529625430128984 0.36455058514370875 0.11050220452587264 0.19948210085908266