6 0.296875 0.5640625 0.078125 0.08828125
6 0.32421875 0.49296875 0.0578125 0.09140625
6 0.34609375 0.3640625 0.059375 0.07578125
6 0.3921875 0.49296875 0.0546875 0.04921875
6 0.3453125 0.2515625 0.04375 0.06875
6 0.5828125 0.840625 0.0859375 0.09453125
6 0.6265625 0.9703125 0.0359375 0.059375
6 0.74765625 0.72109375 0.07421875 0.07265625
6 0.740625 0.79609375 0.07890625 0.10078125
6 0.55546875 0.4421875 0.05546875 0.06953125
6 0.69140625 0.4234375 0.06015625 0.08515625
6 0.8109375 0.42734375 0.08125 0.065625
6 0.88359375 0.50390625 0.0453125 0.06796875
6 0.44296875 0.14765625 0.06484375 0.06171875
6 0.51484375 0.22890625 0.053125 0.090625
6 0.62421875 0.221875 0.07890625 0.06875
6 0.69921875 0.23359375 0.0484375 0.08125
6 0.84296875 0.24765625 0.04375 0.09296875
6 0.8625 0.1546875 0.07578125 0.09765625
6 0.66953125 0.11484375 0.05390625 0.06171875
6 0.728125 0.1265625 0.04453125 0.05078125
6 0.5890625 0.06015625 0.0359375 0.06171875
6 0.4875 0.05625 0.0375 0.0390625
6 0.35703125 0.06171875 0.0453125 0.07265625
6 0.9046875 0.62734375 0.08828125 0.1125
6 0.5359375 0.34140625 0.03046875 0.06953125
3 0.61015625 0.47578125 0.053125 0.0671875
3 0.53671875 0.68359375 0.08984375 0.06171875
3 0.659375 0.696875 0.0828125 0.07890625
3 0.7828125 0.159375 0.03828125 0.0671875
3 0.89765625 0.1375 0.0421875 0.059375
3 0.26640625 0.43828125 0.02734375 0.0921875
0 0.75390625 0.5875 0.0453125 0.0765625
0 0.4328125 0.30234375 0.0703125 0.11328125
0 0.3265625 0.62109375 0.046875 0.06875
0 0.88828125 0.921875 0.0734375 0.08828125
0 0.90234375 0.65234375 0.0640625 0.04609375
0 0.9390625 0.75234375 0.121875 0.184375
0 0.45859375 0.48046875 0.02890625 0.0671875
0 0.51484375 0.4203125 0.0640625 0.10078125
0 0.58046875 0.32578125 0.03046875 0.05390625
0 0.57890625 0.39140625 0.03828125 0.03828125
0 0.7375 0.46953125 0.03203125 0.0640625
0 0.76015625 0.40859375 0.0296875 0.0421875
0 0.85859375 0.371875 0.0296875 0.0453125
0 0.92578125 0.3890625 0.05078125 0.0703125
0 0.87734375 0.32109375 0.046875 0.0546875
0 0.9046875 0.246875 0.03359375 0.05859375
0 0.30625 0.3109375 0.0375 0.0609375
0 0.4359375 0.0734375 0.0234375 0.05078125
0 0.6234375 0.04609375 0.0421875 0.08125
0 0.80390625 0.07265625 0.05859375 0.046875
0 0.7078125 0.67890625 0.04296875 0.07109375
0 0.62265625 0.16484375 0.02890625 0.0359375
5 0.5296875 0.5 0.940625 1