6 0.44891902517168986 0.29989701718571193 0.10037668479069169 0.09101450361804461
6 0.523426935247802 0.3351185442095049 0.10417284684397003 0.0693851650834338
6 0.6614070963124974 0.3689690010160528 0.08548651384016441 0.0699650192218769
6 0.5196533364266657 0.40851510063193996 0.05717051285158128 0.06380355042954129
6 0.7840315128144002 0.3761783926937383 0.07853617688202626 0.05244997060135788
6 0.13188012790997797 0.5870540219354103 0.10850751977166348 0.09923643939369349
6 0.011149769734482442 0.6238845573269464 0.022299539468964884 0.041519114653892686
6 0.2503078398495257 0.7741146879233552 0.08306185079830275 0.08698874491161739
6 0.1702210918266921 0.760522499434173 0.11443918479069155 0.09175148801421251
6 0.5647708823586022 0.5886020703287868 0.07904551285158128 0.06494997060135788
6 0.5760055182144266 0.735596579035214 0.09492518083635879 0.07201884215265544
6 0.5644711575302921 0.864956530414695 0.07550401878308044 0.09282930913596843
6 0.476976474716767 0.9370971240376884 0.07703734387822045 0.05393058344622794
6 0.8890453235750844 0.488941743552821 0.07167868182494211 0.0754780348257091
6 0.7976762242596565 0.5600963692879899 0.10235567885919253 0.06305327792830404
6 0.7975568660469798 0.6783107807533792 0.08012785178688589 0.09151247060135788
6 0.7801836822448716 0.7588237963572114 0.09129084486680376 0.05935506784239593
6 0.7558800661235295 0.9133508440732193 0.10353617688202625 0.053760165083433974
6 0.8557381446787108 0.9412888155790883 0.11118685079830257 0.088462713703953
6 0.9110490216744678 0.7367141802329809 0.07123301285158128 0.0645405348257091
6 0.8944398418266921 0.7984771958368131 0.0582236768820259 0.05138543758467105
6 0.9583325399632564 0.652288270576614 0.03284167490485999 0.040700243102595124
6 0.972196063194961 0.5426233435073924 0.017280341901054187 0.04144387155129756
6 0.9669885928524563 0.4014251334214842 0.03953734387822046 0.05196529172311415
6 0.34177380376623984 0.9493476430344522 0.12738485376405234 0.1013047139310956
6 0.6741923033091293 0.5739807276103044 0.07640067391627667 0.03830558344622812
3 0.5241339534994097 0.6444083350281078 0.07579317885919253 0.06166119629109836
3 0.30407080429771255 0.5498859718445532 0.07276102076024671 0.1020405348257091
3 0.28228469311928645 0.6810574067156908 0.08963018577927465 0.09512879353213641
3 0.8561148294694025 0.855187541268829 0.0736576758934433 0.04751680913596843
3 0.8713658032719482 0.9772662220138955 0.06759867688202625 0.045467555972209084
3 0.5868792815974805 0.2765933932595652 0.10127333992388791 0.03649077792830413
0 0.3944570878723594 0.7910642497728574 0.08641234387822046 0.05442190637700648
0 0.723212076540834 0.4661582615315024 0.12655718281352507 0.08303158525525038
0 0.38514568524780207 0.3278715309805219 0.07866351087441492 0.055574970601357875
0 0.03780115855605636 0.91108798620519 0.07560231711211272 0.08632700361804453
0 0.3153068042605315 0.9466314970593238 0.054427514828747636 0.07301477611928178
0 0.20673030030619874 0.952224780924751 0.20563718775644108 0.09555043815049799
0 0.5292246546017237 0.48104519787297806 0.07321200692008212 0.03657930913596861
0 0.5907723082520452 0.5461213212332978 0.11380251482874755 0.07612648801421233
0 0.6885930429290059 0.6240592927391668 0.060775673916276675 0.03748671189493056
0 0.6176266269213948 0.6172084271807632 0.04228034190105419 0.042754066033373485
0 0.5232187578343034 0.782153996493497 0.07021434091247088 0.03954053482570892
0 0.5877932523970959 0.8113745070089466 0.046649506920082115 0.035187227498762755
0 0.6209002296596828 0.9211522987320606 0.051400673916276673 0.0369953889641522
0 0.5984402978347407 0.9809362369961299 0.07885451186299797 0.038127526007740185
0 0.6755094752110585 0.9451530427391669 0.063038510874415 0.05475609905006031
0 0.7531742187852679 0.979294050485312 0.06409167490485963 0.04141189902937583
0 0.7217516887078432 0.3290710193334185 0.06734400889724856 0.04562676051544958
0 0.9627693250579592 0.48575918984391925 0.040081171939110406 0.027047178878243726
0 0.9584306990507855 0.6883076577317437 0.030035009885831698 0.04834896879233561
0 0.9418785745264866 0.8831697783785302 0.04160917984777583 0.06454717887824372
0 0.29890184874677433 0.7343838025772479 0.08009867688202607 0.05253185775648763
0 0.8592756160469799 0.6815453233810045 0.040335839923887916 0.033297178878243724
5 0.4997453320152224 0.50625 0.9994906640304448 0.9875