3 0.7776710659797655 0.4504378324351519 0.05369048439090331 0.063038510874415
3 0.734781672333035 0.5169369243362061 0.0535813569862416 0.05991351087441501
3 0.6631522089935238 0.5128343561611481 0.05492560217691818 0.05372717787060921
3 0.5928124271423585 0.5164806209898958 0.03584821996293321 0.043588173916276673
3 0.6406571609002897 0.5761620271116752 0.041989092558271324 0.04071784190105419
3 0.6315624138955146 0.6131991120926472 0.03406746515360979 0.03727450692008212
3 0.5519121194304774 0.5930404623966583 0.05018353847458741 0.051973676882026254
3 0.6802975250581074 0.6697236847163295 0.05648810217691817 0.053790844866803765
3 0.623638297290626 0.6837344465793276 0.04042659255827132 0.04065417490485963
3 0.7134176261387173 0.21277334775819115 0.04544147477225664 0.050220175893442943
3 0.6068054944728865 0.428534952016535 0.037192465153609786 0.03740184091247105
3 0.5494022222403678 0.41917188087572743 0.04204365626060227 0.04228034190105419
3 0.49252722886378975 0.37234064323301713 0.04086310217691817 0.05315417490485981
3 0.5868055077197303 0.33105245695945085 0.037192465153609786 0.03740184091247105
3 0.547991033580446 0.2585208823586022 0.04656746515360979 0.03778384288963732
3 0.41737595064082134 0.29036774304273677 0.04684028366526398 0.04559634288963732
3 0.44023057496544027 0.5741869861226545 0.05648810217691817 0.053790844866803765
3 0.3933902913001762 0.6197833290122918 0.05158234736759484 0.04734984387822046
3 0.4183059565464532 0.68820040657889 0.04656746515360979 0.03778384288963732
3 0.3413887924813026 0.7014763393924153 0.03077877404661713 0.03245967292769336
3 0.3932141873091594 0.7141872450199032 0.040481156260602266 0.04221667490485963
3 0.404402202370102 0.5725263270351255 0.04667659255827132 0.04090884288963732
5 0.5286978526402544 0.4569947813689253 0.9261955555192642 0.9139895627378506