5 0.5007366099814665 0.5152757232654577 0.998526780037067 0.9694485534690847
0 0.6317138908211416 0.74451723325114 0.1242262176006804 0.20292610001590852
0 0.4391518793883963 0.6912666059436845 0.12900299763774736 0.16081132535008996
0 0.41413946650437206 0.6016773946133206 0.1462847560752678 0.25316245735199916
0 0.37519103919237756 0.4934927246180932 0.05599702885594056 0.038136346674090583
0 0.3177207903735039 0.41444157129218373 0.12509425843752053 0.09360564401654478
0 0.4137302056197808 0.34376489727882065 0.10903772721932725 0.21524428668045398
0 0.694541239918017 0.5069712325748224 0.12943950725639422 0.17331132535009014
0 0.6463492765785059 0.5145661039147311 0.24649803248413776 0.12625560669954403
0 0.5115898414619631 0.43797742659932126 0.06155754809323426 0.06319089067472686
0 0.23262159327606158 0.4842097259707286 0.04902283175849824 0.10677725867281787
6 0.28593016486775874 0.7798034892982288 0.07772818511654282 0.07899770401018139
6 0.5734301648677589 0.776458123925867 0.03283234736759475 0.04567612667090888
6 0.685719344542006 0.7243496365770495 0.11468254809323426 0.0638090560152719
6 0.497423192457755 0.5694456026018666 0.08784722958158006 0.05568747334499946
6 0.2857664406436564 0.528922241963729 0.1165724303072194 0.07320223734881744
6 0.3017932008104574 0.33881486262731997 0.09119048439090331 0.06197383601209037
6 0.29464787812245186 0.44753588196213806 0.0587599303072194 0.07252952800763594
6 0.37455363293177535 0.4528586339513204 0.0982043762235354 0.083921561346272
6 0.3922520205032381 0.265858073281366 0.05541667549789597 0.06624316534054513
6 0.49507940934064515 0.3232791272676848 0.07193454210278442 0.1367192973424541
6 0.43637653193598347 0.32083592727563903 0.0594494110699257 0.047547709341181486
6 0.50291175670824 0.368518901933503 0.06782739546082901 0.1085579346753632
6 0.6689360607919239 0.3556450899109132 0.09820437622353531 0.08392156134627218
6 0.6791245379264332 0.2445439579090042 0.1247668762235353 0.0842306440165446
6 0.7022843072485448 0.5944166885741862 0.14540675843752063 0.0938420013526354
6 0.5766890518062493 0.46691949192395804 0.15899803248413757 0.12523745202099903
6 0.7219469881039184 0.4636661279042317 0.20096727767481415 0.11947834802672616
6 0.3633755415546303 0.33419044995227487 0.06533731252120453 0.08197725334181775
6 0.2897098630615095 0.30612963196213816 0.0837599303072194 0.0728204293443632
6 0.25433041296884223 0.4120529153007742 0.06251984736759483 0.04602157200827239
6 0.4373562556119316 0.7741336499443208 0.13561509618646853 0.12652723201781732
6 0.4513195187739575 0.5473166112746846 0.10076887023308564 0.157359061346272