5 0.5 0.5 1 1
0 0.10138315447455896 0.5691868993475449 0.07854315651766242 0.07278406667727229
0 0.22006549766230893 0.4479033400302259 0.08636474687674198 0.07443747334499946
0 0.2642154734618122 0.37966241736949835 0.10368860226293623 0.09807496801399936
0 0.3114444765850701 0.45365444804263444 0.08333065046753826 0.09002611067790856
0 0.3647785548439013 0.4183351133831795 0.07083065046753827 0.08988066000954494
0 0.34274849785870065 0.579027165380316 0.0910795179539809 0.07917951734563573
0 0.2158905611886131 0.628335727363135 0.08016019867214012 0.08217724801081765
0 0.23017979928475643 0.7238209500318167 0.08475679508134393 0.06660679201145392
0 0.34784454313643637 0.643153300047725 0.08177724082661779 0.09157042934436319
0 0.40566613349551595 0.6422635093889065 0.07526362041330899 0.04618520401018138
0 0.46470531109041724 0.5663828093968608 0.10985678903121965 0.08408519334818117
0 0.5526865792407898 0.6189725547421784 0.08313066256778665 0.05565111067790855
0 0.5228445431364364 0.6451896094048148 0.04558521077238851 0.04740225867281787
0 0.48508092272312736 0.6900657573997242 0.05354315651766228 0.07249316534054522
0 0.28833266686939496 0.800284000039771 0.09884656615858275 0.07145792401336308
0 0.4061923325604395 0.8204066907224521 0.08027837334017515 0.10248974801081764
0 0.47825823010111146 0.7884305320655425 0.0940954336450254 0.06046588001272664
0 0.5170752904059619 0.8310725654041786 0.08019656010845858 0.08842724801081765
0 0.5730712812325797 0.7410930027450419 0.06596134328594587 0.05857611600890866
0 0.4949508264121195 0.7394026860677696 0.05965680113146821 0.04912839067472703
0 0.7017507931364364 0.6472713720957683 0.05516019867214013 0.08188634667409059
0 0.5476637777165382 0.40796232940799654 0.06129202400410509 0.06164657200827239
0 0.35697112090428823 0.2830788660486796 0.09420451795398091 0.07921588001272664
0 0.32304154849918953 0.20611637671067978 0.10694086729005096 0.11998633068109026
0 0.39914550624651596 0.15152942138763387 0.08164088544042354 0.0681329293443631
0 0.5165557200439665 0.11461177140354221 0.08000566256778666 0.05561474801081769
0 0.4829659943426593 0.24782371339908787 0.07071247579950324 0.06956816000954502