5 0.51015625 0.4998818213319546 0.9796875 0.9997636426639092
6 0.9410704275949012 0.18983608720564224 0.11785914481019759 0.09669428134945379
6 0.815416442622016 0.08895593455605054 0.11005677693097127 0.11846019334818114
6 0.9072221475406719 0.0222582358768693 0.06422612646343318 0.028870434675363238
6 0.30746304205628183 0.0706461179583201 0.10694995764913058 0.12154883068109026
6 0.4188141533944044 0.14044899327659352 0.10214428298109546 0.1011817866804539
6 0.5347891322189697 0.19925982459423058 0.11154655405833439 0.10597837468172658
6 0.9582584484757483 0.4693326832034151 0.08348310304850344 0.11818747334499946
6 0.8341493036655511 0.35438093988705066 0.1113192950813442 0.06691587468172652
6 0.5257737222834618 0.39547175326227596 0.11941359621281222 0.11544428134945388
6 0.3464351593463328 0.1889506752864567 0.08959883118569749 0.09322383601209036
6 0.3083003968533009 0.4831642992918656 0.14278746369925477 0.1047795013526354
6 0.4889060231203423 0.6388859459341394 0.13347609621281203 0.11560791335136286
6 0.8198929235878805 0.7241030938892778 0.15218973477649342 0.10957608935390813
6 0.7880515293668582 0.488520129893414 0.15515110831306062 0.08148745202099902
6 0.6691323159621911 0.19222747990932235 0.10526019262201594 0.09965564934754481
6 0.7235465843089555 0.010498684953865758 0.08761817466803504 0.020997369907731517
0 0.6542289577473264 0.04873475529122921 0.06776019262201594 0.09746951058245842
0 0.588803945647078 0.08299847792014003 0.11176472267624522 0.14347837468172658
0 0.41570226805217675 0.011299484643546517 0.15015453610435348 0.022598969287093033
0 0.4895079275949012 0.07087174260027579 0.08323974687674215 0.07440111067790858
0 0.4293214239806639 0.4692552459420936 0.13760103571156995 0.2875192760184536
0 0.6222038155694076 0.4521661012492311 0.048955650467538095 0.08962612133990877
0 0.9837942587805987 0.36668894119991524 0.03241148243880261 0.08164998933799979
0 0.9671243883672898 0.2965673452021424 0.06575122326542057 0.12265679734245412
0 0.7576731620768073 0.3701155752307775 0.19449540944452864 0.13037948535963517
0 0.5261651286047324 0.5970433439290487 0.17750789734428024 0.16455449069063519
0 0.6798310049699697 0.6882303232415952 0.18067939090137272 0.44113517202418073
0 0.8471957669720223 0.7167536705522325 0.2959488251355733 0.11281127204008908
0 0.9623667698988886 0.7716673425366424 0.06148292154477701 0.09445907200827239
0 0.6933652223816577 0.3286735099061407 0.1159442043294808 0.3247647373488175
0 0.5829948280624395 0.1588524532543218 0.1430238130353249 0.1454045013526355
0 0.9594618792921036 0.13806450186986963 0.06641586123992696 0.13670111600890866
0 0.797161867191855 0.17433036055859588 0.22614538524403188 0.19949311203054404