5 0.5 0.5 1 1
0 0.2703645804983264 0.5538681122324786 0.21645222267624523 0.14846154671392994
0 0.3481936229473917 0.3710077996169239 0.17583631303532482 0.1488419799417402
0 0.4411032856133742 0.3635566639609734 0.26658857806243946 0.17335389812585583
0 0.5542527254067198 0.3441965616911178 0.0440954336450254 0.06064799498543509
0 0.6407124001729507 0.30218856960867657 0.10702268052176755 0.13590405925034235
0 0.6983663397699045 0.41087925950040444 0.22574540944452864 0.13467183135366606
0 0.4990804538385015 0.6620683717993898 0.18835449375348415 0.15233069279472175
0 0.498003767168414 0.6112643897460786 0.15303513817089803 0.2575350183424
0 0.591821423980664 0.49135871819675075 0.06913179508134384 0.06762542069139812
0 0.5815595930895541 0.20438991561032607 0.11127384328594588 0.06104045157021041
6 0.2792522045258726 0.20184261097883724 0.08643746974937896 0.08843802586424747
6 0.24577767095560188 0.48988216857982697 0.04866475897699045 0.040471887305303156
6 0.28320092378427225 0.6120443250854599 0.07569995764913058 0.12249477711788863
6 0.46271064090137254 0.4524516794003796 0.06616133118569749 0.09409699247815269
6 0.5294840086824029 0.2489606180384662 0.08508404800821019 0.12433006175762476
6 0.7188146742752515 0.30055552493981064 0.07086701190385654 0.09735838479802066
6 0.6100754785299777 0.2723957695295343 0.07849770472226432 0.06633570533113406
6 0.5949140868430381 0.35162862846330745 0.09592155405833439 0.1074608105039836
6 0.7795617976154267 0.40386839304478384 0.0722386143631848 0.06459134890464338
6 0.7090180143397437 0.4963310261934518 0.14424087939029934 0.08855769780928675
6 0.719614625874258 0.4380555249398107 0.05348861436318479 0.0640457796251713
6 0.6621475595192834 0.4957483529947714 0.1160795179539809 0.08148934389007856
6 0.6537497731203423 0.6634443183550354 0.09279655405833438 0.10736988229073816
6 0.7640651044042356 0.6939932878719344 0.09921018052176755 0.13567673871722902
6 0.41075829722264323 0.6524683997752085 0.11181926483072288 0.1547904515702104
6 0.5538901528052292 0.5504010975844951 0.14473175878059868 0.17293269780928675
6 0.5391151013791735 0.6960402065182683 0.14184310811666875 0.21346676959604133
6 0.7152629482793567 0.36137936467325393 0.08791815651766229 0.0744209899708701
6 0.7531442224798536 0.2937432352855096 0.08176815046753809 0.09142663354437941
6 0.6505050358097659 0.23998408630172402 0.051944295081343836 0.0671253155185485
6 0.26451805971567516 0.35451296991261044 0.14302381303532483 0.14788723370266393
6 0.4905902012062229 0.41108253331958783 0.16786018657189175 0.1204896594086268