3 0.24140625 0.56328125 0.03984375 0.0515625
3 0.26875 0.49375 0.03984375 0.04765625
3 0.3375 0.4875 0.04296875 0.04296875
3 0.40234375 0.47421875 0.02578125 0.03671875
3 0.3453125 0.425 0.0328125 0.03125
3 0.3453125 0.3890625 0.02734375 0.03046875
3 0.42578125 0.396875 0.03984375 0.04140625
3 0.28671875 0.34375 0.04453125 0.04296875
3 0.3375 0.321875 0.03125 0.03125
3 0.3546875 0.775 0.034375 0.040625
3 0.40859375 0.55859375 0.0296875 0.0296875
3 0.465625 0.55859375 0.0328125 0.03203125
3 0.52890625 0.59375 0.03046875 0.04609375
3 0.44921875 0.64609375 0.03125 0.03125
3 0.5015625 0.70859375 0.0390625 0.02734375
3 0.61875 0.66015625 0.03671875 0.03671875
3 0.53515625 0.3984375 0.0453125 0.040625
3 0.5703125 0.34921875 0.04296875 0.03515625
3 0.53125 0.28828125 0.0390625 0.02578125
3 0.6015625 0.26484375 0.0234375 0.02578125
3 0.55 0.2609375 0.03125 0.03203125
3 0.56953125 0.39453125 0.03828125 0.0296875
5 0.47734375 0.52421875 0.7328125 0.71875