5 0.52734375 0.4515625 0.88203125 0.90234375
0 0.5171875 0.8640625 0.059375 0.065625
0 0.4203125 0.7359375 0.059375 0.071875
0 0.3625 0.6859375 0.0796875 0.08515625
0 0.4375 0.6515625 0.07265625 0.0671875
0 0.4125 0.596875 0.07578125 0.05390625
0 0.55859375 0.63984375 0.0625 0.07734375
0 0.5875 0.765625 0.06796875 0.0640625
0 0.678125 0.765625 0.0515625 0.071875
0 0.61953125 0.64375 0.0765625 0.065625
0 0.6265625 0.590625 0.03359375 0.06640625
0 0.5640625 0.525 0.0640625 0.09453125
0 0.625 0.45 0.040625 0.071875
0 0.6453125 0.48125 0.0375 0.0375
0 0.68203125 0.5234375 0.06171875 0.040625
0 0.7578125 0.721875 0.05234375 0.0859375
0 0.7921875 0.615625 0.08671875 0.0609375
0 0.771875 0.54375 0.04296875 0.0828125
0 0.8171875 0.51328125 0.0734375 0.06484375
0 0.74140625 0.4484375 0.04609375 0.05390625
0 0.72890625 0.521875 0.0390625 0.05
0 0.67109375 0.31484375 0.071875 0.0421875
0 0.42734375 0.425 0.05078125 0.04921875
0 0.28515625 0.58515625 0.0625 0.0796875
0 0.20859375 0.60625 0.09921875 0.08515625
0 0.16796875 0.52734375 0.053125 0.06953125
0 0.15 0.4125 0.04140625 0.06953125
0 0.26953125 0.4625 0.05546875 0.0578125