5 0.5 0.5 1 1
6 0.8598685294040948 0.1849913955140285 0.13803076805616712 0.10781511284152785
6 0.7169022686043215 0.11442170953423672 0.11993553248413757 0.1261287017473612
6 0.786145831125526 0.03471733215941038 0.0714583377489479 0.034449041603125063
6 0.23262398312495902 0.18993924145062518 0.12009922359113015 0.13081620174736122
6 0.3490922313108605 0.23565374458475724 0.10996033175849815 0.10872299620027785
6 0.46987595726424336 0.2697404166968407 0.12273315027015244 0.11682643692972228
6 0.929017800370669 0.44384102507305634 0.11675596878180663 0.12449346656500015
6 0.7809920173383771 0.36142530252413263 0.11350199400955034 0.07601959897381949
6 0.4961953766868715 0.4564416361116324 0.12763890507947587 0.12318553970326392
6 0.2899602787711225 0.29448257750666695 0.0986954495445131 0.09909342306201392
6 0.30505696679807215 0.5786582089655559 0.14924108656782167 0.11588218597979179
6 0.5051437576349123 0.6927791796146184 0.14337303248413757 0.12667421561506947
6 0.8328595298674308 0.7121351237625355 0.16045140507947586 0.12394925911805572
6 0.7614285070867581 0.4962360604079173 0.1595238221398514 0.09738675911805572
6 0.5968848905666876 0.2375117577868755 0.11459326805616729 0.10726959897381957
6 0.6114905715068792 0.043162345742778295 0.0957688569862416 0.05999455547083341
0 0.5514236015439461 0.0839860610735074 0.09090279691210786 0.14418771751493062
0 0.2741443389300743 0.05329387984336829 0.2824156851165428 0.08463479882131968
0 0.49985861234371926 0.1500279819513199 0.12544148801910032 0.14967530452090289
0 0.32062746932996095 0.08799684137437527 0.15634425843752045 0.09575152393569457
0 0.31759423856725466 0.06290592239642387 0.04985615626060227 0.04175239532659727
0 0.40505454383206496 0.15564024268489618 0.09022818511654282 0.08016158510611118
0 0.4180852456540127 0.5437584917349656 0.17404765752654666 0.2897560970739585
0 0.5973932889379235 0.49163621333395885 0.05779763103285873 0.0903353656913195
0 0.9456844891154088 0.2800330982113203 0.05405756134007831 0.1620648953265973
0 0.9356348773198437 0.3439137602554174 0.060704376223535306 0.08415810087368066
0 0.911254925413078 0.280795511205348 0.10759922359113006 0.1305252610179167
0 0.7112053069940909 0.3895126285121881 0.20345736061443861 0.1483686840799308
0 0.5333704505560034 0.6457411786646879 0.19199407095872498 0.1777652433504862
0 0.6947419709744235 0.7042290919430562 0.2355357729503087 0.4410653303564587
0 0.8443426668907394 0.6967646969007995 0.2689732332097769 0.14677112290951405
0 0.9589036746952878 0.7299246486481605 0.03625001324684405 0.0992012194147918
0 0.64335560808255 0.3621312045002436 0.15482643157316361 0.3205333183886113
0 0.5075049320364998 0.2221393712939935 0.15685517912609298 0.155090156344514
0 0.629895831125526 0.03108057304135469 0.12458333774894789 0.03568553970326399
0 0.8608878815810129 0.13341071171843824 0.0844345421027846 0.13779224715020838
0 0.7132018605296208 0.19799727573864645 0.24174109981466554 0.21639263867708353