3 0.20153605330912933 0.5335998839301014 0.04760451186299815 0.05704093262955982
3 0.23643231813787696 0.46272827638161945 0.0474771778706093 0.05391593262955983
3 0.30912040163597415 0.46067880682042867 0.05034750988583179 0.047720479707460586
3 0.3798149036131405 0.4500764975676633 0.032841674904859806 0.039607970779006865
3 0.3250438319780414 0.3956032317393507 0.037338173916276675 0.035002291395857824
3 0.3296968398867068 0.35804868466145 0.031024506920082205 0.03333069724005648
3 0.4119681704190545 0.369884437097082 0.0456600098858317 0.047638659090609534
3 0.2740171842592189 0.3067140556026126 0.0519100098858317 0.047747753246410875
3 0.3286874382135516 0.2870231185088259 0.035775673916276673 0.034975017856907445
3 0.29448892137045657 0.7622822171288541 0.04090884288963732 0.045994338473758486
3 0.37621771832815737 0.5383577475676633 0.03414950692008221 0.033385244317957155
3 0.4346204673395742 0.5420224898570256 0.03740184091247105 0.03656479139585791
3 0.4969957919404228 0.5823105247600615 0.036412343878220454 0.050600017856907445
3 0.4082715315602995 0.6330429561718055 0.03571200692008229 0.033412517856907444
3 0.4546889337277463 0.7009338396948698 0.04346083992388792 0.03198638555165907
3 0.5821891926249949 0.6565508198093675 0.043906508897248564 0.04292388555165907
3 0.5256486684418882 0.3772684687537072 0.0519100098858317 0.047747753246410875
3 0.5690285953239143 0.3281082199715232 0.04853034190105419 0.0414432061685102
3 0.5342344426621759 0.2623565349063314 0.04346083992388792 0.031986385551659155
3 0.6108115301146058 0.2415025182672399 0.02770850593149916 0.028588650162155817
3 0.5572236150955778 0.23463095536102657 0.035839340912470874 0.03653751785690744
3 0.5616180019399852 0.3758599273578494 0.043588173916276673 0.03511138555165916
5 0.45167797475394805 0.5065935044675222 0.8515385030401117 0.8189788344099782