5 0.5375 0.496875 0.925 0.99375
6 0.89921875 0.2265625 0.1171875 0.0828125
6 0.771875 0.1375 0.0953125 0.1046875
6 0.85390625 0.0515625 0.05625 0.065625
6 0.2984375 0.13984375 0.09296875 0.10859375
6 0.40390625 0.2 0.0890625 0.0890625
6 0.51484375 0.25 0.1 0.09296875
6 0.9421875 0.484375 0.115625 0.103125
6 0.8 0.38359375 0.1 0.05546875
6 0.51484375 0.43359375 0.10390625 0.10078125
6 0.33984375 0.24765625 0.07890625 0.08125
6 0.315625 0.52265625 0.128125 0.08828125
6 0.49140625 0.6609375 0.11953125 0.1
6 0.80234375 0.72734375 0.1375 0.09375
6 0.76328125 0.51015625 0.14140625 0.06640625
6 0.63984375 0.23828125 0.09296875 0.0859375
6 0.6828125 0.04609375 0.08125 0.0578125
0 0.6203125 0.075 0.05859375 0.14921875
0 0.35703125 0.01484375 0.26953125 0.02890625
0 0.559375 0.140625 0.0953125 0.12734375
0 0.396875 0.05390625 0.13828125 0.065625
0 0.396875 0.0296875 0.04296875 0.03203125
0 0.46796875 0.13203125 0.07421875 0.06328125
0 0.42890625 0.50546875 0.1140625 0.26015625
0 0.60703125 0.48203125 0.040625 0.08046875
0 0.9796875 0.3296875 0.040625 0.15390625
0 0.95078125 0.38984375 0.04375 0.07421875
0 0.93515625 0.325 0.08125 0.1109375
0 0.7296875 0.40078125 0.175 0.1109375
0 0.52421875 0.6203125 0.1578125 0.1421875
0 0.671875 0.7 0.14609375 0.4015625
0 0.846875 0.7203125 0.30625 0.0875
0 0.95625 0.7671875 0.0875 0.084375
0 0.66796875 0.36484375 0.0890625 0.29765625
0 0.5578125 0.21015625 0.1265625 0.12734375
0 0.70390625 0.0265625 0.1125 0.053125
0 0.9078125 0.17734375 0.05625 0.1234375
0 0.7578125 0.2171875 0.20078125 0.1734375