5 0.4671875 0.509375 0.91875 0.98125
0 0.28359375 0.5921875 0.18671875 0.10234375
0 0.32578125 0.40859375 0.14609375 0.11015625
0 0.41015625 0.38359375 0.2328125 0.1171875
0 0.5109375 0.34453125 0.03203125 0.0515625
0 0.58359375 0.2890625 0.08125 0.11171875
0 0.65390625 0.37890625 0.1984375 0.0859375
0 0.5109375 0.64765625 0.1578125 0.11015625
0 0.5015625 0.6015625 0.10546875 0.2234375
0 0.56875 0.4734375 0.05625 0.053125
0 0.5140625 0.21015625 0.09921875 0.03828125
6 0.2359375 0.26484375 0.07109375 0.06875
6 0.25078125 0.5375 0.0421875 0.028125
6 0.30390625 0.64296875 0.05390625 0.1046875
6 0.44375 0.46171875 0.0484375 0.078125
6 0.4734375 0.26171875 0.06171875 0.10546875
6 0.65546875 0.27265625 0.05234375 0.08125
6 0.55078125 0.26796875 0.065625 0.05
6 0.54921875 0.34375 0.075 0.0859375
6 0.72734375 0.35703125 0.059375 0.0484375
6 0.67734375 0.45625 0.12578125 0.0578125
6 0.67734375 0.4 0.04140625 0.053125
6 0.634375 0.4640625 0.09921875 0.05703125
6 0.65234375 0.6203125 0.07421875 0.08671875
6 0.75859375 0.628125 0.07265625 0.1125
6 0.428125 0.65625 0.08125 0.1296875
6 0.54375 0.53515625 0.11015625 0.140625
6 0.55234375 0.67265625 0.10234375 0.18203125
6 0.66171875 0.33046875 0.0734375 0.0546875
6 0.6859375 0.2609375 0.0640625 0.0734375
6 0.5828125 0.2296875 0.03984375 0.05546875
6 0.246875 0.40859375 0.11328125 0.11796875
6 0.46328125 0.41875 0.14375 0.08359375