5 0.5 0.5 1 1
0 0.5632658388807956 0.12857460725654898 0.07480117694751698 0.07897952267663588
0 0.6302061026805132 0.27620303791377665 0.07647277110331849 0.08524770401018138
0 0.6767577743530244 0.3389297572406406 0.10023755357072232 0.10427042401336299
0 0.5936316286550956 0.35786211791854916 0.08894549756436802 0.08383065467854492
0 0.6058628474055074 0.4178638265834129 0.08875458279171564 0.07289315467854482
0 0.4696719772751239 0.34446378393541205 0.07967959172016954 0.08997156667727228
0 0.4696192045469524 0.21324105593573023 0.08417617694751697 0.07908861067790855
0 0.37933512378383166 0.194764323281366 0.06863299756436803 0.08359429734245412
0 0.4098020994341024 0.32875751527691166 0.09204322402541756 0.08230451734563582
0 0.390138435879266 0.38131944127945705 0.04974662986961631 0.07556362133990877
0 0.4379662353927987 0.46043422927277555 0.08625687418757337 0.10879429201145392
0 0.3595451806042603 0.5230529552832751 0.057668224025417644 0.08190452800763595
0 0.34610997200011806 0.4872790872851841 0.04610343262955983 0.045839758672817865
0 0.31965261201600415 0.4368160106222293 0.07280230032431163 0.053961341343090295
0 0.2898089736216759 0.22236315929345637 0.07356595941492108 0.09771134134309048
0 0.2302509671288541 0.32303586863463785 0.10139095048646726 0.08085110534690845
0 0.23439695048976264 0.39875348396722876 0.06254663879807013 0.0928965720082724
0 0.18168500771393303 0.4204563086410012 0.08889095048646731 0.08070565467854482
0 0.24276678368851537 0.5009790552991834 0.058930715096963925 0.06473520934118149
0 0.27213272971075586 0.42955804129536534 0.05103639448011297 0.05995680267345431
0 0.282363297488233 0.6489256592934564 0.0822591209411625 0.05875792934436319
0 0.5513548051988708 0.5872138105904126 0.06353639448011279 0.060102253341817756
0 0.730181008931749 0.4554718198997773 0.08129663879807011 0.09311474801081765
0 0.8122940795486 0.44982979988864147 0.12060460064862326 0.1076317813494537
0 0.8341906245979057 0.5378383298854598 0.06860572402541791 0.08203179734245403
0 0.8251002224071552 0.6558888958864143 0.059203450486467094 0.08036020934118149
0 0.7178156022767714 0.5821524985678227 0.06841480925276536 0.07109429734245402