0 0.6510392834720748 0.20523748548503065 0.06439884328594588 0.059676528371529966
0 0.8663223532448949 0.526261724664478 0.03779089149054791 0.051091138558944496
0 0.5902234615579555 0.45462137153669246 0.05645907825883114 0.03757420783841638
0 0.3912319705349459 0.4213555451310843 0.07689884328594587 0.06004024122451135
0 0.31236208197126436 0.4174014825155298 0.08000566256778666 0.057006169437756785
0 0.4696382507855669 0.504997107746639 0.153552246876742 0.0778929824490227
0 0.35383144360397456 0.5396114516367174 0.0800420240041051 0.06325616943775678
0 0.35488033831597615 0.6278472375300946 0.0659886143631847 0.06440949247815268
0 0.26477348878351437 0.5414216557142102 0.11151928298109545 0.1032279515702104
0 0.17237743140553027 0.4456892700582597 0.05656816256778665 0.05632420783841656
0 0.11231663017586628 0.431033388163233 0.04248748184962738 0.05279003087881229
0 0.05750186514875163 0.45449963189502685 0.047120439695149674 0.04355142319868044
0 0.70244568472518 0.6333564738065481 0.0721658914905479 0.052091348904643196
0 0.7136331695998694 0.5900694750601894 0.06421703610435348 0.02842652837152997
0 0.2675768227978822 0.3280949416075875 0.05497839149054773 0.05159124373179384
0 0.6989177263886784 0.2999218481797275 0.03453862646343318 0.029125210345699058
0 0.6869353559753695 0.3455753289793976 0.03453862646343318 0.029125210345699058
0 0.5195160518188392 0.3902837383880245 0.03457498789975162 0.03537521034569906
0 0.2936085785534188 0.1500237659016246 0.039317030054229284 0.04488660266556703
0 0.3309423476857501 0.8488189670761235 0.0439227168225127 0.030960494985435006
0 0.17389798302797774 0.7213795918450143 0.056604524004105095 0.06257420783841657
0 0.22894403133077557 0.7924218660599092 0.05029089149054773 0.05145485141192587
0 0.2608303564663488 0.6821375839274555 0.059674981849627426 0.053290136051661816
0 0.1336093263139236 0.6647491586172041 0.10652271077238851 0.049966559250342255
0 0.20338147082953348 0.6213197558724948 0.04560339149054773 0.05131845909205772
0 0.39362013056864975 0.6821793848645277 0.03927157825883123 0.03707410266556703
0 0.5634922690341353 0.6186527792959667 0.04393180718159222 0.032522994985435004
0 0.6315928292407899 0.5940188406578801 0.03449317466803503 0.021312710345699058
0 0.4630564526791609 0.5622102141731297 0.056404536104353656 0.028199207838416562
0 0.636489407499621 0.5579449483380121 0.03144998789975162 0.035284282132453625
5 0.5 0.5 1 1