5 0.5 0.5 1 1
4 0.10428573983319897 0.18813915381560373 0.12344247840045361 0.13644778896022586
4 0.23059772477225654 0.04716928043880919 0.17057044954451311 0.09433856087761838
4 0.3920436562606023 0.037938556413391514 0.16846231252120453 0.07587711282678303
4 0.6145734206885726 0.05434105499370462 0.16502977767481433 0.10868210998740924
4 0.07500501151756339 0.37939144521146156 0.12437006134007815 0.16301028896022585
4 0.12922623084752433 0.29792721103977415 0.20767363466105584 0.17851828652459387
4 0.23082845869982377 0.6330777325501297 0.30146332939624554 0.2707251517837136
4 0.510754060876742 0.6797855426169692 0.28701888347992954 0.25954218993316047
4 0.44345245507162667 0.5433764841749827 0.25316967313564315 0.2292819456152035
4 0.5779415277596323 0.43236902597787763 0.22993058057737184 0.18983761606989855
4 0.8351067309323422 0.610804122976348 0.2687946731356433 0.22955468100470675
4 0.9459102446425224 0.4640773530908457 0.10817951071495528 0.17868983603812652
4 0.9264310691446266 0.32140861201929943 0.1471378617107469 0.15585235389503396
4 0.7403671166897066 0.3826303043880919 0.21850200725639404 0.17558420129724625
4 0.7910962590704927 0.2011660702164045 0.18906747840045365 0.13759327759614007
4 0.616944452539738 0.055115486608967035 0.1682093413771451 0.11023097321793407
4 0.33109128729346105 0.12398733035937895 0.1844345421027845 0.1390739569792891
4 0.5500273149682752 0.23742471875370716 0.19262898801910033 0.1501478246740408
4 0.31369300008481804 0.3197225702131092 0.20885418874473985 0.16760806006354417
4 0.422495081210344 0.3014071724865854 0.19010418874473983 0.16728077759614007