0 0.20743459034381734 0.7514851923449651 0.11516869665368965 0.144733231382639
0 0.3004524198875818 0.7672718868741317 0.08787668479069151 0.08790134992375016
0 0.29886735665543973 0.6720866734432637 0.10547536167271768 0.13670252583555573
0 0.19761521585669944 0.5519034196435415 0.13596135771838497 0.11867987765916688
0 0.2667776872249684 0.2911646349742706 0.09058519072219058 0.11606271751493065
0 0.37739153505752165 0.21990527118281217 0.1392136917107738 0.12187761284152784
0 0.309977247491361 0.3994304234432636 0.09833402372599612 0.11468205547083343
0 0.3918148379095404 0.36396374249746494 0.15343270060802236 0.16435605357097235
0 0.48905991102751434 0.41009190045749955 0.12738485376405215 0.0997480397032641
0 0.49288265901316686 0.8143066217721524 0.12090936068413463 0.1323787017473613
0 0.6314066481387519 0.8625960385659022 0.1357013725471326 0.18891964247680554
0 0.6585977727002319 0.2718983033835411 0.20451503954332698 0.19208231648875013
0 0.4945220493547966 0.5442123273192356 0.13669618676785794 0.09840374525034719
0 0.5988156185184378 0.6089086473233676 0.1433918557412186 0.10948671561506948
0 0.7145573181378769 0.45011291594072855 0.22604252965749527 0.1457528303564585
5 0.5 0.5 1 1