5 0.5 0.5 1 1
0 0.5446860845396854 0.35595313433054787 0.05985938936371689 0.11655230032431163
0 0.6025910478491567 0.5165008965054125 0.06356124203690498 0.07291139448011279
0 0.7483270240304591 0.37749471793304246 0.08305469468185844 0.05920345048646727
0 0.886048289956649 0.5237947938248992 0.09029034200867017 0.10303527110331831
0 0.3948794454583173 0.7662576144450455 0.1195984104104042 0.12383869480442442
0 0.2762281559957784 0.7759172122542949 0.06586719468185845 0.058903441558013546
0 0.5019771268448217 0.5655775503210163 0.08957771046687384 0.0640000446422686
0 0.24582510835838312 0.49228650608578467 0.07955026308359248 0.0794341298696164
0 0.34835013985782703 0.41039735227018087 0.08211382096198286 0.09664890340856669
0 0.3859026187405524 0.3430149833576132 0.04629814732681181 0.04451365909060954
0 0.2897171344549808 0.2623495900953163 0.06706567363517095 0.052680715096963926
0 0.4169581137612292 0.6422979630650738 0.10794827886860787 0.0846125535707225
0 0.25224316637794775 0.6237819679363377 0.09913472099021767 0.0672886858759707