5 0.5 0.5 1 1
4 0.8047916490042081 0.1453776931762761 0.14942462504240908 0.1650091655834313
4 0.9321750606222878 0.30316469398705503 0.12146331614940138 0.16920574188232518
4 0.9297345629845406 0.4625942410649557 0.11510418874473985 0.16597164772652384
4 0.8877752083605517 0.6791817232080481 0.13697918874473985 0.16635347727182861
4 0.622780246371803 0.09686055234961116 0.17604168874473985 0.16703531574558708
4 0.6921180342134182 0.17077138514132678 0.19212304573098143 0.22509327759614015
4 0.3549875672457099 0.24384109780595403 0.28057047603820084 0.29846832223840886
4 0.2807588604448027 0.511459245939515 0.26908733901489235 0.2826524074657565
4 0.4201413081752173 0.4599530673671449 0.2383631286706061 0.25244671022569987
4 0.5136680749654403 0.6022963003210163 0.19848217313564334 0.2283273717519414
4 0.31402270591348097 0.8348927917995997 0.23879963828925285 0.2649467102256999
4 0.4465946145363359 0.9510927159077429 0.1755307680561673 0.09781456818451417
4 0.5876561241549828 0.9399018457773591 0.157653787293461 0.12019630844528173
4 0.5462746999230312 0.7654645020252996 0.18403772721932726 0.21714440990138825
4 0.7166665562763007 0.8333219780793122 0.14555558057737183 0.18836484496658024
4 0.8884746128070553 0.6815391099775233 0.14172125244707062 0.16799779788867966
4 0.8391393340359329 0.39300271549741045 0.14533732576804823 0.18211484496658023
4 0.7070187708817561 0.5947270823813833 0.15811014427970277 0.1901455332781829
4 0.6504414217848808 0.35687648051494414 0.17428078130301117 0.20604326866768644
4 0.6576413081752173 0.4640986452875966 0.17368058057737185 0.18885576866768652