5 0.49985452963527777 0.5 0.9997090592705555 1
0 0.38221886075423556 0.6135160829666246 0.03554006933854179 0.11852450692008212
0 0.3620187295796871 0.4418466714076376 0.049928571238402775 0.06603617688202608
0 0.18776165235736064 0.5511937909890208 0.07609102773541672 0.04993101581733086
0 0.08800130775194412 0.3773026462359478 0.07245818787965286 0.09505251482874755
0 0.6212885460684372 0.23459395102795183 0.09938436379145835 0.11175985376405224
0 0.7395839511786804 0.24928650931717805 0.05737739532659738 0.05072951186299814
0 0.47117617724298577 0.41320306517212735 0.08088763050895835 0.05480951680591399
0 0.703931513014687 0.5403080987467743 0.06562630642076392 0.06979784684397003
0 0.5862342135277773 0.6005200399632564 0.06609908510611114 0.09011034684397004
0 0.533344296449687 0.6596523008376713 0.03997168977951375 0.040654174904859806
0 0.6090508516361799 0.7603752010279518 0.06035692496187508 0.044606845855386726
0 0.5708865429343053 0.35450454441188073 0.0953501740119446 0.07257001977166348
0 0.7281165082650343 0.40663609429815006 0.09182513050895835 0.05525518577927464