5 0.5 0.49921875 1 0.9984375
0 0.4843206840781681 0.5890880012428543 0.20680327792830405 0.10938792431665564
0 0.6245661465389255 0.44080455087135073 0.15186347241038015 0.13176803846084476
0 0.6553890213695834 0.3265943476043631 0.09924308344622812 0.07943925103345731
0 0.8778051746943722 0.10243329384203743 0.17259205223856355 0.11091188296032675
0 0.5465142311168074 0.1170802605484792 0.1594369549975255 0.09782968610347989
0 0.14995124886834624 0.39555859491376677 0.26206398801421243 0.1228725355653606
0 0.2626006558111797 0.2736214747737216 0.16503185775648763 0.08562078453190329
0 0.4176466819304615 0.3180884505809005 0.1291762449116174 0.08550946856846853
0 0.408663428312417 0.2213953870986652 0.115025213703953 0.11290672249741007
0 0.5184578301668678 0.17947325269059636 0.08954717887824373 0.04313787799792799
0 0.5129348484842334 0.23846726302967855 0.1178293091359686 0.07718754631872757