0 0.35625 0.771875 0.0609375 0.05625
0 0.1375 0.45625 0.03515625 0.04921875
0 0.41015625 0.5296875 0.05546875 0.0328125
0 0.60625 0.5640625 0.07421875 0.05390625
0 0.684375 0.56875 0.07578125 0.0515625
0 0.528125 0.48125 0.1484375 0.06875
0 0.640625 0.4484375 0.07734375 0.05859375
0 0.6375 0.3625 0.0625 0.059375
0 0.72734375 0.4484375 0.10703125 0.09609375
0 0.8203125 0.54296875 0.053125 0.0515625
0 0.87890625 0.55703125 0.03984375 0.05078125
0 0.9328125 0.53515625 0.04609375 0.0390625
0 0.296875 0.353125 0.06875 0.046875
0 0.28671875 0.3953125 0.0625 0.025
0 0.7296875 0.65703125 0.0515625 0.046875
0 0.3078125 0.67890625 0.0328125 0.02734375
0 0.31796875 0.63515625 0.0328125 0.028125
0 0.48125 0.59296875 0.03359375 0.034375
0 0.70859375 0.83046875 0.03828125 0.04375
0 0.65546875 0.1453125 0.04296875 0.02890625
0 0.8125 0.27265625 0.053125 0.0578125
0 0.75625 0.20234375 0.04765625 0.046875
0 0.728125 0.31015625 0.05625 0.04921875
0 0.853125 0.32890625 0.1046875 0.04453125
0 0.7859375 0.3703125 0.04296875 0.05
0 0.5984375 0.30859375 0.03828125 0.03515625
0 0.4328125 0.36953125 0.04296875 0.0296875
0 0.3671875 0.39140625 0.0328125 0.0203125
0 0.53203125 0.425 0.0546875 0.025
0 0.3625 0.42734375 0.03125 0.034375
5 0.5 0.50234375 1 0.97734375