0 0.35813572862817356 0.18568931528486585 0.1412340540583344 0.10632382001909005
0 0.31016638212077385 0.2667216866247747 0.08485678903121974 0.08379429201145401
0 0.4001646682251273 0.2922387599459116 0.13181360226293642 0.09840223201781732
0 0.5482749152982611 0.23426153325909435 0.11637040944452863 0.12947041868236298
0 0.7670663427949665 0.3731314872295048 0.11142837939029934 0.08566587468172653
0 0.7958958456236369 0.49389797322568685 0.11638859016268803 0.13259541868236296
0 0.6522589542312851 0.380717815245095 0.11148292154477701 0.09504087468172653
0 0.6558793788011241 0.4658377025780041 0.15708631303532491 0.14556813335454438
0 0.5789719660369459 0.5417376785885036 0.0960215480082102 0.12298406134627218
0 0.1978259842855143 0.4297585833068194 0.12722609621281214 0.11553518801718106
0 0.10472594495970697 0.5425682133195461 0.18355790944452863 0.130252216024817
0 0.6480815561014378 0.7370405405792768 0.18393970452587247 0.195877216024817
0 0.45064697813719423 0.50885354793923 0.09137949980360834 0.13074201734563573
0 0.3542128605525557 0.5857620406190476 0.10547836123992678 0.1371556493475449
0 0.4613537157423583 0.7376507099379573 0.1387544695529872 0.21722495735199915
5 0.5 0.5 1 1