0 0.325 0.23203125 0.1234375 0.0828125
0 0.29296875 0.3171875 0.07109375 0.06875
0 0.3828125 0.32734375 0.115625 0.07578125
0 0.51484375 0.2484375 0.09296875 0.10859375
0 0.746875 0.3453125 0.09765625 0.065625
0 0.79375 0.4578125 0.0953125 0.11328125
0 0.6375 0.371875 0.0953125 0.075
0 0.65546875 0.453125 0.1328125 0.11875
0 0.59453125 0.5375 0.075 0.10546875
0 0.2125 0.490625 0.10859375 0.0921875
0 0.14140625 0.6125 0.1640625 0.09609375
0 0.69296875 0.7125 0.15234375 0.1625
0 0.46640625 0.525 0.0703125 0.115625
0 0.38671875 0.61484375 0.08125 0.1203125
0 0.5140625 0.74296875 0.1015625 0.19453125
5 0.5 0.48984375 1 0.94453125