5 0.5 0.5 1 1
0 0.6157917844927037 0.5878837358566481 0.13186147483619665 0.21480790944452863
0 0.4933422658250173 0.4213916483262389 0.144996674511885 0.16176472267624523
0 0.38617860227018086 0.36966604274365295 0.0893273271096728 0.10519656010845857
0 0.20192278449599899 0.10899268403780893 0.1281364569792891 0.1804147287263694
0 0.16078886444504553 0.4381716448101975 0.11382849512873605 0.16627041549465282
0 0.37063283765638905 0.8666819433093871 0.14638762499835228 0.24145222267624505
0 0.26776516192668803 0.7477370214700223 0.1029728157455871 0.17089428298109563
0 0.3371173595737816 0.6027876149523599 0.09924779788867957 0.13650110226293624
0 0.24007871834007952 0.5939762172152963 0.1240296095770769 0.12414654800821019
0 0.2177343396882792 0.47768814188333125 0.05160913879807003 0.09247839149054773
0 0.27427071184725776 0.49376713895646496 0.0896546095770769 0.12394656010845857