5 0.5 0.5 1 1
4 0.0703125 0.30078125 0.13984375 0.11328125
4 0.1890625 0.13515625 0.14453125 0.09296875
4 0.3390625 0.1015625 0.14453125 0.078125
4 0.5515625 0.08984375 0.13984375 0.0984375
4 0.06796875 0.484375 0.13515625 0.13984375
4 0.121875 0.40078125 0.1875 0.13828125
4 0.26953125 0.69921875 0.2421875 0.2140625
4 0.53671875 0.70234375 0.23046875 0.2046875
4 0.45625 0.584375 0.20546875 0.1796875
4 0.5671875 0.46015625 0.18984375 0.1453125
4 0.83125 0.5890625 0.21875 0.17890625
4 0.93984375 0.43203125 0.1203125 0.14921875
4 0.91015625 0.29921875 0.1796875 0.1171875
4 0.7125 0.3890625 0.18125 0.13359375
4 0.7359375 0.21171875 0.1609375 0.1015625
4 0.55390625 0.08828125 0.140625 0.10234375
4 0.2953125 0.20703125 0.15390625 0.10234375
4 0.515625 0.28125 0.16015625 0.11328125
4 0.30546875 0.39296875 0.1734375 0.12734375
4 0.4046875 0.359375 0.1546875 0.1296875