0 0.20393650361423726 0.4036575120741939 0.06759656615858275 0.07226745658477522
0 0.49224606645317037 0.1385626756394559 0.054942030054229464 0.045341243731793844
0 0.4600956000234411 0.4267386255603136 0.042542024004105096 0.06216503087881246
0 0.45421726298401116 0.6312897332404456 0.06767837939029953 0.08632995658477541
0 0.46155706431187105 0.712767053773559 0.06456246974937904 0.08780152837152996
0 0.5281956393492484 0.5404577962517116 0.09625789734428025 0.16527331050398358
0 0.5775547690341354 0.6520688976636373 0.07238406010845858 0.0895913489046432
0 0.6651547629840111 0.6374273876345076 0.07231133723582168 0.07709134890464338
0 0.591884913746137 0.7407820566765528 0.11634313836728971 0.12680184389007837
0 0.5099985886105637 0.8477929231321735 0.06131020472226432 0.06583560015828453
0 0.5041662242473791 0.9101337987589939 0.059656801131468026 0.05016513605166182
0 0.5351162423977517 0.9626055808914475 0.04718407220870695 0.05448892319868044
0 0.6226506630587659 0.28769416059576114 0.05982951795398091 0.0798526360516619
0 0.5773654341360048 0.28168820150370333 0.03477497579950324 0.06975021034569898
0 0.37918038066684556 0.7697551881758683 0.056595433645025485 0.06101170783841638
0 0.29103250351604143 0.34133701999175275 0.03303975897699045 0.04001724623907634
0 0.33788477761834235 0.3466071931904332 0.03303975897699045 0.04001724623907634
0 0.4064933561717612 0.5072240959351425 0.039289758976990365 0.04019910266556703
0 0.19866617887144752 0.7723165838609486 0.0518261204133089 0.04681281551854859
0 0.890250211754347 0.6275679689881736 0.03622839149054755 0.051045674452321596
0 0.7845082301011115 0.8057718738444539 0.06756929508134402 0.0675799565847754
0 0.8466315010801544 0.7380364560560498 0.05657725292686635 0.05788670783841656
0 0.7326371787732516 0.7229988262725942 0.059765885440423536 0.06891513605166182
0 0.7326548386105637 0.8542715583259055 0.06473518657189174 0.11748902837152997
0 0.6806747029737485 0.7902485107540457 0.05811248184962743 0.0532446719450391
0 0.7146598592950191 0.589640756993122 0.042442030054229286 0.04497753087881229
0 0.6265154855620605 0.42923680291562916 0.03778180113146821 0.049528638558944314
0 0.5932898951047851 0.3649780746232415 0.02678066861791084 0.038272889812585656
0 0.5852496152469475 0.5382109861434394 0.033157933645025395 0.060329746239076346
0 0.555789895104785 0.3638869360642972 0.03927157825883114 0.03707410266556703
5 0.5 0.5 1 1