5 0.5 0.48125 1 0.9625
0 0.59765625 0.36484375 0.02890625 0.11328125
0 0.62734375 0.53515625 0.04609375 0.0625
0 0.79296875 0.428125 0.071875 0.0421875
0 0.903125 0.60078125 0.06640625 0.0890625
0 0.3828125 0.73828125 0.0921875 0.103125
0 0.26484375 0.7234375 0.05390625 0.04609375
0 0.52109375 0.5625 0.07734375 0.04765625
0 0.2828125 0.43671875 0.06171875 0.06484375
0 0.396875 0.37734375 0.06015625 0.08515625
0 0.44453125 0.31875 0.0359375 0.0359375
0 0.3640625 0.21953125 0.05703125 0.040625
0 0.425 0.6203125 0.09140625 0.0640625
0 0.2671875 0.56796875 0.08828125 0.04765625