4 0.74765625 0.73359375 0.12265625 0.10625
4 0.16796875 0.640625 0.13359375 0.06875
4 0.4375 0.6640625 0.10703125 0.07109375
4 0.45078125 0.60078125 0.09140625 0.05703125
4 0.396875 0.553125 0.103125 0.0671875
4 0.325 0.4796875 0.11328125 0.06015625
4 0.28359375 0.38671875 0.071875 0.05625
4 0.5609375 0.58046875 0.11796875 0.06875
4 0.6859375 0.60390625 0.078125 0.071875
4 0.884375 0.6109375 0.1453125 0.09375
4 0.484375 0.46640625 0.10703125 0.0453125
4 0.51171875 0.40703125 0.09140625 0.04921875
4 0.50390625 0.34140625 0.10703125 0.03359375
4 0.76875 0.41875 0.13046875 0.07265625
4 0.896875 0.4578125 0.11640625 0.0578125
0 0.54765625 0.69765625 0.0640625 0.05859375
0 0.3453125 0.7484375 0.02890625 0.0296875
0 0.80625 0.70625 0.02265625 0.02890625
0 0.628125 0.665625 0.0171875 0.015625
0 0.60625 0.69296875 0.01953125 0.01171875
0 0.7515625 0.653125 0.01953125 0.01328125
0 0.71015625 0.6671875 0.05546875 0.0203125
0 0.74765625 0.546875 0.01953125 0.0296875
0 0.453125 0.55390625 0.04609375 0.02109375
0 0.42421875 0.4671875 0.02578125 0.02578125
0 0.35078125 0.434375 0.0453125 0.0328125
0 0.06484375 0.58203125 0.0203125 0.025
0 0.63828125 0.54296875 0.03203125 0.03046875
0 0.58671875 0.52109375 0.021875 0.02265625
0 0.6453125 0.51484375 0.0296875 0.01875
0 0.84296875 0.50703125 0.0421875 0.02421875
0 0.74296875 0.47578125 0.03125 0.02265625
0 0.534375 0.5296875 0.03203125 0.0203125
0 0.62109375 0.4953125 0.02578125 0.02421875
0 0.65625 0.40078125 0.028125 0.02421875
0 0.5609375 0.625 0.02265625 0.01640625
4 0.29921875 0.69609375 0.14921875 0.08203125
5 0.509375 0.5734375 0.98125 0.51875