2 0.08046875 0.70703125 0.12109375 0.08828125
2 0.1046875 0.6640625 0.11328125 0.11328125
2 0.32421875 0.68203125 0.140625 0.13046875
2 0.2125 0.55859375 0.0875 0.08046875
2 0.18046875 0.4921875 0.05390625 0.0734375
2 0.06640625 0.33515625 0.0953125 0.0921875
2 0.1515625 0.359375 0.10859375 0.09296875
2 0.23046875 0.15625 0.109375 0.08671875
2 0.63203125 0.28515625 0.10546875 0.0921875
2 0.82265625 0.29375 0.11953125 0.07578125
2 0.85859375 0.35390625 0.096875 0.06328125
2 0.5859375 0.35078125 0.075 0.0515625
2 0.5265625 0.3453125 0.0640625 0.1015625
3 0.0671875 0.5375 0.134375 0.11015625
3 0.328125 0.52890625 0.1484375 0.12890625
3 0.18828125 0.42890625 0.21171875 0.04765625
3 0.27890625 0.453125 0.18515625 0.17265625
3 0.5203125 0.18125 0.1109375 0.1046875
3 0.37890625 0.078125 0.0796875 0.0625
3 0.04609375 0.19296875 0.0921875 0.0609375
3 0.04453125 0.0984375 0.08828125 0.0484375
3 0.21953125 0.01640625 0.0859375 0.0328125
3 0.22421875 0.08359375 0.0796875 0.0359375
1 0.378125 0.12109375 0.0625 0.0734375
1 0.27109375 0.228125 0.06015625 0.065625
1 0.34296875 0.15546875 0.0546875 0.03359375
1 0.34296875 0.19609375 0.04453125 0.03984375
1 0.58125 0.115625 0.06953125 0.04296875
1 0.63125 0.1734375 0.06484375 0.046875
1 0.76015625 0.37265625 0.09921875 0.08203125
1 0.7015625 0.33359375 0.084375 0.04921875
1 0.7890625 0.3203125 0.05703125 0.065625
3 0.721875 0.2765625 0.08046875 0.07421875
3 0.6171875 0.24609375 0.13359375 0.08828125
1 0.90078125 0.42265625 0.04296875 0.0484375
1 0.6 0.496875 0.1015625 0.0984375
1 0.5875 0.42734375 0.09296875 0.06796875
3 0.81875 0.52265625 0.10625 0.084375
1 0.2875 0.62109375 0.12265625 0.09921875
1 0.1015625 0.48984375 0.11171875 0.08359375
1 0.0546875 0.40234375 0.08828125 0.09375
5 0.5 0.5 1 1