4 0.36484375 0.66171875 0.1703125 0.1921875
4 0.2515625 0.52265625 0.15859375 0.1453125
4 0.5359375 0.50859375 0.14140625 0.16484375
4 0.778125 0.43828125 0.1484375 0.134375
4 0.8953125 0.41171875 0.15390625 0.14140625
4 0.796875 0.30234375 0.13046875 0.1125
4 0.66953125 0.32734375 0.1359375 0.1046875
4 0.4765625 0.39140625 0.1546875 0.09375
4 0.4046875 0.34375 0.13515625 0.159375
4 0.25625 0.40625 0.15 0.171875
4 0.1796875 0.28984375 0.12421875 0.140625
4 0.33515625 0.21484375 0.121875 0.10546875
4 0.47109375 0.11875 0.109375 0.07890625
4 0.5734375 0.26875 0.125 0.14921875
4 0.6015625 0.10390625 0.11953125 0.0921875
4 0.66640625 0.1796875 0.103125 0.096875
4 0.7078125 0.21640625 0.10078125 0.0921875
5 0.5 0.5125 1 0.975