4 0.6262376401033515 0.26805017690129146 0.21895836424263582 0.24197321032569966
4 0.7720362681409854 0.38559545071998913 0.1968998257680484 0.19079014192396554
4 0.478933598085385 0.4660766951759686 0.18187502649368792 0.20706758930724706
4 0.24070196650437206 0.5934637607351052 0.18240081614940157 0.177471094568919
4 0.12439740942546318 0.6479909079913299 0.19204863466105584 0.18582962613895013
4 0.2481474226723071 0.7394210028425974 0.161160733209777 0.14972552616718496
4 0.376170729751216 0.6842113161238339 0.1655754146981227 0.14218604195220053
4 0.5641121846532066 0.5738444215690324 0.18249009618646853 0.13537459983059072
4 0.6490427453603126 0.6072568900695885 0.17535220798203355 0.19889106826055974
4 0.7904365824762885 0.5089951533649424 0.19308534500534194 0.21551712613895013
4 0.8934475097882828 0.61181006924878 0.15901787985173216 0.17766851564384112
4 0.7471032778444502 0.7252340743692776 0.14989585099579178 0.13971348933548206
4 0.6248513103285879 0.8560430005646975 0.13167164065150558 0.10902493145709187
4 0.48793660896997626 0.7238891951759685 0.1624156983633867 0.18566302616718494
4 0.4925670891845284 0.9013239504376405 0.14471727767481432 0.12537797355046648
4 0.4096975362819707 0.8372607214137406 0.12758434137714508 0.12593941567207595
4 0.35857898038418823 0.8081416397872399 0.12429565027015244 0.12106990514873246
5 0.5 0.5 1 1