4 0.2621846602221939 0.24773116470399828 0.13895403663473135 0.11873291335136286
4 0.8303913483726918 0.39896223611549464 0.14488313206674697 0.08288632001909005
4 0.5633576566041493 0.3481697060789054 0.11832063206674696 0.08257723734881743
4 0.5405509203989591 0.4104424394095874 0.10179487336031982 0.06520792401336309
4 0.5878077007021124 0.46336799208304164 0.11346935775648763 0.07939769334818117
4 0.6499558186353653 0.5453906987587229 0.12243492198083886 0.0716942813494537
4 0.6777322585948856 0.6418662567631774 0.07983798620519007 0.06339088534372675
4 0.4274777103130509 0.4200708833943153 0.12909435775648764 0.07957950668363552
4 0.30506047772590544 0.3842504673774525 0.08846935775648763 0.0791067920114541
4 0.10711097863041659 0.3577135973504083 0.16033771370395286 0.10961245202099903
4 0.48827801221293027 0.5427276807367696 0.11388543758467104 0.05754087468172671
4 0.45169538105069423 0.5993680320655425 0.1014673247398008 0.05895792401336308
4 0.45055892695767985 0.6658015540658606 0.113230340343633 0.045040874681726704
4 0.19646564846354883 0.5620022026973167 0.14192190637700658 0.08597495735199914
4 0.07334573100526577 0.5097573553469085 0.12547803482570907 0.07016814401654478
0 0.45783799694778227 0.3031651940642698 0.07375176051544959 0.06644316000954502
0 0.6673701272055071 0.27277081142581394 0.032887743102595124 0.031613626670908876
0 0.19931949005037733 0.2688880020289532 0.02655585594746528 0.029978401336727068
0 0.37211185888814136 0.3279646520528158 0.021213258706427318 0.0174238573360908
0 0.39772269052534714 0.30168396272277015 0.022611984396167805 0.01431703866963625
0 0.24628966531057647 0.32728230470240743 0.021049484396167807 0.014298857336090797
0 0.29053098824135504 0.31841638204167994 0.05920458163720586 0.02723520934118149
0 0.23591100802905873 0.43582151070177116 0.023512743102595036 0.031504538669636165
0 0.5318443057450666 0.45724471407540557 0.049829581637205855 0.02712612133990877
0 0.548969850747541 0.5481242527450418 0.027954581637205676 0.02687158267027261
0 0.6180164218692972 0.5880140034213597 0.05204717887824373 0.03964430267345413
0 0.9252667571245474 0.46807641012885776 0.024829581637205677 0.026835220003181705
0 0.34458996721045587 0.4503754540499522 0.03617651741285455 0.03477498933799979
0 0.39319788557325003 0.47751975672340646 0.02474769448207601 0.025272720003181703
0 0.3330006919956852 0.47760102538190685 0.033958920171816585 0.022256808004454242
0 0.1343142085040286 0.4651266553548627 0.04678646879233552 0.028652258672817864
0 0.23062264247065506 0.5068970793682256 0.034204581637205855 0.026944308004454243
0 0.4465276034610744 0.47423167206395167 0.034122694482076096 0.02538180800445424
0 0.3552917718238687 0.4997487453850885 0.027954581637205766 0.02687158267027261
0 0.3067104296712133 0.5914271680458161 0.03116146879233552 0.028470445337363516
0 0.43371774423424886 0.37558508672817903 0.02433825870642714 0.017460220003181703
4 0.706609689620836 0.3295117074315409 0.16132700361804453 0.09869313335454448
5 0.49680640094993966 0.4323805267345423 0.9936128018998793 0.6210110534690847