4 0.6311593076345028 0.702761468933992 0.23819329545304768 0.22830004942915866
4 0.4617450600701348 0.778729766843095 0.18778419236879246 0.20282520555093803
4 0.5191889618538483 0.48867511121560714 0.2031637305182395 0.18939937551288216
4 0.5097220531669806 0.2248208582498576 0.17506600405718978 0.1898158695813831
4 0.5117812053577313 0.10685210824985761 0.18268758928453738 0.17919670456235504
4 0.37701469318286673 0.16859608007523713 0.149684174511885 0.16692219764227278
4 0.3699680320636623 0.30356132908665395 0.1418989480508353 0.1681663626613009
4 0.3858037175358912 0.5160759165390838 0.1343864569792891 0.18503552768032883
4 0.3198826627473528 0.5751524861970166 0.19680463636243814 0.18289470752810466
4 0.3458979176186167 0.7419553256266129 0.21272964529089186 0.20071887749004844
4 0.2082927776027307 0.7871657134596036 0.1746569009729347 0.16637836958138302
4 0.17151730073464394 0.6097609550566465 0.13855575973923262 0.15553902866891214
4 0.10793386201600412 0.445336357718385 0.10851370373287823 0.1340168557412186
4 0.2864776477298191 0.3838125617864484 0.18408644805083538 0.16988537155854946
4 0.12593165990468372 0.31003552768032894 0.12438416558343128 0.14871602570316256
4 0.21895100284266905 0.26613563045579797 0.12564665665497757 0.13159219269935693
4 0.26719363393010137 0.2344837238397269 0.12093188311602728 0.1298386917107738
5 0.5 0.5 1 1