2 0.31604909673462267 0.08661842775102695 0.10302085099579195 0.13411423871722888
2 0.3596527637949981 0.11447665478977335 0.12774803248413757 0.12702916442319184
2 0.32426086770119683 0.34414978292387643 0.14753474282842385 0.15726223370266396
2 0.46183776797134934 0.23397446404011565 0.0908829495445131 0.09942098997087019
2 0.5347767601668011 0.20559706294475905 0.08176092068857237 0.06169366943775678
2 0.7090996922881189 0.09570890056663126 0.10360120435383635 0.10603470282385159
2 0.6770833112552601 0.18393031459411166 0.10565477767481415 0.12014266693047429
2 0.8848561165200705 0.2806929689881736 0.0994593413771451 0.1215233105039836
2 0.7194517942954011 0.6950556826990849 0.10398315027015244 0.11697220282385157
2 0.6960613903970516 0.8945783095795466 0.09041172359113006 0.1306255258642473
2 0.6307166433922765 0.9294330312080167 0.0724057680561673 0.10668792069139812
2 0.6540648964723194 0.6415382261143096 0.06059524881887359 0.08136967194503911
2 0.6640599445655535 0.579265546647423 0.11026786660488845 0.07344952335696497
3 0.49598213339511155 0.08481555001263527 0.1267857332097769 0.1441712003165691
3 0.48565223548721176 0.3582303179593239 0.14624506134007814 0.1650292695960413
3 0.6008283461016505 0.21768553747622293 0.06566967313564316 0.2266821719450392
3 0.5685937102594683 0.3121569515037034 0.1945387176006804 0.20701819279472175
3 0.8374974445655535 0.5843120624825406 0.11982640507947587 0.12367684389007856
3 0.9535366507334885 0.44144626405275095 0.0670635036281972 0.08780152837152996
3 0.8603992974602621 0.08525243685571998 0.07057044954451293 0.0988299565847753
3 0.9595907656090965 0.08892065762626024 0.056344258437520264 0.09373327962517115
3 0.9623362757758975 0.2790371922659963 0.0436260036281972 0.08711956677218975
1 0.9106224644358194 0.4386335011206272 0.08208830290255768 0.07106866943775678
1 0.8060937102594682 0.31906749571035087 0.0726041754978958 0.06767088479802066
1 0.877611556994091 0.39857079077492824 0.039573420688572725 0.06046613855894432
1 0.8339161206964217 0.3957352957894932 0.04544147477225664 0.049710494985435005
1 0.9023659872164922 0.6526732690673158 0.05105655771188111 0.07640938730530315
1 0.8365301668907394 0.7015904906957859 0.05558036660488845 0.07185827962517113
1 0.6179661614484437 0.8242681580884786 0.09282739546082901 0.11040395407749273
1 0.6630356139881817 0.7653621710206024 0.0594146947351895 0.09226170783841656
1 0.6707538555506612 0.8578679197669612 0.07254961179556503 0.06610838479802084
3 0.7216194403043843 0.7897460570722642 0.08436013103285873 0.09142663354437933
3 0.7613491176163788 0.6821979815245859 0.10345736061443862 0.14661423871722903
1 0.5550519552805089 0.9686797361434394 0.05476191106992552 0.048420779625170954
1 0.4982687642583342 0.6463895475053528 0.11012402286549072 0.11402905925034226
1 0.5728421783234848 0.6383928425699301 0.07849207694917482 0.10218227711788863
3 0.45584561816453295 0.875858087159654 0.09622521397248321 0.11830738229073816
1 0.3911953965571374 0.3085592754020291 0.11401291469812272 0.13599498746358768
1 0.5439186363903363 0.12296641937124972 0.0964434687818068 0.12455738229073816
1 0.6385242974602621 0.07879653371529927 0.1065079495445131 0.09987563103709696
5 0.5 0.5 1 1