4 0.2675148677523321 0.691251362506186 0.13466196828879456 0.14569535956550989
4 0.42817674985882564 0.1264507988476616 0.09899748407381015 0.1484994549975256
4 0.37310763118886037 0.39185447082850045 0.09588789462538863 0.12185506784239593
4 0.434674462744774 0.412920565356005 0.0776083314853265 0.1022043091359686
4 0.48828531015629045 0.36466012777133394 0.09092737884037305 0.11692190637700657
4 0.570074365474432 0.30238477781676243 0.0852234104104042 0.12596935775648763
4 0.6670557812876824 0.2722258870435881 0.07191977360693613 0.08477114767057933
4 0.4419625889543113 0.5245983717784402 0.09652493145709151 0.13279256784239593
4 0.4043477388413718 0.6456821556996382 0.08956229991529555 0.09348440637700647
4 0.37427164391951695 0.8423834153105766 0.12647003669052861 0.16551653663473118
4 0.5645131521649607 0.46253770579049514 0.06905237884037305 0.11577548620519007
4 0.6205580258142491 0.49643134893851865 0.07135833148532651 0.10187676051544958
4 0.6864105389684287 0.49689833842306913 0.05802387357870131 0.11363977611928178
4 0.5789598729434168 0.7509417865231898 0.10203147881213823 0.147100729307785
4 0.5249842754613132 0.8736666355732501 0.08375191567207611 0.12744997060135788
0 0.3267247258283665 0.4969414405253471 0.0745897472985769 0.07712242198083885
0 0.29977727602601056 0.2899068684990798 0.03628611049510884 0.034614017412854456
0 0.28834257821920606 0.7528506037997588 0.03279708944842143 0.028200243102595123
0 0.34965326258948226 0.5811559882413551 0.019933068401734033 0.021295145861557074
0 0.32466867314106085 0.5558217955683012 0.016808068401734034 0.021131371551297563
0 0.34746767826155833 0.7050848111721335 0.016808068401734034 0.021131371551297563
0 0.3387150335655825 0.6624436097926525 0.03314569994353027 0.06093085594746519
0 0.4538009782474409 0.7144011782008752 0.03417757892507787 0.025157130257724702
0 0.48057849694564114 0.42070208785724217 0.032599668373499216 0.05155585594746537
0 0.5704299522214303 0.4026713828597166 0.03141659997176518 0.031243355947465367
0 0.6118292259695408 0.3331091553609538 0.04353716837349921 0.05212906603337357
0 0.4978529420510225 0.031113965401433536 0.029581084186749606 0.026473968792335534
0 0.47022336782291924 0.6061825644514938 0.03803062101845249 0.03782090456798422
0 0.49796195997276377 0.5577107649264637 0.026456084186749607 0.0263101944820761
0 0.4974684072854581 0.6165092328142882 0.025348610495108836 0.034040807326946164
0 0.48232706762527516 0.8139950644514938 0.03388915258848364 0.04695024310259512
0 0.5253497545558001 0.7184878126424715 0.028564615756780754 0.03576708163720586
0 0.4956490310759209 0.5045448213488989 0.027002115756780753 0.0356851944820761
0 0.5197228388837241 0.5949684254873417 0.03141659997176518 0.03124335594746519
0 0.6093992598880591 0.6412049383776406 0.031598610495108835 0.03436835594746519
0 0.39775756264595197 0.5190787121220731 0.020206084186749608 0.025982645861557074
4 0.3570136523767221 0.2500764066041492 0.11571454721387227 0.16806832654882314
5 0.4541216837349917 0.49778904681149666 0.7394933674699834 0.9955780936229933