2 0.40728639448011295 0.054351216218193735 0.12394778896022593 0.10870243243638747
2 0.4482795872559425 0.0715201642585896 0.14943871266133205 0.1430403285171792
2 0.3803592504037418 0.29611986441055654 0.17503873051823948 0.18625105172849493
2 0.5350819322225228 0.2040734537482884 0.10818642126547413 0.11402905925034235
2 0.612125673294069 0.18463548047046568 0.0919341298696164 0.07763691818411553
2 0.8044438124991761 0.09696668124925326 0.12246710957707663 0.12693823620994643
2 0.7597955600635442 0.18112037239462234 0.12581029788867948 0.1395291644231918
2 0.9476443875802542 0.3084317154932779 0.10471122483949173 0.1406824874635877
2 0.7306645823813833 0.706452993006878 0.12578302434972918 0.13796666442319178
2 0.6786595718280765 0.9065044687919832 0.11032166558343129 0.14688702335696496
2 0.6055629910649557 0.9281725318032492 0.09253414772652384 0.11201191818411545
2 0.6701577305149442 0.64333687905854 0.07504663879807012 0.09432431301126591
2 0.690969062495881 0.5817628815658223 0.12348413879807012 0.09573370031656907
3 0.5896312901780418 0.06984217240725762 0.14801258035608367 0.13968434481451525
3 0.5412246124164506 0.33208479348173175 0.17514782467404083 0.19250105172849494
3 0.6781461396088491 0.2053822379923131 0.10565353084255094 0.2373301669304743
3 0.6312768680984935 0.2966353752976162 0.2306808043815014 0.2425297954602888
3 0.8649793068138381 0.6095288657307047 0.1384193920444808 0.14614287727617317
3 0.9805989837646504 0.48095993336082427 0.038802032470699285 0.09511392319868044
3 0.9577949090906095 0.11123846674691915 0.08441018181878093 0.1055800617576248
1 0.9563393234562249 0.4723123590667872 0.08732135308755033 0.08710284639736088
1 0.8711439374975285 0.335773116984346 0.08420345048646709 0.08209709765100212
1 0.932155349834549 0.42779548093268416 0.0511454886359143 0.06707985141192588
1 0.8890093218313717 0.4188894938648079 0.05410684740221221 0.05779577962517113
1 0.9203037808392558 0.6892103540522223 0.06397277110331814 0.08619356426490725
1 0.8483157325435389 0.729605685010177 0.06545345048646709 0.08155152837152997
1 0.6092044139552829 0.8233259074300697 0.1115568831160271 0.12818248746358768
1 0.6629918871699216 0.770172163698276 0.07362050649282174 0.10209134890464337
1 0.6576243230458925 0.8656892521780779 0.08414890340856651 0.07897209765100185
3 0.7182794050268292 0.8029559199664821 0.09867505357072233 0.1059437746106063
3 0.775100374995057 0.6996885159681316 0.12939894805083546 0.16618259263643723
1 0.523255051535537 0.9594883794542513 0.06340002678536116 0.053381064264907255
1 0.5127582877391145 0.6268122717741195 0.1304159772718286 0.13497805674305993
1 0.5894026083559656 0.629272030549608 0.0957409683433749 0.11679034639736088
3 0.43699817734796353 0.854130941211876 0.1163807508107789 0.13613137978345585
1 0.4525927605500115 0.26978703345260185 0.1354853068171334 0.15698944906292792
1 0.633336425729701 0.10116375092443683 0.11802507142762994 0.14086434389007838
1 0.7359568652591197 0.06925686988733988 0.12235801542127547 0.12068823620994644
5 0.5 0.5 1 1