3 0.18998998358829516 0.71171875 0.1631795901960187 0.1984375
3 0.26330345409938244 0.871875 0.21966769237293696 0.25
3 0.44348202742036014 0.8578125 0.1648512176006804 0.2015625
3 0.5392955244251352 0.82109375 0.09277283175849824 0.10625
3 0.6153545382201333 0.925 0.10107640507947586 0.1203125
3 0.619439381411377 0.76328125 0.17976688947037936 0.18125
3 0.34853660436953493 0.7578125 0.24470240870767296 0.20625
3 0.24825884057453687 0.65390625 0.15690974282842393 0.153125
3 0.08353168557987894 0.44921875 0.05018353847458738 0.05
3 0.1686234481937507 0.4734375 0.15663692431676962 0.1453125
3 0.21687000835270248 0.2328125 0.07551092068857254 0.059375
3 0.2827132300449161 0.47265625 0.1111954495445131 0.096875
3 0.3792509241471336 0.5046875 0.13712303248413765 0.1234375
3 0.4277206512816428 0.615625 0.1834375264936879 0.196875
3 0.5617062708817562 0.58203125 0.1219146947351895 0.090625
3 0.33879459365457976 0.365625 0.19101192431676955 0.1453125
3 0.3112846964644701 0.19140625 0.1072718413771451 0.11875
3 0.42244045127379354 0.18515625 0.15976192431676955 0.1453125
3 0.4772618713293939 0.2484375 0.19246529691210784 0.1421875
3 0.5523933021847676 0.37890625 0.1620337524470706 0.165625
3 0.6340277373013102 0.30078125 0.19838791469812272 0.1328125
3 0.6817360618034143 0.36640625 0.147480179126093 0.1515625
3 0.6567509307705556 0.45546875 0.07115080290255768 0.06875
3 0.6296849445655536 0.559375 0.0906646947351895 0.090625
3 0.7023114235141614 0.62734375 0.2097073606144388 0.14375
3 0.7287350250581074 0.6984375 0.12758434137714508 0.11875
3 0.7633704638028472 0.534375 0.10692461179556503 0.0640625
3 0.778080293747247 0.47109375 0.12191469473518968 0.090625
5 0.4996453359348495 0.51015625 0.999290671869699 0.9796875