3 0.79609375 0.559375 0.28203125 0.1578125
3 0.53984375 0.65625 0.13046875 0.06015625
3 0.4671875 0.60859375 0.09765625 0.06796875
3 0.08125 0.79453125 0.1625 0.221875
3 0.25625 0.6890625 0.16328125 0.17421875
3 0.03984375 0.6015625 0.0796875 0.059375
3 0.1109375 0.54921875 0.090625 0.06953125
3 0.3125 0.53203125 0.08828125 0.1390625
3 0.5359375 0.58046875 0.1265625 0.1
3 0.93515625 0.534375 0.1296875 0.13828125
3 0.3 0.43359375 0.125 0.09765625
3 0.5453125 0.48125 0.1625 0.13359375
3 0.6328125 0.3625 0.08203125 0.05546875
3 0.64296875 0.459375 0.08671875 0.11171875
3 0.6140625 0.146875 0.0421875 0.03828125
3 0.6640625 0.2 0.1015625 0.0765625
3 0.74765625 0.28046875 0.09375 0.06875
3 0.83515625 0.24453125 0.12578125 0.0609375
3 0.90546875 0.29453125 0.18828125 0.06796875
3 0.871875 0.3515625 0.08671875 0.0671875
3 0.88984375 0.409375 0.134375 0.09453125
3 0.9453125 0.3671875 0.109375 0.10078125
5 0.5 0.54140625 1 0.91640625