2 0.836781101733683 0.6515835773404834 0.0886687018192454 0.09611732878371626
2 0.7879348409803162 0.7963545758927413 0.0882320541766104 0.08674232878371627
2 0.7978642667447138 0.9423027766785296 0.07867296360606986 0.048878455748187125
2 0.7273869468523376 0.9252287466947404 0.0633776033908223 0.08870293507002244
2 0.6170102189782443 0.8920053318885973 0.06933650496239885 0.0827440334984459
2 0.5875302725356821 0.7297429263880794 0.06719180810555195 0.07017125889134021
2 0.5989878492524838 0.622728793013468 0.07104455417661057 0.08594180810555194
2 0.7230010839510028 0.5284800252307876 0.07522263192686936 0.07522263192686936
2 0.6324616670779453 0.4504877659251626 0.07565927956950454 0.08459763192686935
2 0.5986902886657326 0.5154792191921503 0.06094180810555194 0.06988016046291676
2 0.819257499790603 0.5106867495902245 0.0790026033908223 0.08943068114108108
2 0.7742231739023708 0.31704806555365916 0.06723034946188058 0.10447348428423427
2 0.8272475124059969 0.16112124318008364 0.0705008986760923 0.107744033498446
2 0.8381207382131757 0.022612207714912326 0.06116013192686935 0.04522441542982465
2 0.7567979636060699 0.025058715365652795 0.07544095574818695 0.05011743073130559
2 0.7453618116202085 0.16806691005314117 0.08594180810555194 0.07104455417661049
2 0.6754153387085138 0.2128207919800106 0.06406680810555195 0.07002570967712848
2 0.595687143299409 0.1484179977281976 0.06264985731976366 0.07307793507002258
2 0.622420925350113 0.26852929053226854 0.07260705417661058 0.08601458271265772
2 0.5412779332079958 0.24099079549466723 0.06319351282028159 0.05127570967712849
2 0.5213508467712844 0.586414611458102 0.06889985731976367 0.0733690334984459
2 0.5051522661255413 0.709308455957584 0.05937930810555194 0.0698073858558109
2 0.4512503242310931 0.7791522291169478 0.05567211124870504 0.057161836641599
2 0.4497863316746912 0.8990109648489242 0.0698073858558109 0.05937930810555194
2 0.2217191437091845 0.9613077193970382 0.06282963978475227 0.04346320967712849
2 0.28634456988786694 0.9536000732021449 0.049422111248705033 0.056870738213175544
2 0.3633907593011157 0.8427481563290875 0.08899403349844599 0.06962760339082194
2 0.3845529758026697 0.7759951499189468 0.05352741439185813 0.04458906203449331
2 0.40572800082406035 0.6254664569910412 0.06675516046291677 0.060796258891340216
2 0.3591077119489309 0.633118445204217 0.044734611248705036 0.05665241439185813
2 0.2918538995001528 0.7356848271310865 0.05240156203449331 0.05389128742738745
2 0.2553428188544096 0.8595247415229446 0.05127570967712849 0.06319351282028159
2 0.19578372828386909 0.8247174019858614 0.05069351282028158 0.05069351282028158
2 0.2178556273742463 0.7774956455757206 0.07278683664159917 0.05639985731976367
2 0.08045413481784437 0.9036857721259064 0.05410961124870502 0.05708906203449331
2 0.06591429176610442 0.8268514443756475 0.028236315963434722 0.0371746683207995
2 0.13734414370918452 0.9652375481807545 0.04960189371369372 0.027256012820281582
2 0.1611626333701023 0.9555157917706136 0.04371576674922299 0.03477741439185813
2 0.14695662241184754 0.7009374536812725 0.05396406203449331 0.05396406203449331
2 0.08620105892961219 0.7076819133584008 0.05708906203449331 0.05410961124870504
2 0.11715349834286096 0.5989768473949661 0.049422111248705033 0.05687073821317572
2 0.08687733932768629 0.4868599911086598 0.06319351282028159 0.05127570967712849
2 0.2543667080199894 0.6536557311838624 0.06341183664159918 0.05596320967712849
2 0.267151344290085 0.558323960505698 0.04785961124870504 0.056797963606069854
2 0.31726266025351973 0.5920054476854164 0.04680653349844599 0.067662688998964
2 0.39752589495203877 0.4997943689017001 0.05410961124870504 0.05708906203449331
2 0.4343024569865321 0.5497558275453712 0.06006851282028158 0.05113016046291676
2 0.4417231970617347 0.38968946877786553 0.022786836641599174 0.05407106989237613
2 0.3869629224546288 0.39067408002657056 0.05738016046291676 0.060359611248705036
2 0.4401178475998539 0.28798141956365386 0.05156680810555194 0.06944351282028158
2 0.4445356739023708 0.3324035076529951 0.02220463978475227 0.041571069892376133
2 0.4298823608344202 0.18589238068852437 0.06562930810555194 0.0700984842842343
2 0.3819350124059968 0.181862006205253 0.051421258891340124 0.06631851282028159
2 0.42109590405277597 0.02464247332597954 0.07344180810555194 0.04928494665195908
2 0.1062328833746115 0.014477722911694779 0.046840766749222995 0.028955445823389558
2 0.21762630169541106 0.032925854219391676 0.06348461124870504 0.05752570967712843
2 0.17849102708830522 0.03318271939703812 0.031943512820281586 0.04982021753501129
2 0.1264641083532209 0.16009412985995483 0.049713209677128445 0.06312073821317572
2 0.23943714329940896 0.1650106081483331 0.057234611248705033 0.05723461124870499
2 0.30989303846084476 0.13119422622146368 0.05410961124870504 0.05708906203449331
2 0.3200620969806814 0.04694550475751095 0.04070208271265772 0.07049659057054058
2 0.2810275996667685 0.48642968982753354 0.04429796360606986 0.04727741439185813
2 0.2750472733642516 0.4420803763452982 0.04509848428423435 0.06446491439185813
2 0.2614149588485589 0.3511107739879333 0.05410961124870504 0.05708906203449331
2 0.2076521040099947 0.32307997332597954 0.05432793507002254 0.06177656203449331
2 0.15782338606069865 0.4467572218782375 0.06006851282028158 0.05113016046291676
2 0.07518636042013549 0.35352095223353036 0.051275709677128446 0.06319351282028159
2 0.19719829342324346 0.21630343445085004 0.051202935070022625 0.061631012820281585
2 0.15866233229837295 0.21261766232494353 0.04160961124870499 0.0565068651776464
5 0.5 0.5 1 1