3 0.16739642908774774 0.3967028184215423 0.3347928581754955 0.23767246239076306
3 0.45614659334674795 0.36134094609342704 0.1537563527754692 0.09655205423577744
3 0.5175350795065835 0.42882997446495696 0.1193813527754692 0.09555184389007838
3 0.9219917692401909 0.33109378576036336 0.14200972235685222 0.2678814849563052
3 0.7557500039171516 0.39899903661829317 0.21659854547482596 0.22167172618081654
3 0.9439291417501423 0.5413553358395056 0.07343218281352507 0.07860838479802065
3 0.8696493833471856 0.5790850048815509 0.1147575197716634 0.09697795157021041
3 0.6574186387843929 0.547097904327555 0.12849636760421673 0.16604620031656908
3 0.4395864930427368 0.4414232511871342 0.15847302768032884 0.1357054824490227
3 0.051477633878658044 0.3938696719450392 0.10295526775731609 0.16586434389007837
3 0.6445592000393686 0.6515353517411302 0.15678319368794008 0.13253501834239997
3 0.4034805552862957 0.5404912370013693 0.20556820357377176 0.18077394154108042
3 0.28362170003936865 0.6410331431112908 0.10155718281352515 0.07942673871722902
3 0.29797997178819846 0.5382036598043383 0.12116402866891204 0.13930184389007838
3 0.24538823509689028 0.8690983071387712 0.053536176882026165 0.04993781551854859
3 0.2066878324351519 0.8014872583132702 0.12601335475263548 0.10510870031656908
3 0.14288927068588456 0.6971658196751835 0.11625635277546911 0.09546091567683312
3 0.05834576330869181 0.7122475989046434 0.11669152661738362 0.09637019780928675
3 0.04565210372687122 0.6493384219450392 0.09130420745374244 0.10492684389007838
3 0.04393640066598149 0.5930884219450393 0.08787280133196299 0.09210859514371954
3 0.056951701065132865 0.530057224531464 0.11390340213026573 0.13198944906292792
3 0.016248446616508577 0.5663978898125855 0.03249689323301715 0.12029577962517113
5 0.5 0.5 1 1