3 0.17421875 0.646875 0.11953125 0.171875
3 0.21875 0.8140625 0.165625 0.2140625
3 0.39140625 0.83359375 0.12109375 0.17421875
3 0.4875 0.81640625 0.0703125 0.0890625
3 0.54375 0.92890625 0.07421875 0.10390625
3 0.571875 0.77578125 0.140625 0.15
3 0.3171875 0.7203125 0.20234375 0.1625
3 0.23828125 0.60390625 0.1234375 0.12578125
3 0.1125 0.378125 0.03984375 0.0421875
3 0.18984375 0.4171875 0.125 0.11953125
3 0.271875 0.196875 0.0640625 0.046875
3 0.29765625 0.4375 0.09140625 0.078125
3 0.38359375 0.4859375 0.1109375 0.1
3 0.41328125 0.6 0.140625 0.165625
3 0.54453125 0.59296875 0.10234375 0.06953125
3 0.36640625 0.34609375 0.1609375 0.11171875
3 0.3671875 0.175 0.08046875 0.10078125
3 0.4734375 0.1890625 0.12890625 0.11640625
3 0.515625 0.26015625 0.1625 0.109375
3 0.5671875 0.39765625 0.12578125 0.13828125
3 0.65546875 0.33828125 0.1703125 0.09609375
3 0.690625 0.41015625 0.11328125 0.1265625
3 0.65390625 0.4890625 0.0578125 0.05546875
3 0.6125 0.58359375 0.07109375 0.07578125
3 0.67109375 0.66171875 0.18125 0.10625
3 0.6859375 0.73359375 0.1015625 0.09609375
3 0.74296875 0.584375 0.09375 0.0453125
3 0.765625 0.52734375 0.10234375 0.0703125
5 0.45390625 0.5546875 0.9078125 0.8875