5 0.5339439184790692 0.3970698689125677 0.9321121630418616 0.7941397378251354
4 0.6274206403416297 0.25955308888409084 0.07145318874502422 0.10586026217486459
4 0.6885372124710204 0.2053235105566021 0.08408052273741298 0.10920345048646736
4 0.7921224688968109 0.23400584375535485 0.10257585475263546 0.10328073295387137
4 0.5363844634596036 0.21267018060426027 0.12145318874502423 0.10673301542127547
4 0.46109530338349136 0.2452565840128269 0.1056371877564409 0.10177278003177212
4 0.38566422186256055 0.2551731006519184 0.09932352076024671 0.1001011858759707
4 0.5347038997331699 0.30573438799058644 0.12132585475263546 0.10360801542127547
4 0.4730461581361268 0.3466827163180752 0.1068813527754692 0.0939875535707225
4 0.5476124180219586 0.3922894967568844 0.1081891847906915 0.08776482710967279
4 0.6871869125847512 0.3640536282513538 0.1086985207602467 0.1002648271096728
4 0.7125423982502952 0.2955939545502477 0.11482118676785795 0.09724892126547413
4 0.8324556502274614 0.30288252882054667 0.12237901878308044 0.09113528896022585
4 0.8096839950942651 0.3580064054437521 0.12043451680591381 0.08173301542127547
4 0.9133965855124446 0.38981373864250485 0.10149351581733086 0.07671823295387145
4 0.8983883508354837 0.4627836343404338 0.11105951680591382 0.08156937418757337
4 0.8261432777175098 0.512516627440575 0.11093218281352506 0.07844437418757337
4 0.7483167080595772 0.5787649646965174 0.10755251482874754 0.07213982710967279
4 0.8060628824701453 0.6145018672943052 0.1043001808363588 0.06896028003177204
4 0.7837541423559772 0.6617996071480354 0.09948534684397004 0.06575345941492117
4 0.7056463884016444 0.6443996473260774 0.09636034684397003 0.06569891233702041
4 0.6487862347513229 0.7071547918061902 0.07993685079830275 0.08414890340856669
4 0.5214743182494201 0.7101588352306429 0.08274351581733086 0.07639095048646745
4 0.5823799847513229 0.7083139172115797 0.07566584486680376 0.05596935633066593
4 0.5710313078692968 0.6600400584452817 0.10092051285158128 0.06265573295387128
4 0.5854638809872706 0.611316186286303 0.08118101581733086 0.07636367694751697
4 0.641314632964437 0.619722975653566 0.10104784684397003 0.06578073295387128
4 0.6455763686299809 0.5516314947282895 0.11131418479069151 0.08781937418757338
4 0.4088469842570313 0.7089975300350673 0.09479784684397004 0.06567163879807011
4 0.34737097338261635 0.6584714245151803 0.09317167984777566 0.06408186525911966
4 0.3296767960062986 0.6079629099046837 0.09116351087441492 0.05311709172016936
4 0.30466486714710617 0.5505458762194636 0.1014298488211364 0.07515573295387146
4 0.27424785528410806 0.49478679992056984 0.10461851581733086 0.07677278003177221
4 0.3241722594287212 0.4344981363657333 0.10767984882113639 0.07526482710967279
4 0.37107643433358095 0.47276970373617344 0.11125051779449713 0.08625687418757337
4 0.40555886368706506 0.5323668461876915 0.11118685079830275 0.08469437418757338
4 0.42592971349678466 0.6101918372592378 0.09881418479069151 0.0876011858759707
4 0.4296078118236294 0.6812719504897626 0.10092051285158128 0.06265573295387146
4 0.4967661369187697 0.6410094147759476 0.07904551285158128 0.062273903408566686
4 0.43034666357333434 0.3732276254086847 0.060613847832553344 0.06975912094116268
4 0.6079941611018764 0.358399691968346 0.030382519771663397 0.09421365016215581
4 0.7973869249420409 0.4207655040637803 0.09508700692008212 0.03444891233702041
4 0.5098988538012333 0.4836372455390684 0.0971588428896375 0.0469761858759707