6 0.51450141749223 0.32231606393223033 0.18627575599585597 0.17707267202418073
6 0.698266449542934 0.4413371419080496 0.16966614474715094 0.12222154002227156
6 0.567690691685051 0.4741234645926397 0.14415672249741007 0.11099313868554468
6 0.43089701302516936 0.44053989994432075 0.10629284946188075 0.10274428668045399
6 0.31637213254604196 0.31445975262572917 0.1577825748547749 0.10178177068745357
6 0.23994021918764113 0.36850290996977414 0.14648120181924557 0.0938420013526355
6 0.3451693364322022 0.5970904392902747 0.11472177956950454 0.0825408746817267
6 0.4570700229499668 0.5996967239417754 0.15535108767505648 0.1501647266868172
6 0.622622248342861 0.5962070025859582 0.1626541654253156 0.13931813335454457
6 0.8228106470189533 0.6986218358927777 0.12704199710451575 0.11235564401654478
6 0.748127478283869 0.8237769245703681 0.1898716368892682 0.153689716024817
6 0.6364515777457498 0.9266939339195037 0.11715757485477489 0.10130905601527189
6 0.516130461534646 0.7936461712683212 0.1391781240689866 0.1046885946849084
6 0.4236026672828331 0.8713268232813661 0.10436647642635144 0.09491360534690826
6 0.2615713941234693 0.8161500693030014 0.10788958271265772 0.06996814934754489
6 0.5843688852321292 0.7482967612587762 0.08423375889134022 0.0650079293443632
6 0.4257537105011887 0.6993336446133206 0.07776543507002262 0.06024770401018138
6 0.3440306755550007 0.6901228239576838 0.10883565260503385 0.0902806493475449
6 0.1916526923042237 0.72472618531191 0.1252611732831983 0.10764996268299924
6 0.1496213959854961 0.611090946650228 0.11098034946188076 0.10279883068109008
6 0.07494672766469652 0.585382969326864 0.08339900496239872 0.08061474801081765
6 0.2339877797743924 0.47566142930459226 0.11977315260503385 0.09040791868236298
6 0.44562752460259664 0.9414211472788206 0.08365156203449331 0.05250792934436319
5 0.5 0.5 1 1