3 0.23180054710964143 0.36410954423852687 0.3285127595669114 0.23374334902377
3 0.5112918188172537 0.32562019399694087 0.14804034639736088 0.09628643912238158
3 0.5733575612954064 0.3901951627473528 0.11674488229073816 0.09417846834337489
3 0.9448016861308041 0.292147806012945 0.11039662773839183 0.2598307418823251
3 0.8030306894295094 0.35882856575217764 0.21247858260730723 0.21766260714144484
3 0.9764190621533363 0.4940142690813141 0.04716187569332746 0.07606366801906325
3 0.9183016514245612 0.5326870312561786 0.11049488229073816 0.09406937418757337
3 0.7118554231321734 0.5026797516281484 0.12812030298213628 0.16309210957707698
3 0.49789456004176513 0.40245542938644424 0.1553814849563052 0.1338955332781829
3 0.09326924452321665 0.357929502435632 0.1579896594086269 0.16986030681713338
3 0.7031145721159591 0.605228053170276 0.15216555674305993 0.13071598620028232
3 0.46711958465237136 0.4999168104738766 0.20035901583511767 0.17684669236879244
3 0.3527508592629776 0.598837325895152 0.09749477711788872 0.0766636858759707
3 0.36470763849243737 0.49935947727512386 0.11797241316955062 0.1363659683433749
3 0.3247635662434643 0.8189685937520595 0.05297188730530315 0.049337526785361165
3 0.2853540737653117 0.7539981586868677 0.12326766693047428 0.10366256249917605
3 0.21989890683483743 0.6535266002448813 0.11366534639736088 0.09568642126547414
3 0.12347854790106423 0.6708425596598024 0.14330738229073817 0.0946421185055307
3 0.09188155542291161 0.6057357568998588 0.15166545157021036 0.11352848620028233
3 0.11071647195767449 0.5545999508935043 0.10567098997087014 0.08930005357072232
3 0.10499165769276723 0.4921681347408803 0.1631485208496825 0.13246940097293472
3 0.0613924218785322 0.5249766806009649 0.09587009263643717 0.12817163879807011
5 0.5 0.5 1 1