5 0.446875 0.5921875 0.89375 0.72734375
4 0.37734375 0.72265625 0.0625 0.0984375
4 0.31796875 0.775 0.07421875 0.1
4 0.2203125 0.746875 0.09296875 0.09453125
4 0.46328125 0.76796875 0.1109375 0.0984375
4 0.53671875 0.73671875 0.0953125 0.09375
4 0.60859375 0.72734375 0.0890625 0.09140625
4 0.4671875 0.678125 0.11015625 0.09453125
4 0.5265625 0.63984375 0.096875 0.08671875
4 0.45703125 0.59609375 0.09765625 0.08125
4 0.3234375 0.6234375 0.0984375 0.09296875
4 0.29765625 0.6875 0.10390625 0.08828125
4 0.18359375 0.68125 0.11171875 0.08359375
4 0.20625 0.6296875 0.109375 0.07421875
4 0.1078125 0.59921875 0.0921875 0.06953125
4 0.12421875 0.528125 0.1015625 0.07421875
4 0.19375 0.48125 0.10234375 0.07109375
4 0.2703125 0.41796875 0.0984375 0.06640625
4 0.21484375 0.384375 0.09609375 0.06171875
4 0.2375 0.3390625 0.090625 0.06015625
4 0.3125 0.35546875 0.0875 0.059375
4 0.3671875 0.29609375 0.07109375 0.07890625
4 0.4890625 0.29296875 0.07421875 0.0703125
4 0.43125 0.29453125 0.06953125 0.05
4 0.440625 0.340625 0.09296875 0.05625
4 0.42578125 0.38671875 0.07265625 0.0703125
4 0.37265625 0.3796875 0.09140625 0.06015625
4 0.36796875 0.44453125 0.10078125 0.0796875
4 0.59609375 0.29375 0.08671875 0.0609375
4 0.653125 0.3421875 0.084375 0.0578125
4 0.66953125 0.390625 0.08359375 0.04765625
4 0.6921875 0.4453125 0.09140625 0.06875
4 0.71953125 0.49921875 0.09609375 0.0703125
4 0.6703125 0.55625 0.09765625 0.0671875
4 0.6265625 0.5203125 0.10234375 0.07890625
4 0.5953125 0.4625 0.10078125 0.0765625
4 0.57734375 0.3890625 0.0890625 0.0796875
4 0.5765625 0.3203125 0.09296875 0.05546875
4 0.5109375 0.359375 0.071875 0.05703125
4 0.56875 0.6140625 0.0546875 0.0640625
4 0.3984375 0.62890625 0.0234375 0.08984375
4 0.2203125 0.56875 0.08828125 0.0296875
4 0.49453125 0.509375 0.090625 0.04140625