3 0.3015625 0.16443704454985517 0.1921875 0.14733633538669527
3 0.13203125 0.22101688284695734 0.2390625 0.20053574645662095
3 0.12734375 0.4021031917399648 0.19375 0.14895339908902602
3 0.1546875 0.5022768065307547 0.1 0.08474207694917482
3 0.05 0.5665897884745874 0.0984375 0.08937501324684405
3 0.2046875 0.5883978450053421 0.1703125 0.16532244355406328
3 0.23828125 0.3176959646054555 0.1875 0.2331101442797027
3 0.353125 0.22873764672677344 0.1421875 0.14559029691210784
3 0.57734375 0.08500503801125123 0.046875 0.04538691106992567
3 0.54453125 0.16745295026230328 0.1359375 0.14693454210278442
3 0.78203125 0.24215288301659338 0.05625 0.07383929328391084
3 0.5328125 0.2818874724948218 0.0890625 0.10467263103285873
3 0.48984375 0.3749182206807233 0.1140625 0.12898315027015245
3 0.3734375 0.41304072485707455 0.1875 0.1674851442797028
3 0.3921875 0.5496329892850448 0.08125 0.11533731252120454
3 0.634375 0.34949661314632746 0.13125 0.18270835099579194
3 0.8140625 0.34092768891437586 0.1125 0.09767858656782166
3 0.80859375 0.45245546595621794 0.1328125 0.1483879146981227
3 0.7375 0.5007540675001639 0.128125 0.18572422359113006
3 0.59921875 0.5623314298438832 0.15625 0.14920637023308564
3 0.66953125 0.6522867964487717 0.115625 0.1899752139724832
3 0.59765625 0.6927456161415524 0.1421875 0.13465279691210802
3 0.5109375 0.6576860806621898 0.0640625 0.06786211179556503
3 0.40859375 0.6205184081595189 0.084375 0.08419643992586608
3 0.3328125 0.6866220685964723 0.1265625 0.2044196598887993
3 0.25859375 0.7051240427357566 0.1109375 0.11793652286549072
3 0.4203125 0.7568651359270002 0.0546875 0.10190972958157989
3 0.48125 0.7777431203179036 0.0828125 0.1169543762235353
5 0.4640625 0.4904241695922642 0.928125 0.9808483391845284