2 0.6343905709540624 0.1558557405509892 0.0989479526972918 0.09244544954451302
2 0.7821734543128124 0.1891642922724205 0.09117182028847229 0.09373513103285877
2 0.9265598871584722 0.16684040288685922 0.05814111474138883 0.08321429328391083
2 0.9163295955553471 0.2368528025240395 0.09218880642076392 0.07035219473518968
2 0.8933986289903469 0.3486434743937384 0.08604790919430556 0.07482143992586625
2 0.7375473660725691 0.39324166786298365 0.07503767401194458 0.07131449400955017
2 0.6312609984813886 0.39109383610448545 0.08920927678548622 0.07649306733052796
2 0.5267754798640276 0.2779812224948218 0.0783445119678472 0.07923612141421188
2 0.4580780716196525 0.37409976514576043 0.08619337955902787 0.08107143992586625
2 0.5262461901607636 0.40150056804831813 0.07336607123840277 0.0665724303072194
2 0.49923366774368044 0.18475701215053558 0.0941149823325695 0.08603175843752053
2 0.3132584937317359 0.24706849527549454 0.10952177678548622 0.07720239546082901
2 0.1546290293509373 0.20947174763774729 0.11268314437666671 0.07887402286549072
2 0.01978386350711798 0.21404514183263199 0.03956772701423596 0.06871528366526398
2 0.027522975114374893 0.29403274219545167 0.055045950228749786 0.08181548439090332
2 0.16996178220072894 0.2897594483633867 0.0755104526972917 0.09162699400955017
2 0.22085082855350668 0.35408733239147033 0.07500130642076393 0.06975199400955016
2 0.16570742724298576 0.4389509165122213 0.07652743882958335 0.0682440577118811
2 0.28075185220486076 0.40074656678237375 0.08771951196784729 0.07956350362819702
2 0.26318118607670093 0.4837946797590652 0.05461607123840277 0.06591766587924912
2 0.6035886337399996 0.4714435350160263 0.07819904160312507 0.07298612141421187
2 0.7262448837399996 0.4757267856489985 0.07332970364722229 0.0650099303072194
2 0.8009896573913539 0.522904375212045 0.060684233282499986 0.05832342068857255
2 0.9185044657119787 0.5129341528868592 0.06417290919430556 0.07405754809323425
2 0.9719535079806938 0.6688319780219354 0.02772626291777769 0.050927582939624474
2 0.8726269616279161 0.6028126192215952 0.07402068787965277 0.0946974303072194
2 0.8049309685617704 0.588720348170203 0.04811149810013902 0.05476191106992552
2 0.6541860861529509 0.5818924508952754 0.06566267401194459 0.07098711179556502
2 0.667212109804305 0.6269147742162531 0.058867160144236055 0.0473313569862416
2 0.7738062954997564 0.6830234196770821 0.05748649810013884 0.05508929328391084
2 0.899114766814409 0.7077282977147161 0.06533536569131967 0.05692461179556503
2 0.8710793793715965 0.7700819647750915 0.054361498100139016 0.05498016587924912
2 0.8230237390789924 0.751984240002835 0.06112064437666689 0.07707342068857237
2 0.9561791183536797 0.8762625321056194 0.049746733282500344 0.05794147477225664
2 0.8868836044859716 0.8972992292030618 0.03819098423243048 0.030997028855940557
2 0.7547809257243744 0.8285715326537737 0.05755923328249999 0.05821429328391083
2 0.7682608910551034 0.8876836378259167 0.05763196846486114 0.061339293283910835
2 0.658468316966909 0.8682118968115915 0.06053876291777769 0.05207342068857272
2 0.5504369582094437 0.9074430332019279 0.056214938829583436 0.06753472958157972
2 0.6977152677643397 0.7272793619652012 0.05933993882958344 0.0676438569862416
2 0.6031840177643397 0.7239782579741844 0.060538762917777864 0.05207342068857237
2 0.6302017658644786 0.6717535590626434 0.06831489532659737 0.05078373920022674
2 0.5317655722852426 0.6010739821134686 0.060684233282499986 0.05832342068857237
2 0.5764793134515273 0.5611955157787326 0.05614220364722229 0.06440972958158006
2 0.4183940565176732 0.5674033318433163 0.055305749050069505 0.02847222958157989
2 0.42495187462194395 0.6215824003549705 0.0639183360560418 0.06312004809323427
2 0.3188116306058676 0.5795635367453069 0.0715853656913195 0.05714286660488845
2 0.3627980199485412 0.5709350704105708 0.04273301386770836 0.024910719962933214
2 0.22066441812493007 0.5972470553496284 0.07500130642076393 0.06975199400955016
2 0.22109952279833278 0.6457391190519592 0.0684603656913195 0.05703373920022674
2 0.044937066301318926 0.6223859206885726 0.08928201196784728 0.07961806733052797
2 0.04197049477857565 0.8842137980932343 0.030669424961875035 0.04322421034428636
2 0.07678059945197839 0.9339062632468439 0.05116376291777782 0.051746038474587405
2 0.09193543360815903 0.8202802728654908 0.06242857123840282 0.0661904843909035
2 0.09727624382864511 0.8595610276748143 0.0492012194147917 0.03450397477225664
2 0.22536422302708256 0.8992187831171098 0.06682513050895836 0.0538541754978958
2 0.2185895057964924 0.7871726509031247 0.060720600873680655 0.05988592068857255
2 0.1779112608304855 0.7208556809401916 0.060684233282500076 0.05832342068857237
2 0.09429932703489523 0.7187177728654908 0.07136716014423614 0.04776786660488845
2 0.5314181205378814 0.7167808276669649 0.049528527735416716 0.04856647477225664
2 0.4866141136040271 0.7269445121505356 0.06518989532659739 0.050674611795565025
2 0.4008759821451383 0.748970790373504 0.05912173328249999 0.0582688569862416
2 0.37692868265822854 0.8036483666897064 0.06380923328249999 0.05843254809323426
2 0.5034905294478464 0.8416890584296712 0.05614220364722229 0.06440972958158006
2 0.4208760915681937 0.9310665277596322 0.06686149810013901 0.05541667549789579
2 0.27323998499492985 0.8242659123358701 0.06373649810013901 0.05530754809323426
2 0.2746927290110063 0.8626290078893664 0.058830792553055566 0.04576885698624196
5 0.5 0.5 1 1