5 0.41484375 0.4640625 0.8296875 0.928125
4 0.26691517005095344 0.32731998234060666 0.11230117694751698 0.07877041549465283
4 0.2212265689952932 0.25962394311299525 0.11720686525911975 0.09129768657189175
4 0.2635834387186398 0.16016884377692517 0.11281937418757346 0.10845791549465282
4 0.20684864894763505 0.41203587080609233 0.11939665665497756 0.12724427693097126
4 0.22889519846116774 0.4915870154198981 0.11131142126547414 0.1115738251355733
4 0.22835368182207624 0.5673637202403583 0.1096398271096728 0.1053147347764936
4 0.2987770503276068 0.4263432896203949 0.11627165665497756 0.12722609621281206
4 0.33043042492221736 0.4925586420797229 0.10352619480442442 0.11309087334017498
4 0.3854958003276069 0.4258387746914762 0.0988386948044245 0.11306360226293641
4 0.37704019237208775 0.28371490720503345 0.1113659683433748 0.11469882513557321
4 0.3143862337679456 0.24814556674775798 0.10835006249917623 0.120930644417414
4 0.3383067491892211 0.13083080172064335 0.10377165665497756 0.12715337334017515
4 0.38856980194916463 0.16022286505055577 0.09436938311602727 0.1255363311856974
4 0.43403803490303605 0.06153083499632646 0.0846398271096728 0.10516928903121973
4 0.5054493847408803 0.08767517847866405 0.09264324188232517 0.11615224082661783
4 0.5431482077933633 0.1655729195016736 0.08949096834337489 0.11457156010845856
4 0.5978708896121442 0.25274566657480735 0.08318642126547413 0.11141019867214012
4 0.6417669399364557 0.19937068170011787 0.07844437418757337 0.1082579275949013
4 0.6842174926963993 0.22880819682542838 0.07521028003177203 0.10198974687674207
4 0.6563458628267831 0.3039627329297819 0.07515573295387146 0.09886474687674199
4 0.7106827609603439 0.36848377518245545 0.0905352711033185 0.08489315046753827
4 0.6959736043053664 0.49511899805509235 0.0843125446422686 0.08641928903121965
4 0.7032736355549545 0.4349263866187739 0.06230117694751698 0.0784795240041051
4 0.6531918149381035 0.4399047781093217 0.07211255357072233 0.10353406615858277
4 0.6082611444834083 0.4182933985226306 0.08428527110331849 0.08485678903121982
4 0.6232782183466702 0.36352408529091407 0.07523755357072233 0.10355224687674207
4 0.556322543427748 0.35063372073133764 0.09889324188232518 0.11618860226293623
4 0.679166159500942 0.6077053564663488 0.07512845941492116 0.09730224687674198
4 0.6212076091766303 0.6611621545727548 0.07351141233702041 0.09416815651766246
4 0.5679053311734531 0.6716274767814618 0.06254663879807013 0.09254202400410509
4 0.5082303222449994 0.6891604104264873 0.0846398271096728 0.10516928903121965
4 0.44848712946916985 0.7105995940715129 0.08625687418757337 0.10830337939029935
4 0.3963712504103324 0.6530961662802197 0.08631142126547413 0.11142837939029934
4 0.4408439991925164 0.6114353862259905 0.09733074188232518 0.11617951190385671
4 0.5045616258157218 0.586067226683266 0.09576824188232518 0.11617042154477701
4 0.5844264038188991 0.5754473683702054 0.09711255357072232 0.10367951190385653
4 0.6553701493546722 0.5836275070320829 0.07211255357072233 0.10353406615858277
4 0.624607118915863 0.5111576093932151 0.07016822402541774 0.08164997579950324
4 0.350692331984232 0.5400921722321481 0.07455571509696393 0.06448974687674199
4 0.36084640219404596 0.3611450156162898 0.09750229139585782 0.036501102262936236
4 0.4498930856343847 0.18252004586691087 0.04387845941492117 0.09712043969514968
4 0.4705469103117208 0.47612005494209714 0.05643300649282175 0.10031816256778665