6 0.54765625 0.6734375 0.14140625 0.13828125
6 0.35390625 0.60234375 0.14140625 0.0828125
6 0.4703125 0.5421875 0.11796875 0.078125
6 0.603125 0.54375 0.0796875 0.08046875
6 0.73359375 0.6375 0.134375 0.06484375
6 0.79453125 0.56953125 0.1265625 0.05859375
6 0.65390625 0.37734375 0.096875 0.05625
6 0.54921875 0.4 0.1171875 0.11640625
6 0.39609375 0.43984375 0.12890625 0.103125
6 0.190625 0.38828125 0.09921875 0.08515625
6 0.2359375 0.25390625 0.153125 0.11171875
6 0.3203125 0.13203125 0.0921875 0.07578125
6 0.4578125 0.23046875 0.1125 0.0734375
6 0.52890625 0.1375 0.0796875 0.07109375
6 0.690625 0.153125 0.09296875 0.0453125
6 0.40234375 0.28828125 0.06796875 0.04609375
6 0.56015625 0.3 0.0640625 0.0421875
6 0.63828125 0.28984375 0.08671875 0.06484375
6 0.7734375 0.22421875 0.0984375 0.0796875
6 0.83359375 0.321875 0.08515625 0.078125
6 0.9078125 0.32890625 0.0640625 0.0625
6 0.78046875 0.46796875 0.0984375 0.06328125
6 0.4953125 0.07578125 0.071875 0.0328125
5 0.5 0.45625 1 0.89765625