6 0.4388856274372796 0.3467343956344144 0.1477671185055307 0.14824050542706696
6 0.635287294645564 0.428968120758328 0.14522277110331833 0.09190861827193722
6 0.5162412398570255 0.4845043905460318 0.12170345048646744 0.08599281094499087
6 0.3803173766265007 0.47659895804974334 0.08266822402541774 0.08550813206674715
6 0.2484145860414218 0.37272260628614956 0.1386454886359143 0.0728310696514182
6 0.18468727678865654 0.4397596200809595 0.13075116801906325 0.0677341338757694
6 0.32501444765038884 0.6433869883528966 0.10098184740221221 0.06149077792830404
6 0.432454800734644 0.6255587584792847 0.12082278896022594 0.12497342378986112
6 0.5901951627473527 0.5931634175698247 0.1331046006486231 0.11312852103089917
6 0.7986428624230412 0.6572612963572114 0.10308981818121907 0.09282266508343398
6 0.7501490409954112 0.7923456252808838 0.1582682418823252 0.12381371551297508
6 0.6612620446488593 0.9120196381711825 0.09667617694751698 0.08312011646291495
6 0.5223961879111562 0.8038685442095049 0.1169341298696164 0.0810596494796016
6 0.44885750203518543 0.8954142350735363 0.08250458279171564 0.07613313206674732
6 0.28350523742468886 0.8711091966297826 0.09456820616851021 0.05178822930778537
6 0.5804501956217939 0.7482636753717408 0.06956820616851012 0.050478034825708916
6 0.4197172471639215 0.7281105483933764 0.06638865909060954 0.0471892605154494
6 0.3398661059302195 0.733309303481759 0.09020798863591431 0.07029256784239593
6 0.20041209375535485 0.793249790252776 0.10298072402541765 0.0865726650834338
6 0.14120646347870142 0.6908374412027157 0.08889095048646736 0.084273180687266
6 0.06556158117345312 0.6790534141789227 0.06674321509696393 0.06750176051544958
6 0.19771733644845887 0.5444437980546921 0.1011454886359143 0.07086577792830404
6 0.48212792370769664 0.9604970024863908 0.07403751785690744 0.03822369629109836
5 0.4992431592941281 0.543359375 0.9984863185882562 0.91328125