2 0.340625 0.8109375 0.08203125 0.0734375
2 0.2078125 0.765625 0.0734375 0.07578125
2 0.046875 0.7734375 0.09375 0.06953125
2 0.07890625 0.709375 0.10078125 0.0515625
2 0.01640625 0.63046875 0.0328125 0.06171875
2 0.12265625 0.60703125 0.07109375 0.0578125
2 0.27109375 0.58125 0.06015625 0.05625
2 0.36953125 0.59375 0.07421875 0.059375
2 0.4546875 0.70859375 0.0625 0.0625
2 0.528125 0.62578125 0.07109375 0.06328125
2 0.46796875 0.59453125 0.0609375 0.05078125
2 0.4703125 0.796875 0.0765625 0.0671875
2 0.6484375 0.7578125 0.0921875 0.05546875
2 0.79140625 0.8078125 0.0953125 0.05703125
2 0.940625 0.8203125 0.07890625 0.0515625
2 0.93515625 0.74453125 0.075 0.06328125
2 0.78515625 0.7328125 0.05859375 0.075
2 0.7453125 0.6671875 0.06015625 0.0546875
2 0.80625 0.59453125 0.0625 0.05234375
2 0.99296875 0.60859375 0.0140625 0.03359375
2 0.6953125 0.61875 0.0734375 0.0609375
2 0.72109375 0.54453125 0.0421875 0.05390625
2 0.40390625 0.52265625 0.0640625 0.05703125
2 0.290625 0.50625 0.06015625 0.05
2 0.2265625 0.4546875 0.0484375 0.04765625
2 0.1171875 0.453125 0.05078125 0.06015625
2 0.0140625 0.46015625 0.028125 0.05390625
2 0.01171875 0.359375 0.0234375 0.071875
2 0.05078125 0.24296875 0.06015625 0.05390625
2 0.06796875 0.30234375 0.05234375 0.04140625
2 0.16953125 0.37421875 0.05625 0.078125
2 0.23046875 0.39375 0.0375 0.0453125
2 0.36953125 0.41484375 0.05234375 0.05625
2 0.3625 0.37265625 0.04921875 0.03671875
2 0.26875 0.309375 0.046875 0.04453125
2 0.15625 0.27421875 0.05390625 0.04375
2 0.18828125 0.2203125 0.04375 0.04296875
2 0.23125 0.24140625 0.0453125 0.0640625
2 0.1171875 0.11328125 0.04765625 0.04609375
2 0.1875 0.10078125 0.03125 0.02265625
2 0.059375 0.16484375 0.02109375 0.0421875
2 0.06796875 0.18671875 0.02890625 0.03828125
2 0.30234375 0.1765625 0.04609375 0.04609375
2 0.296875 0.12109375 0.046875 0.0484375
2 0.396875 0.15 0.0484375 0.04140625
2 0.5 0.12421875 0.04296875 0.05390625
2 0.3453125 0.2765625 0.04765625 0.0546875
2 0.43203125 0.28828125 0.0484375 0.040625
2 0.40078125 0.334375 0.05859375 0.0390625
2 0.484375 0.409375 0.0484375 0.046875
2 0.43828125 0.4421875 0.04375 0.05234375
2 0.58515625 0.45078125 0.04921875 0.01640625
2 0.58515625 0.40078125 0.05234375 0.05
2 0.6796875 0.45 0.059375 0.04296875
2 0.63828125 0.45390625 0.03828125 0.01640625
2 0.77265625 0.4421875 0.0609375 0.05546875
2 0.77734375 0.3984375 0.05703125 0.04296875
2 0.93828125 0.43671875 0.0734375 0.0609375
2 0.99296875 0.31328125 0.0140625 0.0375
2 0.97890625 0.19609375 0.0421875 0.0375
2 0.9421875 0.14609375 0.03984375 0.03984375
2 0.915625 0.24921875 0.05 0.05390625
2 0.915625 0.21328125 0.0421875 0.02578125
2 0.8 0.16328125 0.0546875 0.04140625
2 0.79453125 0.2671875 0.04921875 0.0484375
2 0.825 0.3328125 0.0484375 0.04609375
2 0.90234375 0.34296875 0.06171875 0.03359375
2 0.49765625 0.3015625 0.03984375 0.03671875
2 0.53984375 0.296875 0.05625 0.0375
2 0.621875 0.2859375 0.0484375 0.0453125
2 0.64921875 0.23671875 0.053125 0.0453125
2 0.53671875 0.1890625 0.04296875 0.05234375
2 0.62265625 0.11484375 0.05546875 0.0421875
2 0.74765625 0.228125 0.053125 0.0421875
2 0.75078125 0.1921875 0.04921875 0.03515625
5 0.5 0.5015625 1 0.8515625