5 0.503125 0.371875 0.85 0.74375
0 0.18828125 0.30625 0.07421875 0.10625
0 0.47734375 0.58359375 0.15 0.1671875
0 0.6609375 0.5515625 0.1609375 0.11171875
0 0.57421875 0.4578125 0.14921875 0.08828125
0 0.425 0.42421875 0.11171875 0.07421875
0 0.29140625 0.29375 0.121875 0.184375
0 0.35625 0.08515625 0.14765625 0.125
0 0.50234375 0.0828125 0.0578125 0.11171875
0 0.63671875 0.1546875 0.10625 0.140625
0 0.76484375 0.140625 0.0734375 0.071875
0 0.80625 0.38359375 0.09765625 0.1328125
0 0.65703125 0.27578125 0.08515625 0.1359375
0 0.52578125 0.30625 0.115625 0.06484375
0 0.403125 0.35234375 0.07109375 0.059375
0 0.39453125 0.190625 0.07890625 0.1265625
0 0.46015625 0.19453125 0.0953125 0.071875
6 0.6796875 0.128125 0.13125 0.13203125
6 0.31875 0.25703125 0.18984375 0.11953125
6 0.2796875 0.1578125 0.1453125 0.08828125
6 0.3703125 0.5078125 0.25859375 0.17265625