5 0.5 0.5 1 1
6 0.17266855490215255 0.30993157981717356 0.13742987765916678 0.13750861621110372
6 0.21285910343913175 0.22968330769126713 0.09745818787965285 0.0966267510334573
6 0.32125283168763874 0.24333489288512417 0.10236389342673621 0.10622007485477489
6 0.41929224781579855 0.1642167812221344 0.12758209897381967 0.11675946856846861
6 0.27544806278593725 0.3295784538861602 0.12445709897381949 0.11661391935425688
6 0.37265037110656224 0.32002797952672335 0.10221842306201392 0.0999700748547749
6 0.3265332116279162 0.587703477045524 0.1220958183886113 0.14928087014004526
6 0.4261721485576385 0.4734655026860871 0.09353440729444458 0.1292209272121397
6 0.45505694871013835 0.6437437694353102 0.12155030452090294 0.12584337014004526
6 0.4878701019205204 0.6116418988809802 0.12024237765916687 0.13670809553293922
6 0.5019170309664579 0.47855757113072117 0.09618662860909737 0.10905397642635144
6 0.5418692305296176 0.5093559609154734 0.10901393692972228 0.12369867328319835
6 0.5698689035916317 0.41524424193272014 0.12006053970326391 0.12889559553293922
6 0.5824254146095484 0.3125922768789082 0.11184799620027785 0.11134422249741008
6 0.4457449918318749 0.20377158684648694 0.09247974715020835 0.08390842721213972
6 0.7473204499444094 0.4860769344463408 0.09139002583555574 0.10414815260503385
6 0.8262637207459719 0.45455941480163375 0.1311798776591669 0.13721751778268027
6 0.8188122838162496 0.5730910909803162 0.11417421561506949 0.14422949710451594
0 0.5444364117597568 0.23104902439770889 0.1442981267092364 0.16436221463952716
0 0.4510305974552081 0.27909907257846334 0.20098584422416685 0.2528468258882322