5 0.571875 0.4896775696927806 0.85625 0.9793551393855612
0 0.6063147293523172 0.1187275971979588 0.12616360534690862 0.10436509618646843
0 0.4120498454009969 0.4842509373939775 0.20848630402608972 0.19938990870767287
0 0.4953088827577686 0.6540698748727729 0.15532494135899882 0.19440974282842377
0 0.5635583487428147 0.5414855401190499 0.12856244668999892 0.17629465988879928
0 0.5554811247214975 0.38467254492837333 0.10463405068427196 0.13328870435383652
0 0.6473039033656803 0.21577372278852197 0.21602608402290802 0.17622522721932726
0 0.8700601507001803 0.216592145206375 0.16457267202418074 0.18379962504240907
0 0.9131390833863613 0.35889620709460734 0.12601815467854466 0.09186509618646851
0 0.8789560820734966 0.510932422248217 0.1688420013526354 0.14802581614940155
0 0.9280486574235868 0.632705729327126 0.09169769867918127 0.0953521947351895
0 0.7011418067711316 0.7453595298674308 0.15933973201781731 0.1367609339354164
0 0.7654935660804962 0.5664780725183695 0.15764996268299925 0.12576887023308564
0 0.699249853397497 0.4484299661651 0.09527723201781732 0.1345238221398514
0 0.6198612507160887 0.3425644012816428 0.07754429201145392 0.08704862141421196
0 0.7770646760423163 0.2847097173462264 0.14818405601527207 0.11762898801910052
0 0.7911186327179976 0.3506521758764141 0.09662155601527189 0.11582838584218225
6 0.916865162078269 0.5447791433922765 0.16597154002227157 0.16979168874473985
6 0.6904726480346802 0.23146072097442344 0.16973288669636233 0.22458831614940156
6 0.7779902820257716 0.16275287179273007 0.12850790268936266 0.17160715988879932
6 0.4582424980505886 0.3568054944728864 0.24255331604072533 0.30834824645662096