5 0.5037245192773719 0.59140625 0.9925509614452561 0.8171875
0 0.8257453241809192 0.7561292987746315 0.095527358706968 0.12136701734563574
0 0.5639377549800969 0.42511346674090567 0.18601970752810465 0.19582267202418074
0 0.3726906724705829 0.4267925033815887 0.18698002965749527 0.14273403469127163
0 0.45055302870609315 0.5362407760582245 0.17027269072219048 0.11598972135581712
0 0.5982212075652855 0.595744140077951 0.1303825197716634 0.09522268801718106
0 0.7185867401885304 0.7517588774267685 0.16152904349765967 0.2080317706874535
0 0.6263541137242461 0.9373021947008165 0.17566052768032883 0.12539561059836685
0 0.4782521947508854 0.9285646360598154 0.08159219269935694 0.12432838534372692
0 0.3501815914811247 0.8325879700429526 0.137744033611828 0.16090223201781734
0 0.21711442349634713 0.8247925566915898 0.08937551779449712 0.08537497334499947
0 0.2044566201128557 0.5716402846912716 0.126488198630856 0.15296246268299923
0 0.345024564789379 0.7060254700429527 0.1140518656270503 0.15437951201463562
0 0.4821425628122126 0.6982504273949518 0.13156301779449714 0.0858658693507266
0 0.6122783903788107 0.6724339094127691 0.0857411818249421 0.07283861067790856
0 0.6018395919754163 0.8378589147437692 0.10735619665368965 0.14336928668045382
0 0.5348603390096668 0.8230237080680878 0.11294035178688588 0.08877269334818116
6 0.3025717624316518 0.8523368487030438 0.16099053262324475 0.15648745202099903
6 0.6871112471086126 0.784189569422314 0.21867569863085592 0.1540351613621805
6 0.7149099363479283 0.8914935394254957 0.1670840237259963 0.11439085868872638
6 0.6646646082498575 0.5207719594207232 0.29947471247102053 0.22056922803945261