5 0.5 0.5 1 1
6 0.5689503165992005 0.17359407494121576 0.13656602103089915 0.1342685100679862
6 0.6550139693581624 0.1881124762517367 0.09710072930778502 0.09589568787965286
6 0.6730469171195989 0.29178299011944503 0.10507700361804453 0.09920252583555564
6 0.7750354630265843 0.3606440525241326 0.11584408525525039 0.125983231382639
6 0.5792935950933314 0.27473900085302133 0.11724281094499087 0.12289459897381949
6 0.6146744951387599 0.3608226244281255 0.09890889077317447 0.10061955547083343
6 0.3500454291053864 0.39533786910979196 0.14676653663473135 0.12046058320625005
6 0.48546062867584505 0.45324390092927125 0.12654256784239593 0.09189917211208343
6 0.33440938376422774 0.5295128473582988 0.12332903663473135 0.11991506933854179
6 0.373188600747541 0.5507527209334031 0.1357471494796016 0.11864351006798621
6 0.5019653759623116 0.5263729296146185 0.10631195499752569 0.09298889342673604
6 0.4839656484635489 0.5713217537028129 0.12119332654882306 0.1089412017473613
6 0.5810044227738084 0.5704515443560074 0.1263721494796016 0.11842530452090294
6 0.6812058186353653 0.5540108863959728 0.110337713703953 0.11024912860909737
6 0.7450270584586001 0.3959269358828826 0.08123006784239592 0.09084451196784729
6 0.5635292384684976 0.7546447064001047 0.10302318068726617 0.08979115824437507
6 0.6157225022633075 0.8184357558870146 0.1363203595655099 0.12958101006798622
6 0.5008853963158423 0.8454866055264241 0.14175148801421233 0.11410148043270851
0 0.7468994176854257 0.49452809004319515 0.16197545680654796 0.14266289152687506
0 0.6748440332438295 0.4216705118709381 0.24905273292582972 0.19618924145062522