5 0.5 0.5 1 1
6 0.18203125 0.36640625 0.1140625 0.1109375
6 0.2078125 0.28359375 0.08203125 0.07890625
6 0.31171875 0.2765625 0.084375 0.0875
6 0.3921875 0.184375 0.109375 0.09296875
6 0.2828125 0.3671875 0.1046875 0.09375
6 0.37265625 0.340625 0.08515625 0.08046875
6 0.37109375 0.603125 0.09765625 0.125
6 0.446875 0.4765625 0.071875 0.1109375
6 0.50078125 0.6328125 0.10078125 0.10234375
6 0.52734375 0.596875 0.09765625 0.11328125
6 0.5203125 0.46796875 0.07734375 0.08984375
6 0.5625 0.490625 0.08828125 0.10234375
6 0.57421875 0.3953125 0.0984375 0.1046875
6 0.5703125 0.29609375 0.09453125 0.08984375
6 0.4234375 0.2171875 0.07890625 0.06640625
6 0.753125 0.43203125 0.0734375 0.0859375
6 0.82265625 0.3875 0.10859375 0.1125
6 0.834375 0.50234375 0.09140625 0.121875
0 0.52109375 0.22578125 0.11796875 0.13671875
0 0.440625 0.28828125 0.15859375 0.21484375