6 0.35 0.346875 0.08515625 0.059375
6 0.13125 0.47734375 0.10859375 0.0859375
6 0.0484375 0.671875 0.09375 0.10078125
6 0.18515625 0.71171875 0.13125 0.1171875
6 0.02265625 0.759375 0.0453125 0.0515625
6 0.09296875 0.8875 0.1046875 0.175
6 0.23828125 0.94921875 0.17265625 0.1015625
6 0.3390625 0.546875 0.13125 0.09375
6 0.47265625 0.596875 0.13046875 0.11015625
6 0.49765625 0.45078125 0.10078125 0.1078125
6 0.72734375 0.66328125 0.13515625 0.1078125
6 0.58984375 0.64609375 0.0890625 0.10546875
6 0.57265625 0.7390625 0.1140625 0.0984375
6 0.6515625 0.92890625 0.1390625 0.1421875
1 0.5875 0.45703125 0.065625 0.059375
1 0.503125 0.31484375 0.04921875 0.04140625
1 0.2703125 0.3140625 0.0546875 0.04375
1 0.12421875 0.38671875 0.0390625 0.05
1 0.4515625 0.33125 0.05546875 0.03984375
2 0.2546875 0.48828125 0.0609375 0.05625
2 0.76484375 0.8484375 0.0671875 0.09375
5 0.5 0.625 1 0.74921875