6 0.7813778336844089 0.93347425254582 0.08274107123840295 0.06737318380210837
6 0.6772722151432978 0.9042085638007957 0.13165134992375016 0.08965936068413427
6 0.7896663784216661 0.745352170036306 0.07325696846486114 0.0623036818249421
6 0.7729867182774299 0.790028000074362 0.07620013050895835 0.05461851581733086
6 0.6673374367422911 0.7262918108350462 0.07994337955902786 0.08130834980971961
6 0.7101957775479855 0.7999813202265864 0.07645470364722229 0.06555601581733086
6 0.6617758081331938 0.8308519768426574 0.08713763050895836 0.05506418479069168
6 0.5147722151432979 0.897587196196579 0.07209451196784719 0.07942751482874755
6 0.5610322321451383 0.7579317885919249 0.07674564437666671 0.07805601581733086
6 0.7986439477602078 0.6284193380210835 0.05305357123840295 0.06616351087441501
6 0.34324074762836726 0.9684037846004111 0.07678201196784729 0.06319243079917776
6 0.44980444462607583 0.7322858483640259 0.12289459897381949 0.11583985870696818
6 0.3660463872553813 0.7695364975657231 0.08103310087368065 0.061059516805913816
6 0.2709897668144091 0.6874641438016709 0.08110583605604171 0.064184516805914
6 0.23121809878638827 0.716341218896811 0.07645470364722229 0.06555601581733086
6 0.08815908301881888 0.680796355246927 0.1016729091943056 0.07594968775644109
6 0.6418309033072912 0.6126458049035473 0.0767456443766669 0.07805601581733086
6 0.5757876760087148 0.6279405410633828 0.10123780452090295 0.1243235207602467
6 0.36310714447357595 0.5598431625847511 0.10418096656500006 0.11663835475263547
6 0.4247187513311802 0.46616875844013805 0.08241376291777769 0.05331068380210837
6 0.6023359114754163 0.42805062901010427 0.07957970364722229 0.06568334980971961
6 0.7442324707459719 0.4463443256637939 0.05933993882958326 0.06798067885919253
6 0.7368362384134024 0.5289339911771135 0.06279224715020834 0.08217051285158128
6 0.6116394827138192 0.36430646399107625 0.07322060087368065 0.060741181824941926
6 0.7052823395714235 0.2719372332684481 0.09469686379145834 0.1115688527754691
6 0.7480004356954513 0.08287207467521071 0.05930357123840295 0.06641817885919248
6 0.5779606926293056 0.06421362209002204 0.06886040919430556 0.07461268083635883
6 0.6140787241644444 0.12511662999868745 0.07311149810013902 0.05605368182494201
6 0.542493358473125 0.17693911516993982 0.06675239532659738 0.051111513840164456
6 0.5574630886214929 0.2393263686299809 0.09077177678548623 0.07706651878308027
6 0.5999038553389928 0.2973590445234239 0.0856842332825 0.05968801779449713
6 0.4727049224933332 0.31954576783167815 0.09883884992375017 0.08832235376405233
6 0.4505052270142359 0.19821459589256793 0.06606271751493047 0.08854784684397003
6 0.37957774401607636 0.053784163573334334 0.09367857123840287 0.0678188527754691
6 0.04285899401607636 0.09709517589344296 0.08571798803215272 0.04106535178688593
6 0.30971657285392346 0.1995158162350727 0.10098323138263901 0.11338602076024666
6 0.3179810549021525 0.3148052352084334 0.06697060087368065 0.060486513840164416
6 0.10700588089020804 0.375023857718385 0.09200696846486114 0.06306768577927473
6 0.06536520117868032 0.282616181824942 0.10029224715020839 0.08369852076024671
0 0.7079741945291665 0.12268664977035093 0.11598998233256949 0.08746019072219058
0 0.7651827100123956 0.35257707961812657 0.12376611474138884 0.08621602570316256
0 0.7880162254956246 0.5810668355496256 0.12521951196784736 0.08159219269935694
0 0.05832033985576385 0.13757559585538687 0.1166406797115277 0.09390119171077375
0 0.5071013723408332 0.15203727425746882 0.1316149823325695 0.0880968606841345
0 0.2566084502287498 0.26382105536065775 0.140045731382639 0.11497769566510652
0 0.09644893417683993 0.4254231057412186 0.12896276101791676 0.10828202669174569
0 0.5707579499444094 0.47446537258431365 0.1489479526972918 0.09504719764227279
0 0.14037424002892301 0.7556491166156336 0.16083101006798622 0.13611786661563344
0 0.1610464966784367 0.9374164283649009 0.14676851006798622 0.12516714327019826
0 0.658996953459791 0.7822553093521716 0.10283536569131932 0.058825854752635465
0 0.5186070363817008 0.8336201966908707 0.04818423328249999 0.0581600098858317
0 0.8351223891552424 0.841825263420235 0.0958593202884721 0.09444501977166339
0 0.41219076937986027 0.9626153703228205 0.16915134992375017 0.074769259354359
5 0.49453125 0.5 0.9890625 1