1 0.5688174660645879 0.4790583244482022 0.06513519867918127 0.09256020472226431
1 0.49963056671704315 0.3739753938282388 0.08868178668045398 0.10207156010845857
1 0.5786180853755435 0.3142827521412993 0.07763519867918127 0.0926329275949013
1 0.6308885626989076 0.24115432435000633 0.059884077339272326 0.04409543364502548
1 0.4638721433402269 0.053476541467106654 0.10274428668045381 0.10215337334017516
1 0.4299238573360908 0.022812348746894872 0.056722714672181596 0.04095225292686624
1 0.39624084269572596 0.21635327048806366 0.10764996268299924 0.120930644417414
1 0.31936235872849716 0.45729591217500315 0.08363066000954503 0.07079428903121965
1 0.30273683804104357 0.30408455376374677 0.08214088534372684 0.07703519867214012
1 0.33660495007158764 0.5292663609453392 0.03655566534054513 0.053334078258831144
1 0.5106925993395907 0.04906175223949519 0.08993520401018137 0.07551815046753821
5 0.55859375 0.4751248033709633 0.8828125 0.9488860528799841
5 0.15095944609322298 0.687550517855785 0.20808850405790644 0.4277442466803503