1 0.38983070988652546 0.5059312462759463 0.062106201819245574 0.09488016046291677
1 0.44069538896069194 0.6241761321317572 0.08576202564056316 0.10065927956950453
1 0.34845007692619867 0.6715540922231705 0.07453342721213971 0.09389985731976366
1 0.28271160690998803 0.7381743579389362 0.0580693651776464 0.04168238585581072
1 0.417054411915168 0.9517937481379732 0.10226032092583352 0.09641250372405352
1 0.44595850786239205 0.9865882791552198 0.05694351282028158 0.02682344168956021
1 0.5162111575719418 0.8015070736119206 0.10382282092583353 0.12020980024766885
1 0.6389916478520321 0.5692104580199894 0.0843065334984459 0.06940927956950453
1 0.6284800252307876 0.7276586588057776 0.08139985731976367 0.0739512303552928
1 0.6354535789931133 0.4938829722880131 0.03208906203449331 0.052945217535011226
1 0.3682359222542502 0.9527698589723934 0.09077485731976358 0.07438787799792798
5 0.4085380920182827 0.51796875 0.8170761840365653 0.9640625
5 0.8544669063290875 0.36393656885440967 0.1796063407754282 0.44179800992479745