6 0.3768674107287751 0.2914926226829513 0.09735838479802066 0.07530761646291487
6 0.12888088862545136 0.42305796246075744 0.1263926669304743 0.10803158525525039
6 0.03621131848804936 0.6273537160788021 0.07242263697609871 0.12029256784239592
6 0.15740773924595433 0.6758620578927731 0.15556334138279593 0.1454430540475858
6 0.002475164489698812 0.717313652758962 0.004950328979397624 0.0591226944820761
6 0.052165275930754464 0.859183570217245 0.10433055186150893 0.20350785956551007
6 0.18459941039957073 0.9209355404799187 0.19523359514371963 0.11475962008095948
6 0.3409967922280905 0.5055484786304165 0.15171091567683295 0.12027927973732648
6 0.4765872997499379 0.5639674089789984 0.15221102084968266 0.1374667797373263
6 0.5208865321989606 0.4087542865231898 0.1208246285298145 0.13114153663473135
6 0.738703203352577 0.6438375361845055 0.15685305674305994 0.13614994120271576
6 0.595103967538342 0.6193808480340076 0.10662573620994635 0.12571705223856355
6 0.5648959788211131 0.7192513732487782 0.1346598079967011 0.12406602103089917
6 0.62582380397308 0.9040524191557637 0.1629666644231918 0.13178998982323478
1 0.6157898552393565 0.4178216700602748 0.07700042069139794 0.07268058344622794
1 0.5430607120615586 0.2632813342391976 0.05765938730530316 0.05138543758467105
1 0.29762619160758746 0.25352231117213353 0.06400031551854841 0.05483798620519007
1 0.13250364528936892 0.32536076888319254 0.046949207838416565 0.058624727498762755
1 0.4872055171552659 0.2794695782463038 0.06386392319868044 0.05015048620519007
2 0.2586904090794225 0.43887663500742313 0.0722219924781526 0.06930992198083885
2 0.7555400477048739 0.8426501724351241 0.08277905925034226 0.11042624491161739
5 0.4974540100291299 0.5612961103584795 0.9949080200582598 0.8774077792830411