6 0.32945688345565916 0.6436472659532294 0.06293771751493064 0.08664657200827222
6 0.4508915530992007 0.8624870779360485 0.0900820989738195 0.11195565467854465
6 0.6410970193798603 0.9454070239099586 0.10374455547083343 0.09493178668045417
6 0.6871933822213883 0.8105320372374589 0.12184124525034737 0.13419428134945405
6 0.7272157041253811 0.9701792098981865 0.05410692496187508 0.04280566534054486
6 0.8591937091593742 0.9038173185471419 0.17907186379145834 0.10986699069063519
6 0.9266202113435756 0.7585406338717786 0.10876067021222227 0.1762181493475447
6 0.5283483251350342 0.6553916459261853 0.09840374525034737 0.133921561346272
6 0.5837833203853815 0.5219700712524128 0.11402874525034719 0.13410337468172653
6 0.4391072532310412 0.49631718527213914 0.11173889342673622 0.10283519334818117
6 0.6607686201566316 0.2680178205760951 0.11253898043270852 0.13721019334818116
6 0.638055205928333 0.4049638372454131 0.10992182028847228 0.09187951201463562
6 0.7305875448341663 0.4226320478994592 0.10269120174736131 0.11678860534690845
6 0.9206326230064233 0.3446599472072331 0.1454969507974308 0.1438420013526355
1 0.4490108897239232 0.40638252860441193 0.06250130642076393 0.0678965720082724
1 0.303351591186944 0.4900864612905929 0.04335126291777787 0.050490896005727134
1 0.2932453201010411 0.7229535052912291 0.046585365691319505 0.05521475867281787
1 0.3601392665300687 0.8690103452816842 0.050945557370694505 0.04120680267345449
1 0.31777646067798565 0.5414671479551384 0.04349673328249999 0.05674089600572714
2 0.4670276590068744 0.7396762866009121 0.05926720364722229 0.0631727093411815
2 0.8475062071626039 0.23147924188418711 0.09691267401194459 0.06985906134627218
5 0.6086748708222218 0.49860003731700075 0.7826502583555565 0.9972000746340015