1 0.5 0.55859375 0.08359375 0.04609375
1 0.6140625 0.51640625 0.08671875 0.06875
1 0.6546875 0.60625 0.08046875 0.059375
1 0.7140625 0.67265625 0.03203125 0.0515625
1 0.9421875 0.559375 0.115625 0.0796875
1 0.97421875 0.53203125 0.0515625 0.0484375
1 0.78671875 0.45546875 0.10234375 0.08203125
1 0.5734375 0.32578125 0.0546875 0.07109375
1 0.7234375 0.3453125 0.06015625 0.06796875
1 0.50234375 0.32578125 0.046875 0.025
1 0.92109375 0.603125 0.05859375 0.0765625
5 0.553125 0.6109375 0.89375 0.77734375
5 0.39140625 0.11171875 0.403125 0.109375