6 0.92109375 0.2703125 0.0453125 0.065625
6 0.87890625 0.36015625 0.05546875 0.1109375
6 0.7515625 0.2296875 0.04453125 0.059375
6 0.78984375 0.253125 0.03359375 0.06484375
6 0.71484375 0.3390625 0.06171875 0.06015625
6 0.78828125 0.31171875 0.04609375 0.06171875
6 0.809375 0.3625 0.0328125 0.07421875
6 0.846875 0.50703125 0.0609375 0.053125
6 0.7265625 0.440625 0.05859375 0.059375
6 0.646875 0.2015625 0.05234375 0.03828125
6 0.89453125 0.67734375 0.06484375 0.0578125
6 0.68671875 0.53828125 0.08515625 0.09453125
6 0.70703125 0.62109375 0.03984375 0.0671875
6 0.61796875 0.69375 0.04453125 0.065625
6 0.63828125 0.73515625 0.04609375 0.06015625
6 0.58359375 0.859375 0.05078125 0.08359375
6 0.6078125 0.3421875 0.0578125 0.059375
6 0.6109375 0.40546875 0.0984375 0.07265625
6 0.51640625 0.5875 0.090625 0.0765625
6 0.440625 0.51484375 0.0328125 0.0703125
6 0.434375 0.34609375 0.04765625 0.06484375
6 0.471875 0.22109375 0.053125 0.04375
6 0.54609375 0.24140625 0.065625 0.04375
6 0.37734375 0.32734375 0.0421875 0.059375
6 0.3078125 0.22578125 0.08671875 0.0703125
6 0.1421875 0.1546875 0.05234375 0.04375
6 0.09921875 0.30625 0.05859375 0.05078125
6 0.16015625 0.284375 0.03828125 0.059375
6 0.19609375 0.3578125 0.03359375 0.0546875
6 0.25546875 0.35546875 0.053125 0.07109375
6 0.31484375 0.32734375 0.03671875 0.07265625
6 0.31484375 0.446875 0.0640625 0.078125
6 0.20078125 0.446875 0.07109375 0.0453125
6 0.05390625 0.48671875 0.0546875 0.0796875
6 0.03828125 0.81015625 0.0265625 0.09453125
6 0.1796875 0.575 0.08828125 0.07421875
6 0.28671875 0.58671875 0.04453125 0.053125
6 0.30859375 0.78984375 0.04140625 0.0765625
6 0.21796875 0.81171875 0.05859375 0.08125
0 0.17265625 0.1984375 0.05859375 0.09453125
0 0.390625 0.18515625 0.05546875 0.10390625
0 0.6015625 0.203125 0.04921875 0.10703125
0 0.08125 0.81640625 0.053125 0.1453125
0 0.16796875 0.3859375 0.05546875 0.1109375
0 0.23125 0.634375 0.07890625 0.1140625
0 0.35234375 0.8078125 0.075 0.10390625
0 0.47109375 0.38359375 0.0578125 0.12734375
0 0.66015625 0.82421875 0.0953125 0.12890625
0 0.8390625 0.8390625 0.11015625 0.1140625
0 0.7640625 0.35625 0.0328125 0.0890625
0 0.7890625 0.4921875 0.04765625 0.0359375
0 0.84609375 0.20546875 0.06875 0.07421875
0 0.8984375 0.61328125 0.04921875 0.1484375
5 0.5 0.5375 0.9546875 0.86796875