6 0.059641699236186285 0.7124593045908952 0.04921929734245414 0.06944351282028158
6 0.10599962591504937 0.6205050909848253 0.06070223734881748 0.11682793507002262
6 0.2286365998965957 0.7506570097199097 0.04602157200827239 0.06304796360606986
6 0.19063716056655006 0.7282212375940033 0.03671929734245412 0.06886131596343467
6 0.2705252025780041 0.6401711199351574 0.06478975334181776 0.06548375889134021
6 0.19524339190804968 0.6678830510762386 0.049182934675363256 0.06631851282028159
6 0.17553087591504937 0.6172666209686147 0.03682838534372679 0.07823631596343468
6 0.1452177619350939 0.47110225041428483 0.06471702800763604 0.059233758891340214
6 0.26392176125877614 0.5366287429706867 0.06164657200827239 0.06377570967712849
6 0.33295138255891404 0.7778123610438172 0.055160214672181594 0.043172111248705035
6 0.10505748062541098 0.2988484148061429 0.06789657200827234 0.06406680810555185
6 0.30801775393859376 0.4377524412752756 0.09178860534690844 0.10422092721213971
6 0.2918120459500478 0.35417796195344003 0.04456816000954502 0.07235018899896399
6 0.3856080466263655 0.2787541228306415 0.047656797342454205 0.06937073821317571
6 0.36656769263209255 0.2374763054194647 0.04916475334181776 0.06475601282028158
6 0.4273790179821827 0.11127337034944214 0.05568747334499946 0.08848461124870503
6 0.3783377025780041 0.6351496720448532 0.06164657200827239 0.06377570967712849
6 0.37830188725336733 0.5711235593484061 0.10401588534372674 0.08136562406898662
6 0.48274558127786615 0.38588807258297253 0.09469542934436319 0.08561647642635144
6 0.5560825366009121 0.45821252874544427 0.03835452267663584 0.07518409057054054
6 0.554091680577686 0.6293062787454443 0.049219297342454026 0.06944351282028158
6 0.5096593332272776 0.7570888304408554 0.05521475867281787 0.04785961124870504
6 0.4357133032304593 0.7371081242783836 0.06771475867281787 0.048441808105551945
6 0.6108774825748224 0.6477437555860804 0.04602157200827239 0.06304796360606986
6 0.6768377425605049 0.7500831974805287 0.09149770401018138 0.07922092721213972
6 0.8400002665500054 0.8197856137344136 0.05521475867281787 0.04785961124870504
6 0.8909916965706863 0.665149463610579 0.061555665340544866 0.05596320967712849
6 0.8282553392345953 0.6883729478948133 0.039771572008272214 0.0627568651776464
6 0.7955342932447769 0.6149376019475893 0.03661020934118149 0.05948631596343468
6 0.7353780432447768 0.6177394243211648 0.057104522676635835 0.07605738585581072
6 0.6741314605745042 0.6471401339982933 0.04149770401018138 0.07689213978475226
6 0.6802280139242762 0.5258280601769757 0.06967724801081765 0.08288958271265763
6 0.7942359699236399 0.525203013858248 0.07401930267345432 0.053420406533975395
6 0.9446541405951852 0.48227915157608575 0.060338610677908376 0.08557793507002262
6 0.9765790393061831 0.15440670864818035 0.03239542401336308 0.09989299214211714
6 0.821517179941139 0.39509598284100145 0.09465906667727211 0.08249147642635143
6 0.7154489932765935 0.3844196561241997 0.045948846674090583 0.056797963606069854
6 0.7022330199713649 0.1781161521952583 0.04467724801081765 0.08172518899896404
6 0.7954199459739103 0.1550360630724598 0.06346361067790873 0.08572348428423426
0 0.8116121845560504 0.776600693965872 0.06364542401336308 0.10134848428423418
0 0.5904547998886415 0.7923670508713508 0.06062951201463562 0.11057793507002245
0 0.37825479189214134 0.7764831474377474 0.054415874681726616 0.11341183664159935
0 0.9329199459739103 0.14863189764714435 0.059539726686817215 0.15113016046291666
0 0.8255490572485948 0.585429884412578 0.06070223734881743 0.11682793507002262
0 0.7730256832829568 0.334888382964836 0.08731928134945388 0.12275260339082213
0 0.6587102866406831 0.16062259119422231 0.08096019334818116 0.11308650496239872
0 0.518608713916322 0.5919175947088791 0.06557155068427196 0.1326712588913402
0 0.348881300644501 0.14694335070473502 0.10312609468490823 0.13910534946188072
0 0.16864890798059182 0.13503631782546155 0.11700678134945379 0.12413532092583343
0 0.22153371924732213 0.6229322700589919 0.03857269867918127 0.09393409057054072
0 0.202830267266094 0.4855970899513681 0.04887385200509069 0.039756012820281586
0 0.13151615189373217 0.7762627853604729 0.07434656667727224 0.08154540653397539
0 0.09883420528327504 0.3639468759310134 0.05645108935390815 0.15410961124870504
5 0.4999772733330682 0.4573127130893412 0.9999545466661364 0.9146254261786824