5 0.5 0.5 1 1
6 0.5539101334587285 0.6389577907383603 0.1656435405319101 0.19402381468808977
6 0.2870011591618911 0.757669238701453 0.14103085969555132 0.1265817760184536
6 0.21722587555006317 0.5975578946928625 0.12633168973360737 0.11079314401654479
6 0.30331061418135663 0.54467889003818 0.12460736364988403 0.1451317813494537
6 0.4082554407593716 0.5138839707192704 0.11255303262324486 0.15592383068109025
6 0.29038750844013805 0.43832889270368014 0.10847302768032892 0.13244996801399936
6 0.21981372878264277 0.29694936736154415 0.08927735870696818 0.121294292011454
6 0.3925309871855998 0.33878397338477034 0.12183519072219058 0.11542610001590833
6 0.5546715484405755 0.23603278540736022 0.13780770060802236 0.16246473201781733
6 0.4354374342963999 0.08862088872531548 0.1103538626613009 0.1402806493475448