0 0.25390625 0.56484375 0.103125 0.16171875
0 0.29296875 0.43046875 0.1375 0.109375
0 0.31875 0.24921875 0.1578125 0.0921875
0 0.44765625 0.31015625 0.05546875 0.1140625
0 0.51953125 0.2140625 0.11796875 0.09140625
0 0.73984375 0.2484375 0.1125 0.10703125
0 0.7875 0.52265625 0.14609375 0.11640625
0 0.5875 0.7375 0.065625 0.1328125
0 0.50546875 0.5625 0.0890625 0.11171875
0 0.58203125 0.29609375 0.0875 0.12109375
6 0.528125 0.63359375 0.3 0.2703125
6 0.6765625 0.47109375 0.32890625 0.2828125
6 0.44453125 0.390625 0.17890625 0.11484375
6 0.2578125 0.46328125 0.24140625 0.19921875
6 0.69609375 0.20703125 0.15703125 0.2203125
5 0.49765625 0.4859375 0.94296875 0.97109375