3 0.7372929551090672 0.7373428594914109 0.09487648801421233 0.11145565046753828
3 0.8025804404097462 0.7752559499486864 0.13501016508343397 0.10231699980360816
3 0.6710847789443569 0.7713320401113742 0.10120173111680746 0.14273292154477701
3 0.17138135006611313 0.7351648194782324 0.12826884215265535 0.09290563836728971
3 0.030436608999683017 0.32726648194782326 0.030902519221876847 0.08296703610435348
3 0.3528394742194025 0.1714376210024841 0.10171298620519006 0.0630726926220159
3 0.3733899123699004 0.026742744539050983 0.1087066146538925 0.047493144417414
3 0.5338360894391219 0.0180449762904825 0.04579717887824373 0.036089952580965
3 0.3047118334462281 0.0732501058771736 0.03230788896415202 0.050172716822512745
3 0.7266432236535756 0.37010536251647297 0.06626680913596861 0.0722386143631848
3 0.5150086035726161 0.17909051883774368 0.0448078889641522 0.05024543969514968
1 0.34330169493230195 0.8990586269544124 0.056646147670579336 0.06749657220870695
1 0.3105334605361342 0.8851824793155446 0.06914614767057933 0.06756929508134384
1 0.16645591191561518 0.8797687923508695 0.06100609905006031 0.06127384328594587
1 0.2342741757104251 0.8168551810127468 0.06018722749876284 0.04564884328594587
1 0.4561314863167317 0.7108450337666625 0.07029921189493056 0.059765885440423536
1 0.5090893899802049 0.7222592567374952 0.08337906603337367 0.04109769867214012
1 0.11785023631673172 0.7128130965073997 0.057969630257724794 0.03313975292686635
1 0.08339667118786934 0.6966022892276115 0.04859463025772479 0.033085210772388504
1 0.10676225011154165 0.6503585483027978 0.0612584045679843 0.0362829336450254
1 0.32172883084423626 0.6514523739293503 0.058051517412854546 0.03470225292686617
1 0.5621634803238379 0.7657138200674076 0.04776911465389251 0.04713862041330898
1 0.5816438206674709 0.8093638261175318 0.0454696302577247 0.033067030054229465
1 0.6269862189038772 0.6754655490883646 0.06857293758467105 0.05663179508134384
3 0.5674917101974499 0.6586189375538505 0.06577548620519007 0.0628636143631848
1 0.6640424836031983 0.6369570401113742 0.05549972749876275 0.045621572208706954
1 0.41051136985381687 0.6157688831027326 0.04596095318850324 0.042442030054229286
1 0.47560078131920613 0.6200791332009283 0.050320904567984215 0.03621930113146821
1 0.44969670058651146 0.617885374125742 0.050812227498762755 0.04559430113146803
1 0.7455923767512218 0.5825599107210749 0.07029921189493056 0.059765885440423536
1 0.842501676276252 0.6124741488172182 0.058542840343633176 0.04407725292686617
3 0.6237959418800842 0.5996797539088249 0.06035100180902227 0.048773843285945875
3 0.6654611414505429 0.5447331786750558 0.09900406603337349 0.04118860226293641
1 0.8194869001569701 0.5610298234852532 0.10401911465389269 0.04746587334017516
1 0.3496624010614814 0.5879893167477579 0.03847600180902226 0.04864657825883114
1 0.4192788602428784 0.5742990005891752 0.05977779172311397 0.03783634328594587
1 0.47569927860567257 0.5474001573032293 0.04695024310259512 0.03151362041330898
1 0.12728611205190074 0.6244500332756832 0.05517217887824381 0.03937157220870695
1 0.168862780414695 0.5976375484009937 0.049829581637205765 0.02684430113146803
1 0.1331809079588863 0.5579892411212054 0.05566350180902231 0.04874657220870695
1 0.05585044606395573 0.4990460331774873 0.06207727611928182 0.0519079336450254
1 0.1326652515818797 0.4735915152235064 0.05385534034363304 0.044049981849627426
1 0.1366876882620396 0.5056091296848869 0.041682888964152065 0.05022725897699054
1 0.18870056761525325 0.5139028978352596 0.050068599050060315 0.06121021077238851
1 0.38964891395178014 0.5010114915139889 0.05426477611928186 0.051862481849627426
1 0.4869023722286661 0.4629342537124332 0.057389776119281775 0.05188066256778647
1 0.5255930580043149 0.4705240399149825 0.05401911465389268 0.04717498184962743
1 0.8594867011523384 0.4146588175333249 0.057226001809022264 0.04875566256778665
1 0.79953849106643 0.40406675117835034 0.06035100180902227 0.048773843285945875
1 0.8789260979184066 0.45752757358344914 0.05500840456798421 0.03624657220870695
1 0.9107758842144538 0.34949690496553826 0.06651911465389233 0.04724770472226432
1 0.8953655681810802 0.3089491730177151 0.10154921189493038 0.059947692622015936
3 0.9622587398232347 0.3421384020386721 0.07548252035353045 0.058285198672140125
1 0.6830393085701416 0.2687655763139236 0.04695024310259512 0.03151362041330889
1 0.6830902182265086 0.2250019407753042 0.0407821302577247 0.03303975897699045
1 0.7382690411572872 0.23405877820751755 0.042999727498762755 0.04554884933607006
1 0.699615976932936 0.242098537184508 0.04053646879233561 0.028352258976990452
1 0.7584244108995624 0.2011190131804029 0.03650406603337366 0.04082498789975162
1 0.7458115462456698 0.15430310051442042 0.03091580732694634 0.023610216822512697
1 0.7703135792623567 0.17447924512822616 0.0591226944820761 0.025336343285945872
1 0.7389130930571666 0.11214287159165928 0.05303646879233561 0.028424981849627384
1 0.6368116824962884 0.13227408529091406 0.03831222749876275 0.04552157825883123
1 0.6477182049975256 0.08688431723873731 0.05204717887824373 0.03935339149054777
1 0.5626095426276253 0.05846440144949685 0.043907130257724705 0.033057939695149675
1 0.45388963986866315 0.07160072658507009 0.043579581637205676 0.026807939695149673
1 0.4572946008590826 0.10674788622599048 0.03897396879233561 0.028343168617910842
1 0.41341844810012063 0.11950696145975959 0.05599105042954129 0.054996572208707
1 0.27375508254171693 0.049204072699686324 0.02992651741285455 0.03453862646343312
1 0.26831731004047976 0.09456202449508441 0.03971095318850333 0.04240566861791082
1 0.07221467322403426 0.3192085422526736 0.049911468792335524 0.028406801131468207
1 0.10457014981828591 0.34012048507108117 0.050812227498762796 0.04559430113146821
1 0.03210757236495163 0.21003353015242515 0.0442346788782438 0.039307939695149674
1 0.10639159938874458 0.28540571399384235 0.04695024310259503 0.03151362041330889
1 0.12559862279449294 0.26419378932580734 0.04530585594746528 0.029942030054229286
1 0.32120769391624915 0.2239813589022357 0.0378209045679843 0.03614657825883123
1 0.3985105003386843 0.2227501361277946 0.043907130257724705 0.033057939695149675
1 0.44822721732199755 0.20214219945770706 0.04604284034363317 0.04400453005422929
1 0.5700645957707 0.185803606269957 0.04283595318850324 0.04242384933607006
1 0.5885180246489438 0.22477065749962105 0.048014776119281774 0.0518261204133089
1 0.5945942842598821 0.266154181601922 0.0485946302577247 0.033085210772388504
1 0.541752567276569 0.28678029899016877 0.05426477611928178 0.051862481849627426
1 0.5952028731331772 0.48653031411547937 0.04036605042954129 0.05490566861791084
1 0.7347157524863908 0.49431502215739337 0.050976001809022266 0.048719301131468204
1 0.7052462584792847 0.4390008082617468 0.06635534034363318 0.044122704722264317
1 0.6688417689947342 0.5048576124182771 0.06273237336031982 0.0644079336450254
1 0.7056899937799636 0.47729114862082656 0.04119156603337348 0.04085225897699054
1 0.6110868227036359 0.4317337298065239 0.06339411465389269 0.04722952400410509
1 0.5853498383074681 0.4178166755517978 0.050976001809022266 0.048719301131468204
1 0.31144094753429374 0.32094271731349205 0.05426477611928178 0.051862481849627426
1 0.30374131218818634 0.36787680464750955 0.058133404567984305 0.03626475292686617
1 0.2581112296464694 0.31734553952219907 0.036012743102595036 0.03144998789975162
1 0.35798507688750736 0.3292683017206433 0.03296963025772479 0.032994307181592394
1 0.40622450305221774 0.29538366023009555 0.04464411465389251 0.047120439695149674
1 0.4515613364984459 0.3701427657144857 0.04727779172311415 0.0377636204133089
1 0.5164803296010408 0.40102460617176117 0.05204717887824373 0.03935339149054773
1 0.47495457089461357 0.38407345550783123 0.05410100180902226 0.04873748184962743
1 0.5188816333099424 0.3275507447354427 0.04785100180902226 0.048701120413308895
1 0.4884914484388049 0.34413880191703505 0.06018722749876275 0.04564884328594587
1 0.49278280076822556 0.276905850121637 0.06067855042954129 0.055023843285945874
1 0.510966234734852 0.23616267545360198 0.05706222749876275 0.04563066256778665
1 0.3536893232694628 0.23238875654110352 0.044480340343633 0.04399543969514967
1 0.3285598484842335 0.25988704264545703 0.04612472749876275 0.04556703005422928
1 0.33547051051544957 0.06369329869558124 0.05311835594746528 0.029987481849627386
3 0.9724426452957301 0.4709719291660351 0.055114709408539755 0.0754545179539809
1 0.20566790309764627 0.21136825029458758 0.03897396879233552 0.028343168617910842
1 0.3009936912027157 0.15142055767257168 0.03148901741285446 0.034547716822512745
5 0.5 0.5 1 1