5 0.5046875 0.32038554245828305 0.80625 0.6407710849165661
5 0.5296875 0.8363027544110141 0.434375 0.29463962912607117
6 0.7359375 0.3192436499338869 0.075 0.06799308344622812
6 0.66015625 0.35759017695767986 0.0734375 0.07416119629109837
6 0.61328125 0.4162967916115724 0.0765625 0.06963747060135787
6 0.540625 0.4255732943251059 0.065625 0.05500176051544958
6 0.415625 0.46649926673548603 0.06875 0.058290534825709096
6 0.34296875 0.5210882694490195 0.075 0.05705558344622812
6 0.58984375 0.15815009893851867 0.08125 0.0808206320667471
6 0.48203125 0.12083156264247155 0.0875 0.08427318068726612
6 0.6328125 0.2512107021724505 0.08125 0.06832063206674714
6 0.6140625 0.3123495980340075 0.0765625 0.07276247060135788
6 0.53515625 0.37585989936806 0.065625 0.058126760515449585
6 0.49609375 0.41853207824630373 0.0640625 0.05335737336031983
6 0.3703125 0.41965524423424877 0.0703125 0.05993492198083885
6 0.42578125 0.4042482502271426 0.0609375 0.057881099050060315
6 0.4609375 0.3149057892367232 0.0890625 0.08123006784239584
6 0.37421875 0.30773177634642446 0.0828125 0.0855900192218769
6 0.440625 0.27534532225341 0.078125 0.06346935775648763