0 0.7214082082595611 0.4269122545558002 0.15154563140062188 0.19569047355046648
0 0.7019617162932432 0.5723689677240972 0.17234397881213823 0.15174305247554418
0 0.7041403243692775 0.763767512448308 0.19036593671876362 0.1403351156156063
0 0.5608299401260582 0.720929023112826 0.08871243145709169 0.13285727360693614
0 0.5018883086548491 0.8311615968468189 0.14597889988706053 0.12684946828879476
0 0.26991026656147443 0.8301928181193853 0.145326452503779 0.14238346302712265
0 0.17618817156903246 0.5550724498023559 0.18382751038216938 0.16175508930724708
0 0.34928955552990304 0.3017639812312127 0.10395799985882573 0.15398882096198277
0 0.46261776620853856 0.46906414427245285 0.12336044724210708 0.1395468893637169
0 0.42468804279924655 0.7568980732398829 0.12390647881213823 0.1489218893637167
6 0.42746849246042806 0.3996015127306566 0.383901647044463 0.36182922596954087
6 0.29955007685893914 0.5904778707361038 0.4178972154461971 0.3840528364646497
6 0.5523719689946662 0.6373429783886152 0.21682202090551303 0.1667911998023559
6 0.7332796057275471 0.5326463150650265 0.3039873629141834 0.273085973409292
6 0.32029740343552965 0.8655706985575252 0.22135687343752686 0.2688586028849496
5 0.5 0.5 1 1