3 0.8119256264125376 0.3801753025241326 0.11873006784239593 0.09171733415618064
3 0.8591005195605611 0.32743281544191044 0.11000352103089917 0.1336502610179168
3 0.8345652662812008 0.45483046361829926 0.14874511646291494 0.09865831838861112
3 0.7162002843714238 0.9358596452296881 0.10021908525525039 0.12561955547083342
3 0.28773776967210274 0.9641216238594446 0.08337906603337349 0.04251611474138883
3 0.18654492537174083 0.5965873253224654 0.06782266508343389 0.10301720364722229
3 0.04901726989924539 0.5333034624809375 0.047919600859082624 0.11035692496187507
3 0.05933289292088094 0.37280237357510415 0.05221095318850331 0.04335126291777787
3 0.08066009554355735 0.6159711453265972 0.05311835594746528 0.030887630508958354
3 0.44496277645796606 0.2865817713702434 0.07523237336031982 0.06573540919430557
3 0.2220243227036359 0.43979311787552094 0.05221095318850333 0.04335126291777769
1 0.905620231228349 0.813080027922848 0.07161605042954129 0.05628767401194459
1 0.8876038935982494 0.8415316830330909 0.07227114767057934 0.06878767401194423
1 0.8582549875599271 0.9758433133061637 0.0639673247398008 0.0483133733876727
1 0.8078212183380502 0.8974167007005216 0.049904824739800804 0.05890352773541672
1 0.7385921042499846 0.6484512174180214 0.06289614767057934 0.06856946846486131
1 0.7579286024409624 0.6005228636945492 0.0465275192218769 0.08379442496187509
1 0.6842818990253164 0.97671384925816 0.03576043758467105 0.04657230148368008
1 0.6618679884644383 0.9936285923243059 0.034204581637205675 0.01274281535138826
1 0.6214952939823623 0.9720620636389586 0.03913109905006031 0.05587587272208268
1 0.6572745844622808 0.7643833823119103 0.03888543758467122 0.05708645459715278
1 0.8104460928300238 0.5603894793858688 0.05089411465389233 0.04800239532659738
1 0.8569116570543752 0.5536680071212855 0.035105340343633176 0.044513719414791805
1 0.7308604121427578 0.47114383500920204 0.06133364767057934 0.06853310087368066
3 0.7047792689947342 0.5243772845723618 0.06585737336031983 0.06551720364722229
1 0.6994975474888652 0.4235960345723616 0.049741050429541286 0.055778527735416715
1 0.6365725808442363 0.6671447064001047 0.04456222749876275 0.04629442496187508
1 0.6519652074839165 0.6035186174942714 0.0385578889641522 0.05083645459715278
1 0.6447225955435574 0.6290998457427783 0.049413501809022264 0.049528527735416716
1 0.6593461810259503 0.32746526377079915 0.06289614767057934 0.06856946846486114
1 0.7039792503386842 0.24111084289298668 0.0483423247398008 0.05886716014423614
3 0.6556999598587656 0.45144762442812547 0.0514673247398008 0.05893989532659738
3 0.6075214094292244 0.3957054642838894 0.04570200361804453 0.0978205573706945
1 0.6497421296918979 0.24843172720166723 0.05384205223856355 0.1042523953265972
1 0.5995129941186479 0.7193423328250004 0.051883404567984216 0.03710126291777769
1 0.5980489914051144 0.6467406342117712 0.040611711894930555 0.060247822188333446
1 0.5806700616223595 0.5831320758911464 0.033706614653892505 0.047602351823611146
1 0.5990094623451565 0.947957642095556 0.041846663274411534 0.054034189779513755
1 0.5785022105361343 0.8991019147969797 0.029101001809022264 0.04905574905006951
1 0.5344999050182102 0.9230472546527434 0.05130355042954129 0.055814895326597024
1 0.46331097975801105 0.9759939563063892 0.05278416327441153 0.048012087387221666
1 0.45054098484639366 0.8992447723201739 0.04653416327441153 0.05414329255305574
1 0.48355820273421807 0.9039147417349657 0.05204717887824373 0.040226262917777686
1 0.4998106445027606 0.8566949028291322 0.06339411465389269 0.04829333605604162
1 0.5204153143358929 0.6542972546527435 0.05426477611928178 0.05276263050895835
1 0.49844073778706977 0.5476653949453476 0.05599105042954129 0.05592399810013902
1 0.5121823332190856 0.5120915708571532 0.049577276119281775 0.05265352773541672
1 0.5113137155129752 0.16796036436013934 0.05130355042954129 0.055814895326597294
1 0.4908241530976462 0.22366485049243093 0.0514673247398008 0.0589398953265972
1 0.5569570861597615 0.16043945829996575 0.03872166327441171 0.05396145459715278
1 0.455407874264831 0.09877330005559067 0.05179487336031983 0.06518989532659725
1 0.4126847857302202 0.10246069129812534 0.06453389077317447 0.09981946846486119
3 0.4550493481455492 0.04726535144236149 0.06322369629109836 0.07481946846486116
1 0.33718789800926363 0.2996792237831947 0.03362472749876275 0.046039851823611144
1 0.2952084379233553 0.28777798261690996 0.03642217887824373 0.0398625870059723
1 0.3127777182265087 0.23590701130225716 0.04900406603337348 0.041716027735416716
1 0.3133442842598822 0.27649564371107666 0.03173467887824381 0.039753484232430567
1 0.28235655585660824 0.20632796086541688 0.044070904567984216 0.03691942496187508
1 0.23395999943417314 0.20598181553881964 0.026555855947465366 0.030269381458888845
1 0.25793640999505124 0.18703244699770855 0.028029824739800802 0.058394381458888936
1 0.19152683796878386 0.2003123905769446 0.032389776119281774 0.05225348423243057
1 0.19475141451760697 0.30650783919017377 0.04727779172311406 0.03855466014423614
1 0.1513765507682256 0.28286966422829873 0.04332727611928182 0.052508057370694416
1 0.10929527136958343 0.3583593202884723 0.03510534034363304 0.04451371941479163
1 0.10421270296136069 0.4698234971502083 0.028773453188503283 0.04280574905006951
1 0.13961461442674994 0.475329267951771 0.03009029172311406 0.03815461664125017
1 0.1460184226582074 0.5230764369297223 0.057553550429541286 0.055960365691319326
1 0.05380434644806851 0.6395352786853472 0.035848968792335525 0.028925087005972117
1 0.09689260515449578 0.6577047036472223 0.04579717887824382 0.040080792553055564
1 0.2875020742855156 0.9149574252462156 0.030663501809022265 0.049092116641249815
1 0.3134946862258746 0.8898126080918752 0.049413501809022264 0.049528527735416716
1 0.24267093113749202 0.9677544637152085 0.024256371551297562 0.016170513867708534
1 0.1725321715265536 0.9247662234988543 0.04135534034363304 0.044659189779513754
1 0.2594689275194474 0.8713886099917364 0.033624727498762844 0.046039851823611144
1 0.24179342661493627 0.8467880002843404 0.03198034034363299 0.04444098423243048
1 0.23345090287050363 0.6429363016711113 0.0393834045679843 0.036810322188333446
1 0.24580373869158093 0.5659744113785071 0.03666784034363309 0.044550087005972294
1 0.23360363183960448 0.5118499558314238 0.046042840343633 0.04476829255305574
1 0.23720890942922432 0.38708634517409746 0.04596095318850333 0.043205792553055566
1 0.27820572365357554 0.3802375863403822 0.05393722749876275 0.046512630508958354
1 0.3206388851189648 0.38590701130225724 0.03526911465389251 0.04763871941479172
1 0.3322215162812007 0.4431382830537503 0.05426477611928178 0.05276263050895835
1 0.5392937098587657 0.44873823888517406 0.05821529172311415 0.03880923328249999
1 0.5696285837849123 0.3128923110735074 0.050976001809022266 0.049564895326597205
1 0.5102912053362099 0.327117158813056 0.047107373360319824 0.06508079255305557
1 0.5692844250330567 0.38077014209555604 0.06717421189493074 0.06086607123840286
1 0.5482415846894235 0.3365837310013894 0.042754066033373485 0.041570557370694414
1 0.48695660391130036 0.41786879217180595 0.05015048620519007 0.06359102773541672
1 0.46931208050555195 0.43852613107763927 0.05253850180902227 0.04960126291777769
1 0.3282621138609231 0.6802564233463544 0.05426477611928178 0.05276263050895835
1 0.37385789687760984 0.7016053996950002 0.03888543758467104 0.05708645459715278
1 0.31616158355776974 0.7322546812301391 0.034614017412854546 0.03513871941479181
1 0.34393802351729 0.6369246506449308 0.034450243102595035 0.03201371941479181
1 0.31829289235505404 0.5793660705728128 0.04908595318850324 0.04327852773541672
1 0.399795197872978 0.5562935529053823 0.04143722749876275 0.04622168977951393
1 0.441378510288307 0.5010800292540282 0.0416828889641522 0.05090918977951393
1 0.41756255201142106 0.537979963999549 0.05113977611928178 0.05268989532659738
1 0.3691792836940553 0.47833155385531273 0.05237472749876275 0.04647626291777769
1 0.37953360752934495 0.5121253256068059 0.0483423247398008 0.058867160144236055
1 0.31432468735752844 0.48875925436840306 0.05936171189493056 0.060684233282499986
1 0.2777354121427578 0.46059723356684046 0.04817855042954129 0.05574216014423605
1 0.24830129692303834 0.6136306613785071 0.04596095318850333 0.043205792553055566
1 0.27029248360319824 0.6461346900638544 0.05081222749876284 0.04643989532659738
1 0.07815921528583256 0.5831404615310071 0.03238977611928182 0.05225348423243048
3 0.588230340343633 0.05738784669270882 0.07925813206674696 0.08299564437666673
1 0.20172394730715112 0.7522197294827779 0.03009029172311406 0.03815461664124999
1 0.1592730964480685 0.6419900910900348 0.03593085594746528 0.030487587005972296
5 0.5 0.5 1 1