0 0.49675175832859486 0.7569174500715876 0.18328202669174587 0.12863517202418073
0 0.36548185368969016 0.698331696053452 0.13599053262324484 0.15619655068427196
0 0.1854561140698135 0.6469948206954077 0.12112953657757744 0.17476473734881742
0 0.26867447376536485 0.52290388737268 0.12630251482874763 0.07174882535009015
0 0.18230057505795916 0.4367022106938169 0.1132241946765233 0.1340670120146356
0 0.25459070501946557 0.2163448047024074 0.12865819368794007 0.12956132535009016
0 0.5426955414833123 0.20484642007476928 0.14418503460041113 0.16566245735199914
0 0.7277722425484451 0.43914124610117716 0.14868685079830274 0.08450336401972632
0 0.5361630627006695 0.49944130474217835 0.13082818874502422 0.10616018801718105
0 0.27668458642666566 0.3838686593729982 0.13864068874502422 0.10625109468490823
6 0.6125491491645162 0.4854793494191324 0.32794190517037725 0.34427944804263433
6 0.47111501874589923 0.31187712273231516 0.3464664120904596 0.3772919427116343
6 0.3501327207996153 0.5379209073838158 0.14864704152049332 0.19851132001908986
6 0.3935458452867332 0.7385208913908154 0.24707922433401847 0.27618288136536223
6 0.20456153011460582 0.25484368336249863 0.25457870653952136 0.1919351507001803
5 0.5 0.5 1 1