5 0.5 0.4644117767345423 1 0.9288235534690846
6 0.6169731553946336 0.4586804920830416 0.17018632535009015 0.125401084022908
6 0.7845622867599957 0.6965361227720861 0.10447041868236298 0.11682496801399936
6 0.646536122772086 0.7839804840865414 0.08871814934754489 0.10570565467854483
6 0.5792753500954502 0.7097702774108601 0.1276533800127268 0.09522268801718106
6 0.5289566294159508 0.6146663154041786 0.13997156667727212 0.07974313868554468
6 0.4803838640992682 0.7367407627307243 0.1165704293443632 0.08259541868236298
6 0.35952701877781307 0.8228226187141796 0.10852157200827231 0.062192012014635624
6 0.3653668440881323 0.6533822753819069 0.09645792401336309 0.099546561346272
6 0.23327995540258772 0.5128016340308623 0.14026246801399936 0.10474313868554468
6 0.11842820942072325 0.6450408746817266 0.1259272480108177 0.08114200668363551