5 0.5046875 0.6625 0.6875 0.5046875
5 0.5515625 0.159375 0.378125 0.21171875
6 0.2953125 0.60390625 0.06484375 0.05078125
6 0.3703125 0.58203125 0.06171875 0.05859375
6 0.4203125 0.5359375 0.0640625 0.05234375
6 0.4875 0.53984375 0.05546875 0.04140625
6 0.6078125 0.525 0.0578125 0.04453125
6 0.68125 0.4875 0.065625 0.04140625
6 0.40859375 0.778125 0.06640625 0.0625
6 0.50234375 0.83203125 0.071875 0.06484375
6 0.38046875 0.68515625 0.0703125 0.05078125
6 0.40625 0.63203125 0.0640625 0.0546875
6 0.4859375 0.58671875 0.0546875 0.04296875
6 0.528125 0.5546875 0.05546875 0.0390625
6 0.64296875 0.5765625 0.059375 0.0453125
6 0.58984375 0.58046875 0.05078125 0.04296875
6 0.54609375 0.65625 0.075 0.06015625
6 0.62578125 0.67890625 0.06875 0.06640625
6 0.559375 0.696875 0.06640625 0.04609375