5 0.4752752083605517 0.6835910217860108 0.7861955157787326 0.6202593281352516
5 0.5887847030878921 0.16638095855386875 0.42301094718226045 0.2731217539915137
6 0.2648312708817562 0.5936504768054764 0.07551092068857254 0.0623673488211363
6 0.34506440790506476 0.5812724936113904 0.07271330290255769 0.07161501482874755
6 0.4036234415703287 0.5398463389724857 0.07400298439090332 0.06386618182494211
6 0.4727727456540127 0.5536170203031361 0.06262897477225646 0.05092051285158128
6 0.5994989367610053 0.5540865469948819 0.06586310217691818 0.054172846843970036
6 0.6810862426587878 0.525334147298893 0.07362103847458741 0.052928681824942106
6 0.36040912179273005 0.7915706650562091 0.0759474303072194 0.0748673488211363
6 0.45114075999716496 0.8594213513297755 0.0838690577118811 0.07831068380210837
6 0.3435886987419049 0.6907429941056821 0.08176092068857255 0.06262201680591381
6 0.37669386462115395 0.6388913340295698 0.07411211179556512 0.0669911818249421
6 0.4663664890305908 0.6026447693145529 0.06112103847458741 0.0524193458553869
6 0.5127156993748769 0.5748036122041903 0.06408234736759474 0.04785917984777566
6 0.6303198616259291 0.6124548039149641 0.06742560217691818 0.05423651384016441
6 0.5748783934770945 0.6094133755500633 0.05794147477225664 0.05072951186299797
6 0.519107053914048 0.6830299476794538 0.08521330290255769 0.07212435079830275
6 0.5985118117185964 0.716777547983465 0.08074405771188112 0.07818334980971961
6 0.527735520248784 0.7271937831547174 0.07529266587924895 0.0561173488211363