3 0.67265625 0.7578125 0.0734375 0.0984375
3 0.72890625 0.8 0.1140625 0.084375
3 0.60546875 0.78359375 0.07578125 0.12734375
3 0.140625 0.696875 0.10859375 0.07734375
3 0.0390625 0.29921875 0.078125 0.07265625
3 0.3953125 0.18671875 0.08984375 0.05078125
3 0.43671875 0.04296875 0.096875 0.0578125
3 0.590625 0.0578125 0.0359375 0.04375
3 0.3640625 0.08984375 0.0234375 0.0453125
3 0.7171875 0.4125 0.05390625 0.0609375
3 0.546875 0.21171875 0.034375 0.04296875
1 0.27890625 0.86796875 0.0453125 0.06015625
1 0.24921875 0.85234375 0.05625 0.0578125
1 0.1140625 0.83203125 0.0484375 0.053125
1 0.18828125 0.78046875 0.05078125 0.03984375
1 0.4125 0.70390625 0.059375 0.05
1 0.46015625 0.71953125 0.075 0.03125
1 0.09375 0.6703125 0.04921875 0.0265625
1 0.0640625 0.65078125 0.04140625 0.0265625
1 0.09296875 0.6109375 0.05390625 0.028125
1 0.00859375 0.5765625 0.0171875 0.053125
1 0.01640625 0.55078125 0.0328125 0.03203125
1 0.29453125 0.63359375 0.05 0.028125
1 0.50390625 0.76640625 0.0390625 0.040625
1 0.515625 0.80859375 0.03828125 0.02734375
1 0.578125 0.68828125 0.0578125 0.0484375
3 0.525 0.66640625 0.05390625 0.053125
1 0.61953125 0.65546875 0.04609375 0.0390625
1 0.38359375 0.609375 0.0390625 0.034375
1 0.44453125 0.62109375 0.04296875 0.0296875
1 0.41953125 0.615625 0.040625 0.03984375
1 0.70390625 0.6140625 0.05859375 0.05
1 0.790625 0.6515625 0.04921875 0.0375
3 0.5875 0.6171875 0.05 0.0421875
3 0.634375 0.56953125 0.0890625 0.0296875
1 0.7765625 0.60078125 0.09296875 0.03515625
1 0.3296875 0.57734375 0.02890625 0.04296875
1 0.39765625 0.57265625 0.05234375 0.0296875
1 0.45546875 0.553125 0.03984375 0.025
1 0.115625 0.58828125 0.046875 0.03203125
1 0.15859375 0.5671875 0.04453125 0.02109375
1 0.13046875 0.52734375 0.04609375 0.040625
1 0.05 0.46328125 0.08515625 0.04296875
1 0.14296875 0.44765625 0.04609375 0.03671875
1 0.1421875 0.478125 0.03203125 0.04296875
1 0.1890625 0.49140625 0.03828125 0.05390625
1 0.38125 0.50078125 0.04453125 0.04375
1 0.478125 0.475 0.04765625 0.0453125
1 0.51328125 0.4859375 0.04453125 0.03984375
1 0.8359375 0.46875 0.04765625 0.04140625
1 0.78125 0.45234375 0.05078125 0.040625
1 0.84921875 0.5109375 0.04609375 0.0296875
1 0.89453125 0.4125 0.05546875 0.0390625
1 0.8859375 0.3734375 0.08828125 0.04765625
3 0.95234375 0.41171875 0.0796875 0.04765625
1 0.6921875 0.3125 0.03984375 0.025
1 0.6984375 0.27265625 0.03359375 0.028125
1 0.7484375 0.28671875 0.03359375 0.03984375
1 0.71171875 0.28984375 0.03359375 0.025
1 0.77265625 0.2578125 0.0296875 0.03671875
1 0.76796875 0.2125 0.02578125 0.01953125
1 0.78828125 0.23359375 0.05234375 0.01875
1 0.76796875 0.17265625 0.04765625 0.02265625
1 0.66875 0.18046875 0.03046875 0.03984375
1 0.6859375 0.1390625 0.0453125 0.03359375
1 0.609375 0.10390625 0.0375 0.02578125
1 0.5046875 0.10390625 0.0390625 0.0203125
1 0.503125 0.1375 0.0328125 0.02421875
1 0.459375 0.1453125 0.04609375 0.04765625
1 0.3390625 0.065625 0.0234375 0.02890625
1 0.32734375 0.10625 0.03125 0.0375
1 0.10859375 0.296875 0.04375 0.021875
1 0.1359375 0.31953125 0.040625 0.03984375
1 0.040625 0.25859375 0.04296875 0.02109375
1 0.0859375 0.190625 0.03828125 0.03203125
1 0.14609375 0.26875 0.03984375 0.025
1 0.1671875 0.25078125 0.0375 0.0234375
1 0.3578125 0.2328125 0.03125 0.03125
1 0.43125 0.240625 0.03671875 0.02734375
1 0.48046875 0.2265625 0.03671875 0.0375
1 0.59765625 0.22421875 0.0359375 0.0375
1 0.609375 0.26171875 0.0375 0.04453125
1 0.60859375 0.3015625 0.04140625 0.02578125
1 0.55625 0.315625 0.04375 0.04453125
1 0.5765625 0.5078125 0.03125 0.04921875
1 0.7078125 0.5296875 0.04140625 0.040625
1 0.68671875 0.475 0.0578125 0.034375
1 0.64375 0.5328125 0.04921875 0.05546875
1 0.68203125 0.5109375 0.034375 0.03515625
1 0.59921875 0.4578125 0.05390625 0.0390625
1 0.57734375 0.44296875 0.04140625 0.0421875
1 0.334375 0.3234375 0.04375 0.04375
1 0.31953125 0.36640625 0.05078125 0.0296875
1 0.28359375 0.31484375 0.0296875 0.02734375
1 0.37734375 0.3359375 0.0265625 0.028125
1 0.42734375 0.309375 0.034375 0.0421875
1 0.45859375 0.38359375 0.03984375 0.03125
1 0.515625 0.41953125 0.04453125 0.03125
1 0.478125 0.4 0.04375 0.0421875
1 0.528125 0.35078125 0.03828125 0.0421875
1 0.49765625 0.36328125 0.05078125 0.03828125
1 0.51171875 0.30078125 0.05078125 0.0484375
1 0.534375 0.26484375 0.04765625 0.0390625
1 0.38671875 0.2453125 0.03515625 0.0375
1 0.35859375 0.26796875 0.03671875 0.03984375
1 0.39453125 0.08515625 0.0453125 0.02421875
3 0.95703125 0.534375 0.0859375 0.06328125
1 0.2515625 0.209375 0.03203125 0.02265625
1 0.34921875 0.1640625 0.025 0.0296875
5 0.5 0.5 1 1