4 0.7834675872607717 0.3126509679330424 0.1991781703877141 0.2204875982129911
4 0.776629159839235 0.7691912942319362 0.2188356989237615 0.20677965421934558
4 0.45838223572746717 0.9545557708997997 0.14669952564056316 0.09088845820040063
4 0.24271869437113827 0.9206785129856435 0.11519696856846853 0.12690914772652384
4 0.09163772973161113 0.777530710632737 0.11214474317557444 0.12841710064862308
4 0.22171471980681368 0.6205557820603669 0.12061221463952716 0.1426159683433749
4 0.13059299028009033 0.23958642572970099 0.12253858767505643 0.1504557418823252
4 0.094632027293193 0.43957674310014117 0.07398977171162176 0.11370003571381489
4 0.3478126852749104 0.4619501696406211 0.0935017510334573 0.09686709172016936
5 0.5 0.5 1 1
4 0.26703141211554654 0.40355524269310405 0.13511136228216233 0.15223643019392785
4 0.5342895326698764 0.37621504139256257 0.13979886228216215 0.1523182508107789