4 0.2274483863959728 0.709375 0.1861959924005557 0.2125
4 0.21174150626826407 0.2359375 0.20770731648875013 0.196875
4 0.5295790504368403 0.02890625 0.14353310087368065 0.0578125
4 0.7534711453265972 0.0484375 0.1067604526972918 0.0890625
4 0.916354964665139 0.165625 0.10447190729444458 0.125
4 0.7899412010817711 0.33984375 0.11417421561506949 0.1390625
4 0.901285929898959 0.7265625 0.11282992116215276 0.1484375
4 0.9291888050895837 0.515625 0.06515483415618065 0.1140625
4 0.6674518712939934 0.51484375 0.08811955547083343 0.09375
5 0.5 0.5 1 1
4 0.7538446193941324 0.56796875 0.12529355357097244 0.146875
4 0.4800629336986811 0.6203125 0.13157992116215295 0.1484375