4 0.5666332270485369 0.8233689392505038 0.14988489258219673 0.1485295013526354
4 0.7498385526928489 0.7392559265595503 0.15687852103089917 0.13299540802036275
4 0.811152268205824 0.5823877612190053 0.1698698439616777 0.14251585868872638
4 0.7962752979431504 0.4342138905554142 0.18022748982323478 0.1613749466899989
4 0.7204918051792397 0.2414638639004137 0.18803334577069997 0.19113517202418073
4 0.504976347806865 0.18229050059677596 0.18334584577069996 0.19108062802354436
4 0.33520275836774305 0.20378533461968398 0.18597952283992142 0.1817419906906353
4 0.1538664699239893 0.37141937197645564 0.17635886137453222 0.17694540268936265
4 0.07081437076035767 0.5224011639879096 0.14162874152071533 0.16270108935390812
4 0.10603432101021455 0.6881892486473646 0.14289790818602893 0.1343942760184536
4 0.2493571958408724 0.7989529312937746 0.15021244120271565 0.1547795013526354
4 0.4004826045927282 0.8651217292727754 0.15860479534115868 0.13613858935390794
4 0.620663387043588 0.6416007712444587 0.1573698439616777 0.14237040802036277
4 0.6285245539360442 0.49160077124445867 0.15522748982323478 0.16108404535327187
4 0.4726519329505736 0.7096887945974123 0.15161781094499088 0.12200336401972631
4 0.3492996421319708 0.7243972792807296 0.15202724672063966 0.1298158640197265
4 0.46114562415328936 0.5567910612667303 0.16394739258219673 0.14869313335454457
4 0.23286349389556454 0.5922398546308199 0.14199714947960168 0.1172067760184536
4 0.294886538332212 0.48142907662318385 0.14922979534115868 0.13602950135263542
4 0.5384937754419132 0.3919285825907307 0.16040631275401332 0.17051358935390812
4 0.4081821556996381 0.36065240527532083 0.16295810266810484 0.15961245202099902
5 0.5 0.5 1 1