5 0.5 0.5 1 1
4 0.08962474898394719 0.6699066403044487 0.17586753844375372 0.17243736859279987
4 0.06571909599784259 0.5499416501902804 0.13143819199568518 0.16574169961943924
4 0.061878123021635555 0.3799474851712524 0.12375624604327111 0.12760502965749526
4 0.12773109509333141 0.2551756368444075 0.13574714947960165 0.12090936068413445
4 0.22951824513875999 0.33600253110318895 0.14240658525525038 0.12897652866891213
4 0.27762711725588435 0.5188031022439965 0.17759381275401323 0.17562603558899426
4 0.23627069764989472 0.74266902517169 0.19042136137453225 0.18238537155854945
4 0.43896525045428525 0.8318575646778358 0.1944471200809595 0.1997002055509384
4 0.3975844131628699 0.5801796595446396 0.15021244120271565 0.15891869665368966
4 0.5921322732942067 0.6463127010279518 0.17603131275401313 0.17556236859280006
4 0.6304124440318501 0.8232771076440228 0.21442542740790566 0.22390170950527094
4 0.8347081976498947 0.7182845656292379 0.17019739258219674 0.15349636760421675
4 0.9167029053609538 0.5520109668081016 0.11222111827193722 0.14801568874502422
4 0.7127081241532893 0.532258176807664 0.1788287641334943 0.1694397025851888
4 0.9152676373822723 0.3860185522833651 0.1326155054270668 0.1504058596955513
4 0.882708522162553 0.23376764418441928 0.15465427973732632 0.15442219764227277
4 0.7360935509953682 0.11578825981146965 0.12843261646291496 0.10034219269935693
4 0.48912786126299057 0.45483480825204514 0.12431168249628843 0.14071252471457923
4 0.5934059254873418 0.45838161950702094 0.13385045680654795 0.1442195266917457
4 0.6830692910457455 0.3837861847163294 0.13509869629109836 0.07878552768032883
4 0.2950557931934521 0.12674293623638525 0.12859639077317436 0.10346719269935693
4 0.33072662030810207 0.21961884433533108 0.15013719810012063 0.12773236364988402
4 0.492107855608781 0.17484356072350313 0.14076219810012064 0.12735036167271768
4 0.5589036092268256 0.07545371437382467 0.13550148801421233 0.1162218606841345
4 0.43740042345117686 0.08820040657889001 0.11338747060135787 0.0810191897336074
4 0.5904966887163248 0.3205142049822845 0.12522572930778503 0.09865235870696817