5 0.5 0.5 1 1
4 0.6283943946787108 0.9022674074235868 0.18551037155854927 0.18332267202418073
4 0.49639763677004556 0.9346584526973167 0.17116402866891214 0.13068309460536653
4 0.32173321779668473 0.9446777953532719 0.13746019072219057 0.11064440929345629
4 0.19255239517300246 0.8948510653644076 0.1306663626613008 0.1405170066836355
4 0.28238816939329026 0.7809981980426344 0.1402960306460784 0.14687609468490823
4 0.478094600229649 0.7160560927354969 0.1870092045623551 0.18177835335772627
4 0.7122958452867332 0.7422298834340862 0.19545837452429887 0.19749426002545328
4 0.8166490587463369 0.5214639447803584 0.21433570851668762 0.2008374360279987
4 0.5483182114080751 0.5847793680776328 0.17030186562705046 0.15503404002227175
4 0.6280388393924152 0.3738878687539505 0.1870092045623551 0.18177835335772619
4 0.8171132682516078 0.3182480381126312 0.24166221247102015 0.21989651869827131
4 0.7153292282511702 0.11149750409767734 0.16650570357377176 0.1768544960216354
4 0.5466548241065571 0.05013164807445112 0.1504403517868859 0.08920904535327182
4 0.5132826141069946 0.25530949673772396 0.18238537155854945 0.18328630935708984
4 0.3726124876427103 0.06295727005090675 0.1530215237259962 0.11422722668681726
4 0.209510309772101 0.11420959269572595 0.16009919467652328 0.13461245202099908
4 0.07442836114124504 0.26427213267822675 0.10847302768032889 0.13244996801399936
4 0.4205380627006695 0.49809588605981536 0.15046952669174568 0.12825336401972648
4 0.43052716943047126 0.38722202072722445 0.15247769566510652 0.13920904535327178
4 0.3559675212173572 0.29881295404995223 0.08685269566510642 0.13844542934436319
4 0.06489426327151077 0.7284437206794994 0.11166169467652327 0.13404883068109025
4 0.1660230231573425 0.6827232353596351 0.13905186562705035 0.15467041335136286
4 0.125115474753948 0.5165437046864991 0.13710736364988402 0.14527723201781734
4 0.04376329296618704 0.45294373400699967 0.08752658593237408 0.14026246801399936
4 0.03738265313743942 0.5818863466740906 0.07476530627487885 0.11658861067790856
4 0.2837967494685274 0.40114706604072536 0.10678319368794006 0.1293067866804538