4 0.37265625 0.17265625 0.12421875 0.13046875
4 0.21015625 0.26171875 0.13359375 0.115625
4 0.17109375 0.41171875 0.14375 0.12265625
4 0.20078125 0.55 0.153125 0.13984375
4 0.2953125 0.7265625 0.15625 0.16796875
4 0.5046875 0.76953125 0.1515625 0.16796875
4 0.6625 0.73984375 0.15625 0.159375
4 0.81328125 0.57265625 0.146875 0.15390625
4 0.88359375 0.4265625 0.1328125 0.14296875
4 0.82265625 0.2734375 0.1203125 0.11640625
4 0.67421875 0.17734375 0.12578125 0.13515625
4 0.525 0.1234375 0.1359375 0.11875
4 0.34296875 0.3453125 0.1328125 0.125
4 0.353125 0.48671875 0.1296875 0.1421875
4 0.475 0.2734375 0.12890625 0.1046875
4 0.5890625 0.253125 0.12890625 0.11328125
4 0.50234375 0.41640625 0.1390625 0.12890625
4 0.7140625 0.3703125 0.12109375 0.1
4 0.66796875 0.478125 0.1265625 0.11796875
4 0.4484375 0.575 0.13203125 0.1515625
4 0.57578125 0.59765625 0.13671875 0.13984375
5 0.5 0.5 1 1