4 0.6267486270261436 0.858941267168414 0.14090279691210802 0.14297836123992697
4 0.7986384959932847 0.7708968873853312 0.1497321598887993 0.12740790339440444
4 0.8400298439090339 0.6141383481577197 0.16094247840045384 0.1352840359079618
4 0.8083656377410987 0.46789006205336625 0.17258930653075488 0.15566016842151917
4 0.7087673979078998 0.2775054356881289 0.17831351687504088 0.1853749394987579
4 0.48738098202865066 0.22310324023744266 0.17200895317271012 0.18377607806243948
4 0.3210665012659443 0.24713057181592352 0.17798613466105584 0.17599993949875792
4 0.16217019482000766 0.4164840389330239 0.16833831614940156 0.16813289734428025
4 0.09011912394610067 0.5675965661585828 0.14608137023308557 0.15706813231716552
4 0.15212559454200597 0.732767569085449 0.13566965988879928 0.12732609016268787
4 0.30974217630050416 0.8399129694547913 0.14106648801910043 0.14766586123992695
4 0.4666122243937384 0.9033129150036736 0.152966287293461 0.13055108411256383
4 0.6586732057045989 0.6771327309658646 0.15005954210278444 0.13678290339440444
4 0.6479936221320022 0.527882164709086 0.1475893065307547 0.15551472267624522
4 0.5197496041606529 0.7474038034691592 0.14310021397248338 0.116434041958086
4 0.39925605488629223 0.7638868006404889 0.14493553248413757 0.1242556323171657
4 0.49023817503455974 0.5957004029034252 0.15652779691210802 0.14306926483072288
4 0.26743808129516206 0.6350209363755 0.13512402286549072 0.11170109016268785
4 0.31588052657850585 0.5236067134046671 0.143591287293461 0.130496541958086
4 0.5469271407363236 0.4296577672666098 0.15104168874473983 0.16490790339440445
4 0.41313249409436825 0.4007600867448423 0.153730179126093 0.15242608411256367
5 0.5 0.5 1 1