5 0.5 0.525 1 0.95
4 0.1 0.575 0.13828125 0.13515625
4 0.0796875 0.44765625 0.1359375 0.128125
4 0.11171875 0.28515625 0.12265625 0.0953125
4 0.20703125 0.18359375 0.109375 0.08984375
4 0.28984375 0.28828125 0.1125 0.09765625
4 0.30390625 0.47734375 0.1375 0.1375
4 0.2265625 0.68359375 0.15 0.140625
4 0.403125 0.82265625 0.1484375 0.15859375
4 0.40703125 0.56796875 0.1125 0.12734375
4 0.58046875 0.6828125 0.1359375 0.1375
4 0.5859375 0.8640625 0.16171875 0.1796875
4 0.79765625 0.81484375 0.1359375 0.115625
4 0.92890625 0.68203125 0.12734375 0.115625
4 0.7140625 0.60390625 0.13984375 0.13125
4 0.94140625 0.515625 0.1171875 0.121875
4 0.9296875 0.35859375 0.125 0.12265625
4 0.80703125 0.20703125 0.1078125 0.07109375
4 0.51484375 0.4703125 0.09140625 0.11484375
4 0.61328125 0.5015625 0.10078125 0.11484375
4 0.7109375 0.45234375 0.12109375 0.0453125
4 0.3875 0.103125 0.10703125 0.07421875
4 0.40546875 0.20234375 0.121875 0.09453125
4 0.56640625 0.20078125 0.11328125 0.09609375
4 0.64609375 0.121875 0.11015625 0.0859375
4 0.528125 0.10234375 0.096875 0.05390625
4 0.634375 0.3671875 0.10390625 0.06953125