4 0.58671875 0.775 0.21875 0.175
4 0.384375 0.7984375 0.2171875 0.20546875
4 0.8953125 0.75703125 0.20859375 0.21015625
4 0.75078125 0.58203125 0.15703125 0.16328125
4 0.37421875 0.56328125 0.18671875 0.14609375
4 0.16796875 0.5078125 0.1921875 0.1421875
4 0.02578125 0.60078125 0.05078125 0.13046875
4 0.078125 0.70859375 0.15546875 0.103125
4 0.04921875 0.12890625 0.09765625 0.084375
4 0.15625 0.08515625 0.1328125 0.0859375
4 0.2140625 0.17578125 0.128125 0.0953125
4 0.959375 0.165625 0.08125 0.08828125
4 0.44609375 0.37421875 0.08203125 0.12109375
4 0.46484375 0.21796875 0.1171875 0.0921875
4 0.32734375 0.03046875 0.0765625 0.0609375
4 0.4421875 0.02109375 0.10703125 0.0421875
4 0.54921875 0.009375 0.0953125 0.01875
4 0.771875 0.171875 0.10625 0.07578125
4 0.67109375 0.20546875 0.059375 0.07578125
4 0.68828125 0.34609375 0.14375 0.05546875
4 0.8390625 0.32578125 0.12109375 0.0734375
4 0.7875 0.4515625 0.14609375 0.15
4 0.503125 0.484375 0.084375 0.14140625
4 0.39140625 0.0734375 0.1 0.06484375
4 0.8203125 0.03984375 0.071875 0.0796875
4 0.965625 0.23046875 0.06875 0.0578125
3 0.38671875 0.790625 0.1125 0.08671875
3 0.3625 0.66015625 0.17734375 0.10859375
3 0.19765625 0.64296875 0.115625 0.06796875
3 0.5765625 0.559375 0.11015625 0.1234375
3 0.42578125 0.62421875 0.04453125 0.04921875
3 0.62109375 0.66484375 0.09609375 0.1046875
3 0.85546875 0.8953125 0.0890625 0.10859375
3 0.725 0.67578125 0.0921875 0.08046875
3 0.92890625 0.60625 0.1265625 0.09453125
3 0.60546875 0.46484375 0.078125 0.065625
3 0.74609375 0.45078125 0.06484375 0.08203125
3 0.68671875 0.409375 0.06015625 0.05625
3 0.253125 0.4109375 0.1046875 0.07109375
3 0.13046875 0.39765625 0.08046875 0.16875
3 0.06640625 0.38515625 0.0765625 0.071875
3 0.05078125 0.25703125 0.1015625 0.1125
3 0.15625 0.265625 0.13046875 0.06171875
3 0.365625 0.221875 0.06875 0.05078125
3 0.6984375 0.28828125 0.075 0.05546875
3 0.8171875 0.33203125 0.09765625 0.0546875
3 0.92109375 0.34140625 0.10234375 0.0765625
3 0.95546875 0.3921875 0.0890625 0.0625
3 0.85546875 0.265625 0.121875 0.071875
3 0.6421875 0.12578125 0.10625 0.05
3 0.64140625 0.0828125 0.0828125 0.05390625
3 0.796875 0.1203125 0.0890625 0.04375
3 0.55546875 0.05 0.06953125 0.04921875
3 0.51953125 0.1984375 0.0875 0.05546875
3 0.36015625 0.3234375 0.06171875 0.053125
3 0.2609375 0.06953125 0.08125 0.0828125
5 0.5 0.5 1 1