4 0.7683896573838158 0.3674298144100669 0.2138101507001803 0.24810219847574838
4 0.8253952774108602 0.5663304018422803 0.24195333203372585 0.24982832493918145
4 0.6971937206794994 0.09285862392935033 0.2443874413589988 0.18571724785870067
4 0.5465317440324531 0.23589905504029302 0.191189716024817 0.18391243344863373
4 0.5923469674172235 0.6145644105246831 0.17743629869508962 0.21039312021691714
4 0.572971900779722 0.8295354255517978 0.1743658426957259 0.21506243949875808
4 0.6876894761298121 0.9523138745185256 0.1366829346753633 0.0648533612399266
4 0.7861082474538126 0.8829866367169696 0.12689085868872638 0.16322722872636958
4 0.21294401479944844 0.9769523436787292 0.09738407733927242 0.044313602262936055
4 0.15357755812376703 0.9108869821442148 0.10952154535327181 0.14750223477649343
4 0.23399121678067658 0.8385392834720748 0.11729768268618095 0.14442268657189175
4 0.09645792401336303 0.0978829880961433 0.10263519867918125 0.09277837334017516
4 0.3910748214114964 0.5735450216664141 0.133994286680454 0.10233518052176756
4 0.2333350467456782 0.5807131479334554 0.11246473201781733 0.13189541549465283
4 0.07122704010181351 0.7496363856368153 0.06974997334499947 0.08633747579950324
4 0.042556052752996024 0.6357329669207086 0.05601473734881747 0.11438066256778665
4 0.017091881405133062 0.5288426174864427 0.023020424013363024 0.09856476502711473
4 0.13532207137172553 0.2820443646577723 0.09356928134945379 0.1192863311856975
4 0.18565897338477036 0.3778517683467643 0.08519316000954502 0.07080337939029935
4 0.3234765993793615 0.3372035215682182 0.07988858935390812 0.1520170179539809
4 0.27721812269254426 0.18902509680198726 0.09529541335136278 0.1333579215447771
4 0.4111936806969986 0.22106037110068 0.17540108402290802 0.1697590298578376
4 0.4917827987348605 0.49951664832623893 0.1559238306810901 0.10714994554888228
4 0.10086853942549576 0.6783653736347628 0.08254087468172658 0.11141019867214012
4 0.02172264803468022 0.25535966569104457 0.03846361067790857 0.08303066861791084
4 0.1610925886775904 0.07953698819433919 0.06960452267663593 0.0738374757995032
3 0.8167924367440873 0.5655991488172182 0.10616018801718105 0.12717155405833439
3 0.6907481047501325 0.6108667179026672 0.13821016669318062 0.19610336123992678
3 0.701287257439495 0.7780042209277294 0.08741018801718106 0.12706246974937888
3 0.5540731660566338 0.4139922387835144 0.14215223201781732 0.13206813231716552
3 0.644762895408951 0.5533178383159761 0.05684998400699968 0.05188975292686635
3 0.6517834127148159 0.35091954616149845 0.12162155601527189 0.11319995764913049
3 0.8416158826782268 0.08026563681516566 0.12311133068109044 0.10695904800821017
3 0.6451056040340439 0.24704511241827715 0.09653064934754471 0.10524201190385671
3 0.5413704346753633 0.06265803952219906 0.1171158693507266 0.12531607904439812
3 0.4554629433879521 0.39972118140553026 0.077580654678545 0.08794542759490129
3 0.41713514536918017 0.2616535548439013 0.0930965666772721 0.07866133118569749
3 0.3858766020448615 0.3282461572050335 0.06642497867599957 0.06913179508134393
3 0.4612253314369498 0.7606495910464506 0.08884541868236298 0.11613406010845857
3 0.4689207474538127 0.8848319796101322 0.18248633068109027 0.10730448165323558
3 0.466568454129494 0.9512564103282914 0.08384883601209037 0.08954428903121965
3 0.34091447346431214 0.9629256842342006 0.12581816000954502 0.07103972872636959
3 0.3329287034531763 0.880935340850059 0.0844306386855446 0.13954428903121965
3 0.25402081142581395 0.6798182684449603 0.06182838534372674 0.07691702400410509
3 0.2640925087125888 0.3367677052132437 0.06815111067790855 0.08320338544042354
3 0.28684766136218054 0.21084555464750956 0.07154883068109026 0.10665906615858275
3 0.27858917134786293 0.10541771126336785 0.09507723734881743 0.11460792154477706
3 0.3226567973424541 0.06531488602959876 0.07770792401336309 0.09888292759490128
3 0.21387323802513522 0.1839245063447118 0.09215223201781733 0.13177724082661785
3 0.11114077872372466 0.41969435558258594 0.06695223734881747 0.11444429508134384
3 0.06746350405790644 0.4261988856368153 0.06826019867918125 0.09257838544042354
3 0.07966241736949833 0.2659608224050987 0.05893974267981759 0.09721134328594587
3 0.04977711207031495 0.5177142199457707 0.0618283853437268 0.07691702400410509
3 0.20461006273867852 0.5293142743968886 0.06987724267981754 0.09727497579950324
3 0.3554560420909958 0.668289895104785 0.06331816000954493 0.0706761143631848
3 0.1195741807765404 0.8087341296848869 0.09798406134627213 0.09587610226293641
5 0.5 0.5 1 1