4 0.49453125 0.7515625 0.0890625 0.10078125
4 0.2421875 0.66953125 0.1046875 0.07421875
4 0.59609375 0.63515625 0.09375 0.090625
4 0.66171875 0.56875 0.084375 0.06953125
4 0.715625 0.76484375 0.10234375 0.103125
4 0.85625 0.43984375 0.06484375 0.059375
4 0.61171875 0.5234375 0.0734375 0.06796875
4 0.465625 0.4984375 0.05625 0.084375
4 0.43203125 0.46328125 0.09296875 0.0859375
4 0.32421875 0.45390625 0.08359375 0.07578125
4 0.1609375 0.4796875 0.0765625 0.08671875
4 0.196875 0.340625 0.0859375 0.06796875
4 0.334375 0.37890625 0.08515625 0.065625
5 0.5 0.51953125 1 0.9609375