4 0.7843225413689108 0.5599584980971958 0.1209488251355733 0.11427735870696801
4 0.6591963181034904 0.8016764714054501 0.09444995764913067 0.1241325197716634
4 0.679698153001621 0.4322871428502687 0.10845791549465282 0.11533052273741298
4 0.6222032946885605 0.3502757974891734 0.08494769262201593 0.10187551779449713
4 0.833008984481906 0.33621459197541625 0.12258404800821018 0.12684102570316255
4 0.5201403040583343 0.12585677623463515 0.0723295179539809 0.08105368182494202
4 0.5669936199223296 0.3925468691242725 0.08332156010845856 0.09087435079830275
4 0.5186293636758137 0.5374163587441492 0.09573065651766229 0.07575868676785795
4 0.47582878531878664 0.5645717663488035 0.1053238251355733 0.11364068874502423
4 0.4499071556338996 0.6736456774134988 0.09276019262201593 0.10219385277546919
4 0.4516883451326576 0.845552510911596 0.10209883118569749 0.09632585475263547
4 0.31228041148763214 0.7805111482502951 0.08494769262201593 0.10187551779449713
4 0.37398955024770536 0.6471203280980709 0.08182269262201594 0.10174818380210837
5 0.5 0.5 1 1