4 0.7465517734234719 0.3733702796214397 0.215086757059629 0.2536273806803952
4 0.7832692087628533 0.5889640519425742 0.2479447211662517 0.25576262499835245
4 0.7079285087754886 0.08895832345292952 0.2435179824490227 0.157297851459402
4 0.5284646661390514 0.21245255032101626 0.1943818004748536 0.18611259821299111
4 0.5315559445770883 0.6166178989410446 0.1796206185006845 0.21552736282348767
4 0.4851426311701109 0.8417036736978109 0.1766774749271754 0.2217228157455871
4 0.592860539787315 0.9762776994705223 0.14534124373179386 0.047444601058955274
4 0.7049262822654676 0.9174515162287591 0.12660326708875883 0.16462733603812651
4 0.08663327184062636 0.9701039943179571 0.10021060015828456 0.0597920113640857
4 0.04328018933141425 0.8863426489443398 0.0865603786628285 0.14991027110331814
4 0.12626773634296046 0.8182432597392326 0.11829066191590938 0.14730346834337488
4 0.07044288064138554 0.05047333279171564 0.09787521034569899 0.03606595941492108
4 0.3246898306287503 0.5536018814911741 0.14192673871722886 0.10086484496658024
4 0.15609895500192966 0.5451875892845374 0.1132394490629279 0.13472164772652384
4 0.08738502507282464 0.22038641233702042 0.09412573620994644 0.12189436525911965
4 0.130432679929105 0.32587848173605544 0.08798338479802066 0.07181254464226869
4 0.2797794620615586 0.2972194679363377 0.07646687476889084 0.15906708279171564
4 0.24850203299038345 0.13643592654047992 0.09306334138279597 0.1390545917201694
4 0.3862688059516371 0.18339452150706018 0.17839308762187223 0.17333986282348776
4 0.4384771974800822 0.4844581895261234 0.16237563103709682 0.10590690097293454
4 0.023207033221492653 0.6357562678569074 0.046414066442985305 0.11194662094116267
3 0.774720922869476 0.5872515474783472 0.10846102084968248 0.1315148271096728
3 0.6361297843105317 0.6223514760507173 0.13863190564770314 0.2023182508107789
3 0.6278218761555461 0.8004219289728166 0.0866314849563052 0.13269549756436802
3 0.5151510092377071 0.4013786826262645 0.1459610208496825 0.132169392044481
3 0.5942438126820615 0.5575253169601078 0.05775031551854859 0.05254434740221221
3 0.6254496632360576 0.3446804435833132 0.12358591567683312 0.11460006249917613
3 0.8583604177884041 0.07673283319216216 0.12804609514371953 0.1068693831160272
3 0.6310668289128907 0.23222135389173867 0.09844952335696497 0.1094761858759707
3 0.5433264511744988 0.05091107832419348 0.11022209765100222 0.08469437418757346
3 0.4119267208370473 0.376127492286067 0.08076191818411545 0.09198867694751697
3 0.388120810966202 0.22719906858496083 0.09602320533113406 0.07976141233702042
3 0.3471033543814267 0.29370473011120235 0.06767088479802066 0.07145798863591431
3 0.3758107467678017 0.7577223656628616 0.08939277210332382 0.12025004464226878
3 0.3696025477048738 0.890493955354436 0.190500631037097 0.10639782467404083
3 0.3597441629068531 0.9580918510540126 0.0869209899708702 0.08381629789197476
3 0.22357934237373978 0.9633551623370205 0.13035274122451135 0.07328967532595917
3 0.2262844567177893 0.8731410397710049 0.08235316191590938 0.14667617694751697
3 0.16628864575158733 0.6516694143656153 0.06325616943775673 0.08075116801906326
3 0.21743858643473798 0.29065977637832413 0.06812552586424747 0.08708298863591431
3 0.2556553034443546 0.1592285442352316 0.07193248746358769 0.11057503571381497
3 0.26079509600164946 0.06317570454365712 0.09156302586424747 0.08749209172016939
3 0.31391173581423504 0.0375268680984935 0.07310253087881247 0.043442082791715644
3 0.18321801379005356 0.12357168790456563 0.09150084138279597 0.13902731818121902
3 0.04572505931684932 0.3627005974022123 0.06595527210332376 0.11984094155801364
3 0.017237661124486527 0.3667880795453048 0.03447532224897305 0.09607615909060954
3 0.030990272565542175 0.19751592816533298 0.05755173871722892 0.09939207386326188
3 0.00011234560593804828 0.46026534415580134 0.00022469121187609656 0.07678068831160267
3 0.13195441284034617 0.4884875758918568 0.07005173871722889 0.0996102621748646
3 0.2749733239648327 0.6504399253226639 0.06454588479802066 0.07140344155801355
3 0.028848622130259627 0.7758454797074605 0.057697244260519254 0.09325116801906326
5 0.5 0.5 1 1