4 0.41255746464403636 0.7908125872926679 0.11334337014004507 0.12188702335696497
4 0.15469792287342274 0.6820670392585896 0.12460620181924557 0.09568823620994635
4 0.5405262609627639 0.6731811549227874 0.11595894789030421 0.1110404515702104
4 0.6223798825505511 0.607603967538342 0.10236732878371627 0.08723923871722902
4 0.647420462162837 0.8237685251393316 0.12762419396136265 0.12698370031656908
4 0.8520567280834905 0.4838923682379872 0.07991013192686935 0.07410274122451135
4 0.5757446311028092 0.5535673368969565 0.09128427956950454 0.08379598997087019
4 0.4230584327982202 0.5150995334526018 0.07482452564056316 0.09892088479802066
4 0.3922108471900783 0.4738667796916782 0.11417812406898661 0.10630748746358769
4 0.27842232899311326 0.4545521415284453 0.10273120181924558 0.09505173871722902
4 0.09826179404692521 0.46993676379005356 0.09691784946188071 0.10424488229073817
4 0.1597901071148758 0.3214705200582597 0.10541955417661045 0.08576766693047429
4 0.300883833955512 0.37431907224897304 0.10222177956950454 0.08411423871722885
5 0.5 0.5 1 1