6 0.8441998214114964 0.6196727651495471 0.10448860001590851 0.12259205223856355
6 0.5953361547580867 0.7042270703287867 0.13931813335454457 0.16345606965141818
6 0.374988386775904 0.8238490943003619 0.09794769867918127 0.09726450361804453
6 0.23551680677113157 0.781404887493814 0.12652723201781732 0.13780097241038014
6 0.2632776327577685 0.6844822998637144 0.11720677601845368 0.1419971494796016
6 0.35992481874599636 0.6028814970593239 0.13461245202099903 0.16164790818602892
6 0.27968278807286023 0.5510490021477066 0.09351473734881743 0.11889384215265544
6 0.7196976187141797 0.38750431704942634 0.08243178668045381 0.10582063206674705
6 0.2628209100493159 0.37683357417397395 0.147439716024817 0.19042800542706698
6 0.40689817405313394 0.41249219244591107 0.13464881468808992 0.1647729081860289
6 0.3630123613939972 0.4656271585247132 0.10924882535009015 0.12908771370395283
6 0.5721691853914519 0.4578500373120999 0.12198518268618094 0.15005531094499086
6 0.6323885227164068 0.39932488636216024 0.08711928668045381 0.10606629353213633
6 0.6644555880410435 0.336982016619885 0.08893632535009015 0.1280231806872661
6 0.591199901376498 0.34875832032878673 0.12018632535009015 0.1296609237898611
5 0.4917555267345423 0.5 0.9835110534690846 1