6 0.196875 0.575 0.040625 0.07734375
6 0.23984375 0.55625 0.05 0.10234375
6 0.30390625 0.54921875 0.0640625 0.07265625
6 0.3265625 0.49375 0.090625 0.05078125
6 0.31015625 0.4515625 0.05703125 0.07109375
6 0.24765625 0.459375 0.0859375 0.0734375
6 0.3390625 0.62890625 0.125 0.0890625
6 0.4671875 0.621875 0.07734375 0.06953125
6 0.41953125 0.61796875 0.046875 0.06484375
6 0.715625 0.54609375 0.09296875 0.075
6 0.6328125 0.56875 0.0828125 0.0515625
6 0.5546875 0.53984375 0.05703125 0.07734375
6 0.70078125 0.6078125 0.05546875 0.08671875
6 0.44296875 0.446875 0.07109375 0.0640625
6 0.32421875 0.38984375 0.06171875 0.0890625
6 0.25703125 0.3078125 0.053125 0.08046875
6 0.32265625 0.34453125 0.05703125 0.05625
6 0.39921875 0.28984375 0.078125 0.05078125
6 0.43984375 0.22421875 0.07265625 0.0453125
6 0.31171875 0.19921875 0.10390625 0.0375
6 0.5203125 0.1640625 0.1 0.04765625
6 0.4859375 0.25625 0.0890625 0.046875
6 0.60390625 0.2359375 0.06328125 0.0421875
6 0.7265625 0.31484375 0.1390625 0.04453125
6 0.67421875 0.22890625 0.05703125 0.021875
6 0.6703125 0.259375 0.11640625 0.02890625
6 0.75078125 0.2828125 0.059375 0.05390625
6 0.6640625 0.278125 0.07578125 0.02734375
6 0.5140625 0.32265625 0.053125 0.0875
6 0.61640625 0.4015625 0.05390625 0.0421875
6 0.56640625 0.3328125 0.053125 0.07578125
6 0.5515625 0.39609375 0.0390625 0.053125
0 0.090625 0.40859375 0.1046875 0.06953125
0 0.38671875 0.59140625 0.065625 0.071875
0 0.70234375 0.4671875 0.084375 0.10234375
0 0.38984375 0.38359375 0.11328125 0.0765625
0 0.5875 0.20234375 0.1140625 0.0828125
5 0.5 0.4671875 1 0.8234375