6 0.6036861437273087 0.48210805091882314 0.04317167984777566 0.06391865626060209
6 0.5046318784042695 0.5581199686121707 0.0362213428896375 0.04651290145127866
6 0.38564445646515927 0.5872395281381504 0.04435217787060939 0.054598219962933216
6 0.40653527661738365 0.6489210726031875 0.036348676882026074 0.049637901451278846
6 0.5207715315602994 0.6215277041842004 0.04259867688202625 0.04985615626060227
6 0.5347730231573424 0.6608258171608918 0.031279174904859805 0.04009921034428636
6 0.6465355355146322 0.598412607997732 0.04884867688202608 0.050074411069925696
4 0.45556295600804875 0.1923883304077358 0.09508168973360735 0.11253969473518963
4 0.5589306951336338 0.24026778050040304 0.11271485870696818 0.12407739546082901
4 0.6542312662744413 0.29467004910472455 0.10107702174882985 0.1065079495445131
4 0.5631340809894583 0.3860068664352525 0.09170202174882984 0.10618056733052797
4 0.5086813443353311 0.32471719157032874 0.09562551779449713 0.08759425843752044
4 0.3629961126241198 0.24320927514292548 0.10082235376405232 0.1002579495445131
4 0.2802035172630245 0.30305055581296453 0.09163835475263546 0.10461806733052796
4 0.2376884120160975 0.40829361652007046 0.068872016805914 0.08197917549789598
4 0.2709863902672677 0.5101090876641299 0.06667284684397004 0.06629961179556502
4 0.2729998764271032 0.5755703965571375 0.06673651384016441 0.06786211179556503
4 0.33355271585669943 0.5445907258685649 0.0664818458553869 0.06161211179556503
4 0.39777172475394795 0.5002206777753306 0.06472834486680376 0.05687004809323426
4 0.3235357287082807 0.48408973548721174 0.06511034684397003 0.06624504809323425
4 0.3789354945256115 0.407261851459128 0.07623884783255326 0.07131449400955034
4 0.46200532110362647 0.43634666153326185 0.0669911818249421 0.07411211179556502
4 0.38691909087529 0.3453521285009701 0.08736734882113639 0.07638393992586626
4 0.3223326674533049 0.3795932084453697 0.08963018577927465 0.09362600362819702
3 0.2592689347535105 0.29988091579443105 0.058351010874414924 0.053526793283910835
3 0.3223101042211628 0.2844171177011968 0.04310801285158128 0.06235615626060227
3 0.3536728507611217 0.2997048118034143 0.06392984882113639 0.07556548439090331
3 0.4728486150955778 0.22767106597976552 0.039346342889637495 0.04662202885594056
3 0.22896071635099102 0.5459027439247321 0.03258700692008221 0.03390377404661713
3 0.520770167453305 0.372663618249351 0.03772017589344294 0.0450049651536097
3 0.5047140859323741 0.36464278712382503 0.039091674904859805 0.04037202885594056
3 0.7008542568829011 0.337509824332468 0.04910334486680377 0.056324411069925695
3 0.3774074866169461 0.444761851459128 0.04884867688202608 0.050074411069925516
3 0.30574073365119653 0.46130699991518204 0.03265067391627667 0.03546627404661713
3 0.431389332472333 0.38358624928220986 0.06443918479069151 0.08806548439090331
3 0.6579518324723329 0.3756745124442357 0.03089717292769336 0.030724210344286185
3 0.6213922499628189 0.3730505094490108 0.05028384288963732 0.047003974772256554
3 0.5489773749814095 0.17820429011904987 0.0325870069200823 0.03390377404661713
3 0.6204584441450506 0.24280001425833425 0.037592841901054184 0.0418799651536097
3 0.3384895666550022 0.46172366216623406 0.029589340912471052 0.03691964664195542
3 0.3244960508376714 0.53710560808255 0.02620967292769345 0.030560519237293703
5 0.4864124134989722 0.3925867378494644 0.8071863251695023 0.7786806600584353