6 0.18671875 0.3984375 0.08125 0.096875
6 0.434375 0.3484375 0.10859375 0.1296875
6 0.6625 0.26328125 0.07890625 0.07421875
6 0.78671875 0.31875 0.09921875 0.1078125
6 0.74296875 0.40546875 0.09140625 0.11328125
6 0.63828125 0.46953125 0.10390625 0.1296875
6 0.7046875 0.52734375 0.07109375 0.09765625
6 0.26328125 0.628125 0.0625 0.08671875
6 0.6890625 0.690625 0.11171875 0.1546875
6 0.5609375 0.640625 0.103125 0.13203125
6 0.6109375 0.596875 0.084375 0.10234375
6 0.41328125 0.5796875 0.09375 0.1203125
6 0.34765625 0.62734375 0.06796875 0.08515625
6 0.30625 0.68046875 0.06484375 0.10546875
6 0.3765625 0.67890625 0.09609375 0.1015625
5 0.525 0.5 0.809375 1