6 0.6540152132486929 0.15728940591186769 0.12179609514371954 0.10606928134945379
6 0.6689572178010394 0.4290825899109132 0.16025084138279588 0.1393181333545444
6 0.7240695812871591 0.6847780592377772 0.09656877461060631 0.09796588001272681
6 0.6463203174971055 0.8060359885821402 0.13649509263643722 0.12810791335136287
6 0.5609534673388209 0.7460711899268215 0.14095527210332365 0.12034995735199913
6 0.5081203208623177 0.6224251519335031 0.16176787727617317 0.13777381468808994
6 0.43721443896729106 0.6834268339433662 0.11991534639736087 0.09511360001590834
6 0.39809783386094855 0.19856148528009335 0.10709709765100203 0.08403064934754481
6 0.2655380157686106 0.6385335992998197 0.18864862602253202 0.14902039735836253
6 0.33841792313217345 0.5110802139560929 0.16328491316955054 0.1362294960216353
6 0.376909773290458 0.571590452617775 0.12657452335696498 0.10924882535009015
6 0.4264227253228867 0.3662575152769117 0.14725073620994636 0.12198518268618094
6 0.3866267879384414 0.28778761728200236 0.10410848997087019 0.0886817866804539
6 0.3358395262599589 0.23445407928868386 0.1259834899708702 0.08893632535009015
6 0.32708430337784755 0.309581348623502 0.12850073620994645 0.1217670066836356
5 0.5 0.5 1 1