6 0.33915862179718415 0.4906888242670037 0.04502570967712849 0.06167388555165907
6 0.4393448664205007 0.4212860336819248 0.03648546360606986 0.04591251785690744
6 0.5575875982235357 0.40067529910320027 0.04458906203449331 0.05229888555165925
6 0.53862358250777 0.3377934695578955 0.038193512820281585 0.04906479139585782
6 0.423505850704735 0.3584587512145207 0.04288101282028158 0.04914661201270887
6 0.41059062779304023 0.31679340259449246 0.03143409057054054 0.038018197240056485
6 0.29934060463367645 0.37192914163744384 0.047568512820281586 0.04922843262955982
4 0.48005533375062426 0.7894826546230874 0.09728172249741007 0.11098413879807012
4 0.3786234203922234 0.7345439642828898 0.1134889193542568 0.12375687418757338
4 0.28451385546224595 0.6734780048679687 0.10331339867609249 0.10640573295387146
4 0.37679770885306807 0.5890814598186629 0.09379284946188075 0.10311709172016936
4 0.4300639499617279 0.6541258072208752 0.09455482878371627 0.08595686525911965
4 0.5728271846602471 0.744970769882207 0.1013142510334573 0.09700345941492117
4 0.6566242959089521 0.6917014939076248 0.09379284946188075 0.10311709172016936
4 0.7004535326743857 0.5900395823813833 0.06933650496239885 0.0808329886359143
4 0.6701004067433722 0.4863009277550006 0.06868153349844608 0.06677048863591431
4 0.6692143029382654 0.4213889939076248 0.0686815334984459 0.06677048863591431
4 0.609346997313913 0.44770998619698704 0.06839043507002245 0.060520488635914305
4 0.5433923575291606 0.48721677110002304 0.0651198858558109 0.057340941558013725
4 0.6174462876367844 0.5088384009696394 0.06704625889134022 0.06518071509696384
4 0.5601196311028092 0.5813349638758527 0.07514985731976367 0.07156708279171564
4 0.478908172459138 0.5455144663114846 0.06741013192686936 0.07299321509696402
4 0.5518126714256807 0.6421770064895265 0.08786818114108108 0.07647277110331832
4 0.6165494135677978 0.6120315848170153 0.09015842721213971 0.0921250446422686
3 0.6767548593911874 0.6959622999139792 0.06021406203449331 0.0525716209411625
3 0.6136726625343405 0.7073713583559655 0.04502570967712849 0.06167388555165907
3 0.5840408205160579 0.688870774346434 0.06428513192686935 0.07293866801906326
3 0.4629791497140589 0.7532178721556833 0.03961046360606986 0.0459670649348082
3 0.7130713107961482 0.4534299265371846 0.03285104135632899 0.03492047077900686
3 0.41829385008556247 0.604661595370322 0.039537688998963996 0.0444045649348082
3 0.43426345244292736 0.6143229675293006 0.039319365177646406 0.0397170649348082
3 0.23893168176476287 0.6281149119299834 0.049422111248705033 0.05550570616851012
3 0.5634287216733498 0.543862237414803 0.04913101282028158 0.04925570616851012
3 0.6343234185301966 0.5325895466675683 0.03285104135632881 0.03492047077900686
3 0.507611061210433 0.6007474370904914 0.06657537799792798 0.08859094155801372
3 0.2828293850317506 0.5921325474816425 0.032705492142117085 0.031795470779006865
3 0.31932981121043297 0.5974609756469755 0.05047518899896399 0.044595479707460584
3 0.38746757341154203 0.7964672658250173 0.0328510413563289 0.03492047077900686
3 0.3171957688206468 0.7272166594943513 0.03626713978475227 0.041225017856907444
3 0.6024013304408553 0.5296866891190863 0.03136131596343468 0.036455697240056394
3 0.6183581242783835 0.455686127430689 0.026455492142117266 0.03168637662320535
5 0.45346937076372684 0.5880741132272296 0.8164729098392349 0.76988676947517