6 0.37109375 0.51796875 0.028125 0.05625
6 0.44453125 0.42578125 0.025 0.0390625
6 0.55078125 0.37421875 0.03046875 0.04453125
6 0.5140625 0.32109375 0.025 0.04375
6 0.41171875 0.3703125 0.03203125 0.04140625
6 0.38671875 0.33515625 0.02265625 0.0328125
6 0.29765625 0.4171875 0.0359375 0.040625
4 0.59296875 0.76015625 0.06953125 0.09296875
4 0.48125 0.7359375 0.084375 0.10078125
4 0.37421875 0.70390625 0.0765625 0.0859375
4 0.4359375 0.6 0.0671875 0.08671875
4 0.50546875 0.646875 0.07578125 0.065625
4 0.66796875 0.69296875 0.078125 0.07734375
4 0.73046875 0.6203125 0.06796875 0.0859375
4 0.7421875 0.5125 0.05 0.06796875
4 0.6828125 0.4234375 0.053125 0.05234375
4 0.6625 0.3625 0.0515625 0.053125
4 0.61328125 0.40390625 0.05390625 0.04609375
4 0.56328125 0.45859375 0.05234375 0.04296875
4 0.6390625 0.459375 0.05078125 0.0515625
4 0.6078125 0.5421875 0.059375 0.0546875
4 0.51953125 0.53125 0.05 0.059375
4 0.6171875 0.6015625 0.07109375 0.05703125
4 0.66953125 0.55703125 0.0671875 0.075
3 0.7515625 0.61875 0.04765625 0.0390625
3 0.6953125 0.64609375 0.0265625 0.05546875
3 0.66171875 0.6375 0.046875 0.0625
3 0.56640625 0.7296875 0.02734375 0.03828125
3 0.71328125 0.38125 0.0234375 0.0265625
3 0.48046875 0.60390625 0.028125 0.03671875
3 0.49765625 0.6078125 0.0296875 0.03203125
3 0.31796875 0.67421875 0.03515625 0.0453125
3 0.5984375 0.50703125 0.03671875 0.03984375
3 0.6625 0.47734375 0.0234375 0.02890625
3 0.56328125 0.575 0.04375 0.0765625
3 0.3484375 0.628125 0.02421875 0.025
3 0.384375 0.6234375 0.03984375 0.03515625
3 0.5078125 0.7921875 0.02421875 0.028125
3 0.42109375 0.74609375 0.0265625 0.03359375
3 0.63125 0.4828125 0.02109375 0.03125
3 0.6234375 0.40859375 0.01953125 0.0265625
5 0.50859375 0.578125 0.634375 0.5984375