6 0.4870688440230924 0.823285047419035 0.08757420783841656 0.05674996974937905
6 0.4775179992750842 0.7755651649054778 0.11450042069139794 0.06940450585373252
6 0.4856774917532368 0.7099765263417961 0.08821070533113406 0.07862496974937905
6 0.4350924700456244 0.6760827944921688 0.07326766693047429 0.10197156615858276
6 0.38796741745919966 0.6844038337197802 0.08334134890464337 0.07234769867214012
6 0.3821971390876698 0.7484436078220812 0.09353470282385157 0.10052724082661779
6 0.5737685251393316 0.6901730864502548 0.11824519780928675 0.14441359621281205
6 0.5955107959890141 0.5605901255796704 0.08861988229073817 0.09268746974937905
6 0.5800843727903338 0.6073833123479538 0.07516513605166182 0.05980224687674216
6 0.5751146941148699 0.2948014991162372 0.09844952335696497 0.10836701190385671
6 0.5795999541439999 0.3823424057320955 0.07143238229073816 0.09258747579950315
6 0.5321506411327338 0.45551628531878663 0.09119931301126591 0.07395565046753809
6 0.6337168043022844 0.32170943276126274 0.10052884890464338 0.07244769262201593
6 0.414579044735373 0.5485981439264347 0.08058006175762475 0.08482951795398072
6 0.32934257521847393 0.6582771500747547 0.10383570533113406 0.07871587334017516
6 0.2325524917532368 0.708503888170898 0.09418792069139795 0.06928633118569749
6 0.2842801278048987 0.6494197796614458 0.07075042069139795 0.06914997579950324
6 0.24698236777576882 0.5616879755049156 0.06982441818411544 0.09101588544042354
6 0.19073837945425132 0.5074453822189697 0.06334709765100208 0.08316702400410492
6 0.13632000092443683 0.6321499455488822 0.06104045157021036 0.11127384328594588
6 0.14734974379830085 0.41420846662612104 0.07197795157021036 0.11133747579950323
6 0.23174146417312969 0.4678334363755 0.06692673871722894 0.09881020472226432
6 0.23845812859632148 0.3444141170936592 0.056824313011266094 0.07375566256778665
6 0.3455014019532865 0.23720612597245383 0.07623955423577736 0.15041815651766247
6 0.24758072750096485 0.2725800237095175 0.03463106426490725 0.06269089754067192
6 0.27779942491454007 0.28135103571157005 0.055154164423191786 0.12373748184962743
6 0.31908966613905143 0.20501579468856052 0.06923338479802066 0.07070338544042354
6 0.2946686761681813 0.29238852966144585 0.04459709765100204 0.08305793969514977
6 0.3056336052393565 0.45263568325224207 0.10204588479802065 0.07089428298109546
6 0.4081795952102266 0.3657174662333375 0.05498902837152997 0.06437157220870696
6 0.328227670757905 0.40119590309981684 0.08950042069139794 0.06925906010845857
6 0.3875655668386967 0.4296708819243821 0.062392351411925874 0.050354524004105096
0 0.29584679895851507 0.8964038639704011 0.09412573620994644 0.12083974082661797
0 0.5456722688711254 0.6353128696277419 0.08825616943775678 0.08018746974937904
0 0.49317437232811534 0.2911992552645573 0.12184155925034226 0.10694086729005096
0 0.3383515138565606 0.590349306690613 0.10216555674305985 0.12869769262201594
0 0.20144386190327407 0.35435674365528824 0.10850648495630519 0.13185905405833437
5 0.48515625 0.5 0.9703125 1