6 0.7893925007160887 0.354926379893414 0.05412497334499946 0.08655566534054512
6 0.7459334020528157 0.3804354572326864 0.06697041868236298 0.11638861600890867
6 0.6804993060550429 0.39760532324159514 0.07912497334499946 0.0868465666772722
6 0.663248718730088 0.45953315857736776 0.1038704346753633 0.06526246801399935
6 0.687177114735815 0.5014479385741861 0.07125792934436319 0.08206816000954512
6 0.7518390514003606 0.48506841323205013 0.1010363360120902 0.09022610534690845
6 0.6319067173774525 0.31769110391473115 0.14346019334818116 0.11102950135263541
6 0.49704136871417964 0.34426378926641216 0.09002611067790856 0.08384883601209037
6 0.5493669373806342 0.3420922145926398 0.05868520401018138 0.07567270934118149
6 0.24756008406267896 0.45890064330045605 0.10886701734563572 0.09187951201463562
6 0.3307447540579064 0.4227716919557748 0.09451361600890866 0.06671588001272681
6 0.41770895206076997 0.44285637794400257 0.071330654678545 0.08831816000954493
6 0.2538095367202248 0.39163132729950156 0.07145792401336308 0.09925566000954493
6 0.5475879034054513 0.5249501679265034 0.08372156667727211 0.07908861067790855
6 0.6816998214114964 0.5679269139083678 0.07774428668045381 0.10245338534372675
6 0.7630776380887687 0.6451155752307774 0.06667951734563574 0.09138861600890866
6 0.6892856020846325 0.6155013479074134 0.06638861600890866 0.06638861600890866
6 0.6166298994270866 0.6835433705840492 0.08978975334181775 0.06353633601209037
6 0.5831185127704952 0.758162109922049 0.08348520934118149 0.058776110677908555
6 0.721508850771768 0.7659280619032771 0.11468066534054522 0.054452237348817434
6 0.5066383761139038 0.8332808359325486 0.11166475334181776 0.0637908746817267
6 0.52967533943345 0.7314365252625942 0.09914657200827222 0.062082924013363086
6 0.40899976010499517 0.7687830786123662 0.07247498400699967 0.052398841343090474
6 0.26837421276254103 0.7032228079646835 0.1538704346753633 0.0658442706874535
6 0.33654350477399503 0.7868160106222293 0.06286362667090888 0.03197725334181776
6 0.3353895374363135 0.754793851289002 0.1286704400063634 0.04836586935072642
6 0.24771681476763172 0.7409682559675469 0.07105793467536321 0.06488066000954511
6 0.3390503394334499 0.7336546479551384 0.08481135200509068 0.03848179201145392
6 0.49062138275776856 0.6654757179344575 0.06835110534690844 0.10078179734245403
6 0.3718344727482235 0.5965359086171386 0.06151930267345422 0.05070907200827222
6 0.4343259294239049 0.6622239959420936 0.06664315467854501 0.08826361600890867
6 0.44133845074790534 0.5933830892743663 0.047584072008272214 0.06148294000636341
0 0.9240867687380423 0.5150997165420511 0.11974997334499946 0.0873192813494537
0 0.5871396573838158 0.3650933625875491 0.07910679201145392 0.0852840666772722
0 0.27273335407381477 0.5406500826305016 0.1029442813494538 0.11993178668045382
0 0.6131225440801782 0.5835706425843674 0.1292340613462722 0.09680336935072642
0 0.4304934994429949 0.8029126306095027 0.130869286680454 0.10307155068427179
5 0.5001090880012726 0.5035569732654577 0.9997818239974547 0.9928860534690847