6 0.37244880669158975 0.17497463089020804 0.11666133601209036 0.09175370174736122
6 0.17271298337045282 0.2694916163569096 0.13564769334818116 0.11250261284152785
6 0.16067770206076995 0.44403767467753463 0.14796588001272667 0.09716855357097227
6 0.06871801607254212 0.5329202963527777 0.12652723201781735 0.1341594072944446
6 0.7208408533577261 0.16295840805694387 0.11498974801081766 0.08234233415618064
6 0.9306629380569518 0.39798345222552006 0.12480110001590816 0.120060539703264
6 0.6628760013924063 0.41984549411298555 0.13864542401336308 0.101637848023889
6 0.615291929384134 0.35999902184840227 0.16493520401018139 0.07881859707395851
4 0.5166571714274047 0.6811310990707288 0.05997607869190809 0.18728310087368066
4 0.5893316027609502 0.6810025060808329 0.14482379336408951 0.22987195079743064
4 0.2665480834261321 0.6775749136596179 0.14854768268618096 0.14716855357097244
4 0.3287299100890868 0.6487764600123955 0.13926358935390812 0.154762848023889
4 0.41513848273390597 0.48578419111069415 0.10105451734563572 0.09295252583555573
4 0.46229529340386033 0.5089119133752774 0.13432155068427196 0.1327787452503472
4 0.17274989337999785 0.33982230015249987 0.17799882535009015 0.12754703780340293
4 0.30782487472149744 0.396850937310972 0.11669769867918127 0.09487870174736121
4 0.3844959153803161 0.3372382415475344 0.20192722135581712 0.1702800516711113
4 0.3055703893618623 0.20310093731097195 0.16876927601845368 0.13982883225631956
4 0.5364204000238626 0.16334353381624958 0.12349313868554468 0.14189917211208342
4 0.5935254700429525 0.3026774843293398 0.17492836935072642 0.13216180262104177
4 0.696504472032135 0.22057153951583275 0.15924882535009016 0.12711062670923629
4 0.789547042051225 0.35906903543177016 0.180088584022908 0.1728959053945834
4 0.15672654606936046 0.5074280274510763 0.20488858935390813 0.15629028685347243
4 0.7134947140754055 0.539012414990798 0.19284312269254436 0.19506184612402783
5 0.5000909066677273 0.48203125 0.9998181866645455 0.9640625