6 0.39296875 0.175 0.1109375 0.08046875
6 0.1859375 0.25078125 0.128125 0.1
6 0.16015625 0.4234375 0.13984375 0.084375
6 0.06015625 0.50390625 0.11953125 0.1234375
6 0.740625 0.19609375 0.11015625 0.071875
6 0.93046875 0.44921875 0.11484375 0.10859375
6 0.66171875 0.44609375 0.13046875 0.0890625
6 0.61953125 0.38203125 0.159375 0.0640625
4 0.4953125 0.69296875 0.0453125 0.1828125
4 0.5671875 0.7 0.1265625 0.21953125
4 0.24609375 0.66640625 0.13671875 0.13515625
4 0.3109375 0.64375 0.128125 0.14453125
4 0.41015625 0.4890625 0.09453125 0.08515625
4 0.4546875 0.51640625 0.12578125 0.12265625
4 0.18046875 0.32109375 0.16796875 0.11328125
4 0.31015625 0.390625 0.10859375 0.08359375
4 0.39140625 0.33828125 0.1890625 0.15234375
4 0.32421875 0.196875 0.15859375 0.125
4 0.55703125 0.17890625 0.11328125 0.13046875
4 0.60234375 0.3234375 0.16484375 0.1171875
4 0.71171875 0.25078125 0.15 0.11328125
4 0.79296875 0.39765625 0.1671875 0.1578125
4 0.15078125 0.48671875 0.19453125 0.1390625
4 0.70234375 0.56953125 0.178125 0.178125
5 0.5 0.490625 1 0.88203125