6 0.41131202750258994 0.13119792684207887 0.13441784946188057 0.10835913387576941
6 0.17851449007520254 0.1691195714604405 0.15738446856846858 0.13294305404758594
6 0.1163119348651348 0.34441946460846407 0.16610449710451589 0.11937187697836435
6 0.035036317825461544 0.4124081467660682 0.07007263565092309 0.1435662935321364
6 0.7711364836650618 0.22445544040974616 0.1324187018192456 0.09890224672063966
6 0.9143769456185019 0.5287788495002863 0.1326755669968918 0.13788285956550989
6 0.6390344973139129 0.47127512946475536 0.15687504631872748 0.12200555404758581
6 0.607371428454994 0.3944326684743359 0.18241870181924558 0.10152263568479167
4 0.41554553164092833 0.696075976367109 0.08431514970954979 0.2039305834462281
4 0.48970862365921103 0.7179753098133371 0.1773417117440431 0.2602425384437538
4 0.15919067783582147 0.6176389586155702 0.17319355913900916 0.1711800384437538
4 0.23097578660332713 0.6065210741739738 0.16574493217453848 0.17858310266810484
4 0.36601437427838357 0.4647983208946136 0.11574062406898662 0.10893898801421234
4 0.4081633329220547 0.5014661612382467 0.15847608767505647 0.15638055404758583
4 0.15946908354122727 0.24173819990914294 0.20051803846084476 0.15546650723608924
4 0.2809566317219817 0.340517615897088 0.13143839867609247 0.1113203595655099
4 0.3767079334173927 0.3024620952048731 0.23224322745980874 0.20077236318355443
4 0.33334969334219017 0.14042576266315615 0.1932149607105858 0.16599457146044044
4 0.5826219472711316 0.16915270748391645 0.14782968610347993 0.1620573439616777
4 0.6009801873463342 0.3298788455435574 0.19753858767505647 0.15842773292582973
4 0.7295632597199097 0.2763145115315024 0.18162248924663302 0.15135886137453217
4 0.7866201267595829 0.4469003284693871 0.20895127667402047 0.20266905585660827
4 0.10557677698586132 0.40828056874690705 0.21115355397172264 0.1883542503386842
4 0.6569218564957033 0.6084818803692664 0.22566789578060842 0.22692542740790564
5 0.5 0.5 1 1