0 0.471875 0.6953125 0.16640625 0.10625
0 0.09296875 0.36796875 0.18515625 0.19296875
0 0.12109375 0.53828125 0.1375 0.18203125
0 0.88359375 0.5703125 0.134375 0.134375
0 0.9140625 0.428125 0.128125 0.14375
0 0.915625 0.29140625 0.16484375 0.16328125
0 0.93828125 0.1734375 0.1234375 0.09140625
0 0.80390625 0.29921875 0.08359375 0.16328125
0 0.8828125 0.06796875 0.234375 0.1359375
0 0.69140625 0.2078125 0.1484375 0.13125
0 0.5359375 0.3265625 0.2609375 0.09140625
0 0.45859375 0.45078125 0.1015625 0.18828125
0 0.553125 0.4765625 0.06953125 0.1140625
0 0.55390625 0.059375 0.1265625 0.11875
0 0.67109375 0.0203125 0.07734375 0.03984375
0 0.42578125 0.11953125 0.1015625 0.18671875
0 0.50859375 0.15234375 0.06328125 0.08828125
0 0.0234375 0.20546875 0.04609375 0.1203125
0 0.0984375 0.1625 0.1015625 0.07265625
0 0.1046875 0.0515625 0.209375 0.103125
0 0.290625 0.04921875 0.19609375 0.0984375
0 0.2578125 0.21015625 0.16953125 0.21640625
0 0.26015625 0.41015625 0.2421875 0.3828125
0 0.2484375 0.65625 0.1046875 0.1
0 0.69609375 0.10703125 0.16640625 0.1
0 0.57421875 0.63359375 0.1390625 0.18359375
0 0.71796875 0.46796875 0.228125 0.21015625
5 0.5 0.4765625 1 0.953125