0 0.44077023944339794 0.6821828035673552 0.18335006249917604 0.12136698165323559
0 0.07501323132901833 0.314467020979043 0.13808420129724625 0.21328177088084707
0 0.07587412215568329 0.49804713544042356 0.13789328652459384 0.20234427088084708
0 0.884791200483172 0.5660281010845859 0.15102848620028234 0.14930108411256385
0 0.920426917204989 0.41468831488203656 0.14494212743398444 0.1586397226762452
0 0.9155625446422686 0.2678178600615764 0.1688749107154628 0.18224993949875792
0 0.9405937723211345 0.14218660098639005 0.11881245535773104 0.10226245764913058
0 0.8046637751605081 0.2718417638487643 0.09998418344033873 0.17868860226293623
0 0.8813181838473758 0.05747071252090439 0.23736363230524837 0.0904442345801019
0 0.6849086083592608 0.1688116917382531 0.16662621266133187 0.14782948770335985
0 0.5167098076279123 0.2889145925985748 0.2846671006486233 0.10789535499341082
0 0.4307195348997408 0.41965098731057643 0.11922510714144482 0.20692268657189175
0 0.5320462556787475 0.45148731547121174 0.08186938311602728 0.12546360831306042
0 0.5396352443179572 0.03594867388246811 0.1386454886359143 0.06642495159900635
0 0.4014045872559425 0.08279588192438214 0.11843417451188501 0.1616101865718917
0 0.4899858461843962 0.10049698721238054 0.0735386858759707 0.09573065651766241
0 0.0602301623370204 0.09409088846548566 0.09204322402541767 0.08177724082661783
0 0.09325512215897856 0.016947126365237253 0.15526024431795712 0.033712445548882156
0 0.2581261456979289 0.019468659248136923 0.21312729139585782 0.03717378883482801
0 0.2198193965087078 0.15204480991206687 0.1932080779204517 0.23859993344863373
0 0.21888200811437955 0.366861288834828 0.2807740819776415 0.42190331283893306
0 0.20161623619698701 0.6307965238077133 0.11756142126547413 0.11161018657189174
0 0.6916341209411626 0.061830438713191035 0.18315914772652384 0.11042948165323566
0 0.5513980478853843 0.6203327642415477 0.1597682865245938 0.2024715359079618
0 0.7085405718313718 0.4486082760472086 0.25718875730360047 0.23428513817089805
5 0.5 0.48962766490547766 1 0.9792553298109553