0 0.27284226302967857 0.49232709147128445 0.13180657981717356 0.1825605397032639
0 0.5909824108772015 0.08727722198024285 0.22116017824559703 0.1745544439604857
0 0.41825123221731964 0.1182511989944788 0.2041524607105858 0.16083231648875018
0 0.4171657278786027 0.8955579281929162 0.15535108767505648 0.15189242116215276
0 0.5639850698968853 0.9100899408263536 0.1645077638537389 0.14742312670923638
0 0.7031396151821557 0.8881214090068745 0.18732883374611511 0.16824477298576426
0 0.8253228302359675 0.8954228030992006 0.10694782092583352 0.11798889342673605
0 0.6908280138582481 0.7838339525098605 0.17809507485477488 0.10403680262104179
0 0.9057231137344136 0.8279976073357631 0.12014564185166705 0.233795731382639
0 0.7793533205160579 0.659250220177291 0.15444355913900926 0.16591855357097246
0 0.6518555208875615 0.5147215830188189 0.12992305624352518 0.2761650693385418
0 0.5221723289931133 0.45062532826916624 0.20553087014004526 0.1234050516711113
0 0.49880114144189136 0.5502804893633328 0.12565927956950454 0.08408667211208361
0 0.9177716193159849 0.5022890925181243 0.1221019400324213 0.1417537017473613
0 0.9584436610865985 0.6176224985782978 0.02722177956950489 0.08179551386770836
0 0.8587134505809004 0.37957959755211734 0.20396837014004526 0.1233686840799308
0 0.8288568225829724 0.4676796628065965 0.0987329065339754 0.07565592306201392
0 0.7540325285360472 0.0060070785535066545 0.12630994292790554 0.012014157107013309
0 0.8013398680731305 0.05440755775194413 0.08946922249741007 0.10881511550388825
0 0.9106955973949662 0.07909778001652742 0.1254838052100677 0.15819556003305485
0 0.9216223271310865 0.23530161426961724 0.12061652274507892 0.21039459897381949
0 0.7592143724163567 0.22035202754798547 0.24332627667402046 0.19764263867708348
0 0.5543984398275336 0.24462924819704815 0.4239641546719485 0.2892521764804864
0 0.30236290488134543 0.2606406803771178 0.11781254631872766 0.11668096656500007
0 0.8818790070338226 0.6529618929549645 0.1254838052100677 0.1808525693385418
0 0.34016885008556247 0.5883104322769789 0.2057149607105858 0.1608686840799308
0 0.5160870330886704 0.715323607904444 0.24445643713693704 0.25541877108590294
5 0.5 0.5 1 1