6 0.5018484667185217 0.3412342101998268 0.162184174511885 0.1646469943004168
6 0.6751420961843962 0.11333068179882 0.127809174511885 0.16384690729444457
6 0.8786097897710047 0.2719101672655216 0.17298530681713337 0.15708906743868073
6 0.7869286245913152 0.43299117799909786 0.1482853157455871 0.1736946859797918
6 0.7554173461811009 0.5962535909931257 0.11950575081077908 0.1355400693385418
6 0.8269765206929861 0.7587912650050701 0.1462318920444808 0.1455333183886113
6 0.6437215101396792 0.9448819677992709 0.12246710957707681 0.11023606440145813
6 0.599773092527653 0.7167992142838895 0.1519909683433749 0.11755378875333342
6 0.5873843664736405 0.543924758736806 0.14458757142762996 0.14080945079743082
6 0.4215182642034595 0.16834026443638922 0.16070349512873605 0.16929812670923625
6 0.18971093100470676 0.265247059554896 0.1921444099013884 0.18096297853284735
6 0.07413611850223531 0.6233478874428126 0.1304353425309483 0.22482077488562507
6 0.4508855791349724 0.6875630431217366 0.19653190097293471 0.16388458130638917
6 0.4614175247501757 0.9266021336430903 0.21520008035608368 0.1467957327138194
6 0.23920160551329653 0.9083255655388196 0.1962591655834313 0.14825958130638917
5 0.5 0.5 1 1