6 0.31640625 0.51640625 0.1328125 0.13203125
6 0.0734375 0.384375 0.13984375 0.096875
6 0.1875 0.1734375 0.125 0.14375
6 0.3546875 0.2375 0.14453125 0.1171875
6 0.5140625 0.2453125 0.11328125 0.09453125
6 0.653125 0.15703125 0.1171875 0.1203125
6 0.88046875 0.3 0.13203125 0.09453125
6 0.653125 0.375 0.08828125 0.1296875
6 0.49296875 0.409375 0.11328125 0.11953125
6 0.16875 0.61328125 0.1375 0.1296875
6 0.2984375 0.81796875 0.14375 0.15859375
6 0.6578125 0.8984375 0.19296875 0.13515625
6 0.65078125 0.51796875 0.12734375 0.165625
6 0.89609375 0.47421875 0.15078125 0.184375
6 0.9078125 0.68671875 0.1375 0.16875
5 0.5 0.5 1 1