3 0.40306488321517503 0.5341899026098208 0.10175637978345567 0.11520792401336308
3 0.21928927678868426 0.5425762093014106 0.07530152837152997 0.06491702267663584
3 0.06451216323605759 0.3327301366565914 0.07229620031656914 0.12267497867599957
3 0.15845472835889465 0.4323841439767738 0.10365384890464333 0.07305678668045382
3 0.41901179513108433 0.38874104260822995 0.06035848997087019 0.08817270934118149
3 0.8546895676966265 0.5804798158816418 0.0722674565847754 0.06800566000954511
3 0.3726729703748289 0.04877057061586597 0.07226745658477522 0.06800566000954503
3 0.44156171120362886 0.12372456993954824 0.05659699247815268 0.06626134667409059
3 0.7303691807870348 0.4780553445655956 0.07865384890464337 0.07276588534372692
3 0.63901440657214 0.42366838391154954 0.08784699247815268 0.06662497334499946
3 0.3974955301538966 0.7255961526098208 0.056960705331134065 0.07876134667409058
3 0.5123680238856905 0.6695905059277761 0.08415970282385157 0.1009454293443632
3 0.5997149111909936 0.6201530325827767 0.0749832796251713 0.05397952267663584
3 0.16494980311515017 0.7728182399745467 0.08426735141192579 0.050963610677908555
3 0.1243177575883544 0.5319665206476827 0.09335284639736088 0.09480451734563573
3 0.2902035188711255 0.6284404366247747 0.033903638558944314 0.037881808004454245
3 0.27891301471449037 0.7480625932925019 0.040562815518548415 0.052017033338636054
4 0.8337933606496328 0.33236957988545984 0.08438702335696498 0.1087579293443632
4 0.629266299683431 0.11451155991409485 0.10107441818411544 0.091770424013363
5 0.5 0.5 1 1