3 0.5763501306095027 0.4109479935104735 0.09822041868236298 0.11731595941492098
3 0.7623967186107753 0.3983274423753831 0.07420111600890866 0.06690685633066593
3 0.9271206479153676 0.6071279237076966 0.06862382535009033 0.12461026217486477
3 0.8290564125955033 0.5096410434310433 0.10238066000954511 0.07208528003177221
3 0.5660291539226854 0.5595354979747004 0.058830654678545 0.08850912094116267
3 0.11592170794877507 0.3752436875008239 0.07269316000954502 0.07156708279171564
3 0.6245201698759149 0.9029758064166868 0.06953179734245403 0.06838753571381488
3 0.5519644645528688 0.8284764127473527 0.055469297342454205 0.06814207386326174
3 0.24598083060154846 0.47529646022899524 0.08050566000954493 0.07170345048646727
3 0.3406569839274579 0.5283202743530244 0.08826361600890867 0.06715231818121907
3 0.5754887066359105 0.2164712905883742 0.05557838534372674 0.07751707386326193
3 0.46075349729472903 0.276274758931749 0.08243178668045381 0.10298072402541773
3 0.3742251039545021 0.32855605357401774 0.07559998400699967 0.05287162986961631
3 0.8104273279758193 0.16394275974582323 0.08339430267345413 0.051445497564368024
3 0.85915353994273 0.40679273296046203 0.09171588001272682 0.09533186525911966
3 0.6876245326225475 0.31293145901447456 0.03324885200509069 0.03807274431795715
3 0.6952926766390922 0.1909473648586732 0.03964430267345413 0.05068183847375849
4 0.1458161039147312 0.6254521931828666 0.08094201201463572 0.10920345048646744
4 0.3612212858848235 0.8419600344992944 0.09951019867918127 0.09390573295387128
5 0.5 0.5 1 1