3 0.43203125 0.43671875 0.09921875 0.0796875
3 0.40078125 0.26328125 0.0546875 0.06328125
3 0.58046875 0.0828125 0.11015625 0.05078125
3 0.4984375 0.1875 0.05703125 0.08984375
3 0.57109375 0.428125 0.078125 0.04609375
3 0.44296875 0.8734375 0.0578125 0.06015625
3 0.88671875 0.3296875 0.05546875 0.06015625
3 0.82421875 0.40703125 0.0578125 0.0453125
3 0.525 0.7390625 0.059375 0.06640625
3 0.56484375 0.64296875 0.05234375 0.07578125
3 0.25 0.46171875 0.06796875 0.04296875
3 0.3171875 0.56171875 0.0875 0.06640625
3 0.37421875 0.63671875 0.04140625 0.06640625
3 0.17734375 0.2484375 0.0375 0.07421875
3 0.4 0.171875 0.07890625 0.07578125
3 0.3296875 0.34453125 0.03203125 0.02734375
3 0.21484375 0.35234375 0.0453125 0.03125
4 0.67421875 0.81328125 0.09375 0.065625
4 0.85546875 0.58359375 0.0765625 0.084375
5 0.49765625 0.4984375 0.96953125 0.97421875