6 0.5216071636130959 0.278125 0.16780937697836434 0.1609375
6 0.682509284825709 0.06875 0.12127521370395282 0.1078125
6 0.8976130636585242 0.19296875 0.17841932835784532 0.1546875
6 0.8141874892574078 0.36015625 0.1542381999091429 0.1703125
6 0.7916584712787265 0.5265625 0.12422979534115867 0.134375
6 0.871967848257091 0.6875 0.1512017311168073 0.1421875
6 0.6990979935528209 0.90703125 0.12833744120271576 0.153125
6 0.6405607179993661 0.6546875 0.1543333751693421 0.1125
6 0.6189303002023987 0.48046875 0.15103795680654794 0.1390625
6 0.431390520126388 0.10703125 0.16484815128862387 0.1640625
6 0.20184354025277598 0.2140625 0.19823386137453217 0.175
6 0.09925296528583256 0.58203125 0.1492098631835545 0.2234375
6 0.4885511606724197 0.63125 0.20210248982323478 0.159375
6 0.5126282270444775 0.896875 0.22701395861557022 0.1875
6 0.28508308118292053 0.878125 0.20892569990914298 0.1703125
5 0.5 0.5 1 1