3 0.48125 0.65234375 0.128125 0.0828125
3 0.38671875 0.5484375 0.08046875 0.09375
3 0.5296875 0.609375 0.06015625 0.0703125
3 0.603125 0.65625 0.07421875 0.078125
3 0.80078125 0.6609375 0.11015625 0.09609375
3 0.93046875 0.578125 0.0875 0.09296875
3 0.53515625 0.45234375 0.07421875 0.06328125
3 0.6078125 0.4328125 0.090625 0.0546875
3 0.7953125 0.4109375 0.0609375 0.06484375
3 0.2796875 0.33515625 0.1046875 0.0703125
3 0.59453125 0.353125 0.0890625 0.10546875
3 0.33515625 0.43828125 0.08671875 0.1
3 0.428125 0.43125 0.0953125 0.05390625
3 0.48515625 0.33203125 0.09609375 0.0765625
3 0.49609375 0.23359375 0.12265625 0.06796875
3 0.6671875 0.1890625 0.05703125 0.0921875
3 0.85234375 0.26875 0.08046875 0.090625
3 0.67578125 0.59140625 0.13515625 0.1078125
3 0.32109375 0.27421875 0.103125 0.103125
3 0.809375 0.3390625 0.05859375 0.0671875
3 0.3875 0.68671875 0.07890625 0.06875
5 0.525 0.46796875 0.95 0.93515625