1 0.5743327617645322 0.7422719009879427 0.060656856330665934 0.07551092068857254
1 0.5166878571381496 0.7051240758528664 0.07965231818121907 0.09022818511654265
1 0.4058224951254408 0.660652334838541 0.08738299756436803 0.0858135036281972
1 0.3398702126580367 0.6396106593406452 0.07170345048646735 0.08214286660488845
1 0.6504667934211574 0.6309375861044855 0.0808602621748646 0.06997024881887377
1 0.6850115685849609 0.41821189681159143 0.049228432629560004 0.047003974772256464
1 0.6564286469124496 0.4804564364673052 0.09346935633066593 0.07665675843752044
1 0.5757434829505762 0.5994395602437699 0.06202844155801372 0.06462798439090349
1 0.6775206225627204 0.346899892002268 0.08546594155801354 0.06544643992586625
1 0.6495944456152033 0.2678473090626435 0.0907261858759707 0.09842263103285873
1 0.5973949715897857 0.18482398873689063 0.0749102711033185 0.08693949400955026
1 0.4620825831954575 0.3948115692294445 0.06816934740221221 0.05859623920022683
1 0.37654232385996667 0.5487599700477511 0.0666068474022122 0.058541675497895976
1 0.304380951700988 0.5298437897405318 0.06668866801906326 0.06322917549789579
1 0.37794513676617986 0.49493556560124735 0.055560253246410875 0.051909729581580064
1 0.3727473478059541 0.3760764381965857 0.06690685633066602 0.07572917549789597
0 0.5552541103878557 0.27548370507162667 0.0641636858759707 0.09749504809323425
0 0.5454053721556833 0.516398881750649 0.07548301542127547 0.11975199400955017
0 0.4902172658250173 0.4410789340202344 0.08403980925276536 0.0732043762235353
1 0.8453547792176981 0.4792461444493387 0.07647277110331814 0.08699405771188111
1 0.806268959818663 0.4318155837422328 0.07929776217486477 0.06991568511654264
1 0.764350241068251 0.4904713319281342 0.07773526217486441 0.06986112141421189
1 0.7316916996723932 0.4534152760303517 0.06356366801906325 0.06312004809323427
1 0.29764793627971253 0.41249259863353915 0.07318412986961631 0.07750993030721923
1 0.23225476136079043 0.42348217313564324 0.06507162094116259 0.060049611795565026
5 0.5 0.5 1 1