6 0.2121164652272499 0.9276353439398264 0.190211126022532 0.14472931212034723
6 0.349039803707052 0.9364849734988543 0.1507394490629279 0.1270300530022915
6 0.4945341601335427 0.9442624123284377 0.17850073620994636 0.11147517534312464
6 0.2984785479010642 0.6791478650257294 0.12661998746358769 0.11224803970326391
6 0.41882214014179003 0.6561851033422226 0.1348416644231918 0.12649237765916688
6 0.5651575825408003 0.6947235393220144 0.11941524122451135 0.0792900693385418
6 0.6176353763517364 0.7810435522397923 0.25909751834239997 0.1574904173624308
6 0.5763702156894683 0.6239389138470491 0.12437552586424747 0.08877417211208342
6 0.46727870902555074 0.5238096676467713 0.11293792069139794 0.07133209897381967
6 0.5302728025199177 0.488581988885174 0.13375052586424746 0.08899237765916687
6 0.799006082145089 0.5479258469770493 0.23124530298213627 0.1662108007211806
0 0.10056754829677564 0.8267820119678472 0.11502926959604132 0.1432070989738193
0 0.20863949491892808 0.516228331306389 0.09509720282385156 0.10214568787965277
0 0.2928640115454685 0.9923531137914583 0.09746603338609479 0.015293772417083318
0 0.7545851100544004 0.924688642286181 0.10441001834239998 0.1506227154276381
0 0.2798552653728992 0.4952449905006947 0.08977320533113406 0.08016158510611113
0 0.47279893481065594 0.5793693366247226 0.11697220282385157 0.10265483415618064
0 0.4441691326199425 0.7223556172099309 0.1380743130112659 0.07660148043270851
0 0.9172392565974106 0.586590916315591 0.06780727711788863 0.07652743882958343
0 0.8201081923325033 0.521872493253577 0.08784699247815268 0.06762521751493064
0 0.23021794437756737 0.8016937058314237 0.1622057979675712 0.20832425911805572
0 0.3333870938235714 0.5909581872140628 0.10850648495630519 0.13368662860909736
0 0.5022794978219219 0.6534432694703824 0.09735838479802066 0.0725309230620141
0 0.1841145195295343 0.6124668984607293 0.26917120031656916 0.12805749050069473
0 0.6679272298752332 0.6580794841355214 0.10961434389007856 0.11809799620027786
0 0.8096577403000745 0.7261781335461812 0.3711716210079672 0.19913501633625047
0 0.4703438730530312 0.4949943366247226 0.04805706677218957 0.041716027735416716
0 0.6461478551063424 0.49986694063253523 0.19665970282385156 0.10450958130638899
0 0.6971587741483878 0.4284471887326742 0.057386602665567034 0.04037173328249999
5 0.5037735208496825 0.6296875 0.9924529583006348 0.740625
5 0.6209921130904082 0.11828963231191025 0.7044842261808165 0.22406881325770894