6 0.8964624304235717 0.1716053169052037 0.18542948165323558 0.18661476458147636
6 0.7689186925238201 0.14093564159495223 0.14783857806243966 0.169898626022532
6 0.6328221112399268 0.11754726887112547 0.1742556323171655 0.14567151583511762
6 0.7564379150036735 0.41321981855455636 0.1240738251355733 0.11296666442319178
6 0.6361254150036736 0.4167205547645028 0.1288340480082102 0.12560305674305994
6 0.5076458909995685 0.35951111150756265 0.11764201795398091 0.0815348079967011
6 0.4766499001729506 0.26977266158670493 0.2493283551898026 0.16035379295300628
6 0.48145155054229294 0.4235652513201482 0.11925906010845858 0.09095527210332381
6 0.5617935563960255 0.5337465818823915 0.10978406615858276 0.0734949874635877
6 0.4939520714231401 0.5575992705204781 0.13018746974937906 0.08971102084968266
6 0.25273165290342514 0.462256992940371 0.22438289734428024 0.16900136724704354
0 0.9601385901626879 0.30333503853367383 0.07972281967462429 0.1398641335443795
0 0.8050759237842723 0.5805831633025645 0.09276928298109546 0.10268238229073816
0 0.8365329185197149 0.0780204529568656 0.10057269262201593 0.1013472028238516
0 0.7346840722087069 0.031992174089863754 0.0675511143631848 0.06398434817972751
0 0.3810596233401752 0.09407712585792982 0.10893061416679295 0.18815425171585964
0 0.7324605804001305 0.5897284942605193 0.08639201795398091 0.08062552586424729
0 0.5685157341873184 0.4804169934025895 0.10994769262201594 0.10161998746358769
0 0.6279265747427898 0.35054162529761623 0.13324883723582168 0.07886444906292792
0 0.14927030961747928 0.407445123977468 0.06449883723582164 0.07686402837152997
0 0.22706857757146018 0.4833196506996453 0.08475679508134393 0.06808006175762475
0 0.8480299964839585 0.3081936862638182 0.15742265632127045 0.20610891066226814
0 0.7029770925985748 0.4913508302330388 0.10544199980360816 0.13273359514371955
0 0.5571555324901162 0.4080789921489482 0.09416815651766246 0.07460284639736088
0 0.8491072040348933 0.4933499362638182 0.2569772287263696 0.1324561134861197
0 0.40148224941082483 0.377446420757905 0.10691359621281205 0.11715405925034225
0 0.2829998941228264 0.29259771080791735 0.3558237948849522 0.20563285220334854
0 0.552573092500379 0.5605818665221276 0.04555793969514958 0.04350595909205772
0 0.38674355942108757 0.5302448118241317 0.18966246369925469 0.10862615690134447
0 0.3230174027070334 0.5899213401956617 0.054914758976990455 0.04065374373179385
5 0.5 0.4 1 0.8
5 0.33255252575262095 0.8857877696625482 0.6559056081166689 0.22842446067490343