1 0.4778284494586392 0.28515625 0.050437920691398117 0.06875
1 0.529215104710631 0.3328125 0.06946070533113406 0.078125
1 0.633422883082161 0.396875 0.07713681301126592 0.0734375
1 0.6960963793212374 0.4296875 0.059903848904643196 0.071875
1 0.37754495612255684 0.3828125 0.07502874373179384 0.0546875
1 0.29999793230337346 0.590625 0.043278638558944316 0.0375
1 0.34206576035833425 0.5328125 0.08614810015828453 0.0609375
1 0.4468094331613033 0.42734375 0.05627874373179385 0.0546875
1 0.2927370132613281 0.66328125 0.08118781551854841 0.0515625
1 0.30458980707226424 0.7484375 0.07901756175762475 0.084375
1 0.3416471893630025 0.840625 0.06316524122451135 0.0765625
1 0.5221744606749035 0.6546875 0.06381845909205772 0.0453125
1 0.6399576910788621 0.5140625 0.06069345909205772 0.0453125
1 0.7104664193712498 0.54765625 0.05940374373179384 0.0546875
1 0.6290716668639673 0.56953125 0.05131845909205772 0.0453125
1 0.6090894389672911 0.68828125 0.05811402837152997 0.0640625
0 0.40405860965868906 0.75703125 0.04951191818411545 0.090625
0 0.4619008872387961 0.51640625 0.05488137978345566 0.1140625
0 0.5027053951563549 0.603125 0.07677310015828454 0.0609375
1 0.14814226411925796 0.5 0.06624477711788872 0.075
1 0.17788123990436314 0.55546875 0.07194920783841656 0.05625
1 0.2333894423325033 0.503125 0.07194920783841656 0.05625
1 0.25966243731793837 0.546875 0.05931281551854841 0.0515625
1 0.6935864594212622 0.665625 0.06436402837152996 0.0640625
1 0.7639216914745734 0.66640625 0.05931281551854859 0.0515625
5 0.4723610141192579 0.5 0.9447220282385158 1