1 0.5125 0.27109375 0.04296875 0.06171875
1 0.5578125 0.315625 0.059375 0.0703125
1 0.65078125 0.3765625 0.06796875 0.06484375
1 0.7078125 0.4078125 0.05234375 0.06484375
1 0.41640625 0.359375 0.06640625 0.04921875
1 0.3359375 0.54921875 0.0390625 0.03515625
1 0.3765625 0.496875 0.0765625 0.05390625
1 0.478125 0.40234375 0.0484375 0.04921875
1 0.32578125 0.61640625 0.071875 0.0453125
1 0.3328125 0.69453125 0.06875 0.0765625
1 0.36328125 0.78046875 0.0546875 0.06953125
1 0.53828125 0.61171875 0.05703125 0.04140625
1 0.65234375 0.484375 0.0546875 0.040625
1 0.715625 0.515625 0.053125 0.0484375
1 0.6390625 0.534375 0.0453125 0.0390625
1 0.61640625 0.64453125 0.05 0.05859375
0 0.42421875 0.70390625 0.0421875 0.08359375
0 0.48828125 0.484375 0.046875 0.103125
0 0.521875 0.5640625 0.06796875 0.05390625
1 0.2 0.4640625 0.0578125 0.0671875
1 0.225 0.51484375 0.06328125 0.05
1 0.278125 0.46796875 0.0625 0.05078125
1 0.3 0.50859375 0.0515625 0.04609375
1 0.69453125 0.625 0.05625 0.05859375
1 0.75859375 0.62578125 0.0515625 0.0453125
5 0.465625 0.5 0.89375 1