3 0.4705162406612139 0.6168855155108779 0.14069891233702042 0.1002269400324213
3 0.3646872061652149 0.5115687768834174 0.09086255357072241 0.10727315260503385
3 0.5212605344927037 0.5676089534763846 0.06852390340856669 0.07969180810555195
3 0.6017935142001642 0.612334948513986 0.08275004464226861 0.08972177956950453
3 0.8151020377391145 0.6039637146440363 0.12213982710967279 0.11029114474715093
3 0.9516225728473169 0.506116911915168 0.09675485430536632 0.1060017510334573
3 0.5206451055165917 0.39796854156572586 0.08247730925276535 0.07409677956950453
3 0.5991558892018118 0.37163717390688006 0.09950116801906325 0.06552230024766903
3 0.8002411022701809 0.3349054995902244 0.06841480925276536 0.07344180810555186
3 0.24040640624794044 0.28982867163056847 0.11539890340856669 0.08187504631872758
3 0.5820308445595431 0.2864274199779386 0.10042846834337489 0.11864730024766904
3 0.30404794074393937 0.39711032464988716 0.09722164772652384 0.1138142510334573
3 0.40465191274076223 0.38226011249155933 0.10572389448011296 0.06425089867609249
3 0.4621450385531888 0.27168217742153666 0.10616027110331831 0.08925089867609248
3 0.4704603246740408 0.16574039247534864 0.1356841298696164 0.08125861621110375
3 0.6539352978886795 0.10559048883685747 0.06583528003177204 0.10454625889134013
3 0.8569296586835723 0.17823381452020187 0.09078073295387128 0.10258565260503386
3 0.6786912049473989 0.538383718158693 0.15051028896022595 0.12566358767505648
3 0.28298364407307586 0.22060348263160448 0.1160534683433748 0.11937504631872757
3 0.812158675322664 0.25616191542982464 0.06534435633066593 0.07642125889134013
3 0.3704168291349724 0.6606419776692057 0.0872739034085667 0.08056510339082212
5 0.5 0.47578125 1 0.9515625