3 0.6306969712939068 0.5464334693178825 0.11867569863085592 0.15418096656499997
3 0.5336071125869387 0.6646002814382296 0.11982702174882984 0.10581620174736131
3 0.5777921471873498 0.5014106036265631 0.08912084980971961 0.08012521751493047
3 0.6172631654761386 0.41552830822371584 0.1006950197716634 0.09600479065319441
3 0.5938269599623813 0.2038452726045144 0.12735036167271757 0.13721167211208343
3 0.4871060691636412 0.07858873983510457 0.11851918973360753 0.11202983415618065
3 0.40883655874633684 0.5217198375746531 0.08494268577927463 0.09251611474138902
3 0.3774857410655704 0.44670100056868095 0.0793293557412186 0.10799564437666671
3 0.32763161558986936 0.25004289969500026 0.08280718281352524 0.07841724715020834
3 0.3211495804579856 0.8121435094023962 0.09884335969555132 0.12718205547083344
3 0.29427665163597416 0.4736979520317016 0.13283635771838495 0.11860714247680555
3 0.42348801327151075 0.7378903514423615 0.12639535672980173 0.11377417211208343
3 0.4016859505336603 0.6396340361878823 0.07952035672980173 0.11268314437666671
3 0.2877799594309088 0.5947553344405211 0.10471135771838505 0.11795252583555574
3 0.18127529144613122 0.5985323382402432 0.10116986364988403 0.1459684230620141
3 0.1086548280237087 0.4232400910900348 0.11262201680591395 0.08223323138263901
3 0.16731353950614594 0.21190385400781264 0.11513952174882984 0.10570709897381958
3 0.5379059293163031 0.34799400968673655 0.14574753460041112 0.1672992156150695
3 0.2489854203818734 0.7791842326169099 0.13497186068413444 0.1327060100679862
3 0.24797594908796655 0.24740690254479186 0.08424234882113649 0.07532861474138901
3 0.6815962850203405 0.640675085009202 0.09300985376405216 0.0989479526972918
5 0.5 0.5 1 1