6 0.14453125 0.8484375 0.15859375 0.15546875
6 0.2703125 0.8671875 0.12421875 0.1453125
6 0.40234375 0.8765625 0.15234375 0.11640625
6 0.25234375 0.60625 0.10703125 0.0921875
6 0.365625 0.5921875 0.1109375 0.1046875
6 0.49453125 0.6359375 0.10390625 0.06171875
6 0.534375 0.71796875 0.2234375 0.1203125
6 0.5125 0.571875 0.10625 0.07109375
6 0.4234375 0.47421875 0.0984375 0.05546875
6 0.4859375 0.4453125 0.115625 0.06875
6 0.72578125 0.51484375 0.19921875 0.13125
0 0.05078125 0.73046875 0.10078125 0.12109375
0 0.18671875 0.4515625 0.0765625 0.08671875
0 0.21171875 0.9328125 0.0859375 0.084375
0 0.31484375 0.9703125 0.05859375 0.05859375
0 0.6453125 0.88046875 0.08203125 0.175
0 0.2546875 0.43671875 0.075 0.06640625
0 0.42265625 0.525 0.096875 0.08359375
0 0.38125 0.65390625 0.12109375 0.05625
0 0.83125 0.55703125 0.05390625 0.06484375
0 0.7484375 0.4921875 0.07421875 0.05390625
0 0.17578125 0.7140625 0.12890625 0.17734375
0 0.29375 0.5265625 0.0859375 0.1140625
0 0.44140625 0.59375 0.0828125 0.0578125
0 0.15390625 0.53828125 0.2375 0.09140625
0 0.59375 0.60859375 0.08984375 0.09921875
0 0.71640625 0.67890625 0.32421875 0.1484375
0 0.4296875 0.44765625 0.03984375 0.03515625
0 0.590625 0.46171875 0.1734375 0.07734375
0 0.6453125 0.4 0.04921875 0.03125
5 0.5 0.64140625 1 0.71640625
5 0.61015625 0.08984375 0.6296875 0.1796875