1 0.7975998450771882 0.8095460262392338 0.06569904160312508 0.07254961179556503
1 0.7775406117946881 0.753950790667204 0.06231946846486114 0.061502984390903494
1 0.24038283785899356 0.6194592950131913 0.08110583605604171 0.06372024881887377
1 0.4392352991056601 0.4623932955613455 0.06555357123840296 0.06629961179556502
1 0.2811123681598614 0.3873809157944311 0.07187630642076392 0.06964286660488854
1 0.37765679378732653 0.20183030699409085 0.06900587955902786 0.08047123920022674
1 0.5338892632021184 0.2292137186121707 0.06548083605604163 0.06317461179556512
1 0.6021151991819101 0.3722618249654402 0.0736570119678472 0.0790724303072194
1 0.7158471248093752 0.1861110154394606 0.06082970364722229 0.06457342068857255
1 0.7182305084524656 0.35569682914179146 0.060684233282499986 0.05832342068857255
1 0.5998838180073616 0.5451363297747637 0.04956489532659738 0.05012897477225664
1 0.7327865837749311 0.5107836332254754 0.0705320119678472 0.07896330290255768
1 0.924520795305938 0.5517831115411111 0.07198540919430556 0.07433036660488845
1 0.5514489308488895 0.6813119319516818 0.04495013050895835 0.053090283665263985
3 0.3797719929692366 0.5950445936545797 0.08735583605604172 0.0639385036281972
3 0.3700190525241326 0.7806919169755574 0.07652743882958343 0.0682440577118811
3 0.40631892201517417 0.727819888119617 0.09702177678548622 0.07676588584218216
3 0.2976485175705213 0.5267608743246188 0.12587412860909727 0.10899803248413757
3 0.19878887100965303 0.31050344646447015 0.09727634992375007 0.08770338584218215
3 0.6503605159550008 0.7654289824071688 0.12438436379145834 0.1120684687818068
3 0.9331710563238549 0.6546898567317877 0.09426045269729144 0.09228175843752062
3 0.6926350156706602 0.5661358213372432 0.12540134992375015 0.08868553248413757
3 0.7857972553183336 0.23527271253690296 0.10970361474138883 0.08501489546082901
3 0.39361171494947944 0.349831297375444 0.10025587955902786 0.08156251324684387
3 0.4625078385245837 0.3873015263240518 0.1084684230620141 0.09902283175849824
3 0.6349082089655559 0.3030926735141614 0.10654224715020852 0.08334326805616729
3 0.5653191415268751 0.13507184901205732 0.15189242116215293 0.1536210517214313
5 0.5 0.5 1 1