1 0.6828125 0.840625 0.05 0.05703125
1 0.6765625 0.78515625 0.0484375 0.04609375
1 0.2171875 0.540625 0.0671875 0.04375
1 0.43203125 0.44296875 0.05078125 0.04921875
1 0.3046875 0.3390625 0.05546875 0.053125
1 0.43203125 0.19140625 0.05078125 0.06484375
1 0.56796875 0.2515625 0.0515625 0.04765625
1 0.6 0.39765625 0.05625 0.0625
1 0.74296875 0.25390625 0.04609375 0.04921875
1 0.70859375 0.40859375 0.046875 0.04453125
1 0.56015625 0.5546875 0.0375 0.03671875
1 0.68828125 0.55390625 0.05390625 0.06171875
1 0.85390625 0.634375 0.05625 0.05703125
1 0.48671875 0.66796875 0.03125 0.0421875
3 0.34921875 0.55 0.07265625 0.04296875
3 0.3 0.7171875 0.06015625 0.0484375
3 0.3453125 0.678125 0.08046875 0.053125
3 0.28984375 0.4703125 0.10078125 0.0796875
3 0.24609375 0.25 0.078125 0.06328125
3 0.55859375 0.7671875 0.1 0.08125
3 0.83984375 0.73046875 0.07265625 0.07109375
3 0.63984375 0.59453125 0.10625 0.059375
3 0.79609375 0.31484375 0.0921875 0.05859375
3 0.41484375 0.33046875 0.08203125 0.05703125
3 0.46953125 0.3796875 0.08671875 0.0734375
3 0.64453125 0.3421875 0.0875 0.05703125
3 0.6171875 0.1734375 0.11640625 0.11796875
5 0.52265625 0.5109375 0.89453125 0.9015625