0 0.6903051516209148 0.688252038147457 0.06339286660488845 0.0706670240041051
0 0.7748016256753811 0.2896059807694729 0.05972222958157989 0.055023843285945874
0 0.7504043156012474 0.3738218994855796 0.07060516587924912 0.05352497579950324
0 0.3089261437315486 0.3915618278660477 0.15236608656782166 0.11336358411256367
0 0.48248272793711744 0.6643913155694076 0.058541675497895976 0.06595225292686635
0 0.6435491695922642 0.46771227917046654 0.09480655771188111 0.0755363311856975
0 0.9186781443645208 0.5177405920093996 0.10776291469812271 0.13341246369925486
0 0.9455233368843077 0.409328649190992 0.10895332623138465 0.1131181444174139
0 0.5670313096107976 0.4461776467551051 0.1186656983633867 0.1772170058537325
0 0.4998735806621898 0.5137418757760621 0.1934821598887993 0.12766243344863373
0 0.38489591060658956 0.5763413488450907 0.17158731252120454 0.0822317587805987
5 0.53046875 0.4741799269075302 0.9390625 0.9476508058068502
0 0.61354918946253 0.6151639960911751 0.13737600362819719 0.08671927088084708