3 0.7930046061983292 0.3007646225594251 0.14428319368794007 0.13055234496658025
3 0.7470289199247628 0.392996987007766 0.10962435079830275 0.08466710064862308
3 0.7663028433467479 0.3612793827056948 0.12786501482874754 0.07249438311602718
3 0.29898405627487884 0.5290285754848197 0.15250687056996623 0.17909893912238176
3 0.4130877296596829 0.8945598924482228 0.10218853558899425 0.1704136858759707
3 0.3168401293556717 0.9734058668806774 0.1003475098858317 0.04859323295387128
3 0.5720209441450506 0.27501678002847685 0.11274935079830276 0.08472164772652384
3 0.5710778680613272 0.24060086972005132 0.0709146778706092 0.05432503571381488
3 0.6172817060080488 0.21951680234961116 0.061348676882026075 0.04947389448011297
3 0.6683030365403964 0.2336980791349724 0.04428851087441501 0.05229888555165925
3 0.6465991328900749 0.17155658928124212 0.04065417490485963 0.03974433847375849
3 0.8486259120160975 0.4322970405784884 0.10975168479069133 0.08779210064862308
5 0.5 0.5 1 1