0 0.36484375 0.29140625 0.0515625 0.0609375
0 0.20625 0.66875 0.05078125 0.04765625
0 0.246875 0.5890625 0.06171875 0.04375
0 0.684375 0.63828125 0.134375 0.09140625
0 0.565625 0.34609375 0.04765625 0.06015625
0 0.36953125 0.5140625 0.08203125 0.0625
0 0.10859375 0.42421875 0.0859375 0.11953125
0 0.0609375 0.52578125 0.09140625 0.09921875
0 0.440625 0.546875 0.0875 0.165625
0 0.51953125 0.490625 0.17421875 0.1
0 0.64453125 0.446875 0.16171875 0.05625
5 0.4359375 0.53125 0.871875 0.83671875
0 0.4265625 0.375 0.1234375 0.06640625