1 0.5590371207452697 0.9249103403611436 0.06767088479802066 0.0733690334984459
1 0.5685317926903088 0.8674617133966729 0.06266513605166182 0.06221320967712849
1 0.1744828936400163 0.4829880901562558 0.08150606426490725 0.06621150496239867
1 0.417988852732074 0.44895565425766365 0.06588106426490725 0.06548375889134021
1 0.31964594411486996 0.30668891749223004 0.07387542069139794 0.07209763192686944
1 0.48948473416488236 0.19647066314900385 0.07106866943775678 0.08288958271265771
1 0.6101261916075875 0.2983136071103666 0.06583560015828453 0.06392125889134022
1 0.6008922809453194 0.4543452832890491 0.07571070533113407 0.08154540653397539
1 0.7861060184089071 0.3534485250168814 0.061193564264907255 0.06526543507002262
1 0.7075681782797524 0.4984292311793531 0.0610571719450391 0.060577935070022446
1 0.5168629587628534 0.5998525283266503 0.04984688730530316 0.05069351282028158
1 0.6463996945770883 0.6379604580199894 0.07254024122451135 0.07983735731976367
1 0.7896602981005852 0.76902002108794 0.0739663489046432 0.07522263192686936
1 0.41011520209893576 0.6926692669541108 0.04364235141192587 0.05196491439185813
3 0.30448263070789255 0.5320699071531478 0.08458560015828454 0.06479455417661058
3 0.2077259879923131 0.6848074553339023 0.07530152837152988 0.0674829065339754
3 0.26401309191152134 0.6592659538861602 0.09749477711788863 0.07943925103345731
3 0.2666536732651874 0.43408401736839564 0.12657452335696498 0.11356169396136266
3 0.2852375033652123 0.19869232692168945 0.09772209765100204 0.08725175103345731
3 0.454316179995612 0.8136388924708393 0.12501202335696499 0.11348891935425698
3 0.7494324517032244 0.8610234305173993 0.09482441818411544 0.0949187018192454
3 0.5861608765512575 0.6648825229499667 0.1275459899708702 0.09332196856846871
3 0.8230089733443297 0.42948664019452776 0.11183006175762493 0.08946922249741007
3 0.4339441248353978 0.33078785111451053 0.10227320533113407 0.08278257485477489
3 0.47426759646386785 0.3968152655063687 0.10911423871722903 0.10338617328319825
3 0.6615630079840658 0.41257946835907167 0.10388116943775678 0.08441784946188076
3 0.6816123981923627 0.23436457712657727 0.15280205423577745 0.15691358767505648
5 0.5 0.5 1 1