0 0.6535304627625411 0.7175139715864904 0.06331816000954511 0.07140344155801355
0 0.7837868433720437 0.2987793827056948 0.060029528007635946 0.05728639448011288
0 0.7481044293841339 0.38720095454036185 0.06936816534054521 0.05432503571381488
0 0.2729680693825432 0.36719104869945846 0.15443405601527208 0.11517280681713338
0 0.4319639980903595 0.6730297658250173 0.05863066000954511 0.07132162094116268
0 0.624186218730088 0.47798782142433466 0.09618520401018138 0.0766636858759707
0 0.9140850600731785 0.5549084261301476 0.10628745735199914 0.1393273271096728
0 0.9505828973583625 0.4431175381428563 0.09883420528327491 0.11742505357072233
0 0.5449345233927245 0.44692300770734245 0.1115385786919079 0.18784664772652385
0 0.4660560927354968 0.5150633072208752 0.19831132535009016 0.1268739659077429
0 0.3354788020766783 0.5705848299490466 0.18057838534372675 0.07969895697928919
5 0.51875 0.48171106493151294 0.9625 0.9621129999934095
0 0.5775577614178597 0.6326110917168741 0.14158861067790873 0.08526711850553052