3 0.7326229327391631 0.753982488125754 0.12247186068413445 0.13582903663473136
3 0.6341681866934958 0.7300326537750148 0.07913835475263546 0.10549308344622813
3 0.6689106012182322 0.7420313647654343 0.06590352570316256 0.12506859905006032
3 0.41271226973448244 0.3238358061952925 0.17103669467652322 0.14149253844375362
3 0.08330997673111436 0.5109142458161285 0.16431185079830274 0.09124687697836435
3 0.005418375969992651 0.43428979081860286 0.010836751939985302 0.09670458163720567
3 0.7125663952101835 0.5352800757558536 0.07920202174882984 0.10705558344622812
3 0.745792730685447 0.5268434560135784 0.051111513840164415 0.06816350180902227
3 0.77541922228249 0.5683249491161735 0.044479511862998145 0.05846095318850324
3 0.771723877909978 0.6205868119610437 0.05159167490485981 0.04168288896415202
3 0.8279393858186435 0.5859528623905851 0.035839340912470874 0.03773901741285464
3 0.6172751639560827 0.8371900565339768 0.08063718775644091 0.10401247060135788
5 0.5 0.5 1 1