3 0.73671875 0.2453125 0.11875 0.10625
3 0.71171875 0.340625 0.09375 0.06640625
3 0.72421875 0.30703125 0.1140625 0.0515625
3 0.315625 0.54296875 0.1171875 0.153125
3 0.490625 0.8671875 0.06953125 0.15234375
3 0.41640625 0.9703125 0.08984375 0.059375
3 0.52421875 0.25859375 0.0953125 0.065625
3 0.5171875 0.2265625 0.0609375 0.0421875
3 0.55703125 0.1984375 0.0515625 0.03828125
3 0.6078125 0.20390625 0.034375 0.0453125
3 0.57578125 0.14921875 0.03359375 0.03203125
3 0.81484375 0.36015625 0.0921875 0.06796875
5 0.5 0.5 1 1