1 0.046070055419464725 0.36695273665412714 0.08012845574818701 0.07968218281352524
1 0.2368832225019192 0.8239190251716899 0.09717040653397531 0.0772575197716634
1 0.2951752196064351 0.7108168473010806 0.0752954065339753 0.0763661818249421
1 0.3202308775881525 0.6918612588600676 0.06243153349844608 0.0680443458553869
1 0.32508535153330453 0.6378595083657759 0.08110875889134013 0.06724584980971962
1 0.39081951344396326 0.6328417445256115 0.07943925103345731 0.09836851581733086
1 0.4635121507475162 0.6290999792025722 0.07544095574818713 0.07949118182494211
1 0.46249976840636203 0.5503847301911554 0.07878427956950454 0.08430601581733085
1 0.15576404073715633 0.2049700484033945 0.07402400496239876 0.08255251482874763
1 0.1927182311838624 0.2151607904947291 0.07507708271265771 0.07167868182494201
1 0.24213603432701553 0.22562344661650857 0.08572348428423426 0.06587435079830276
1 0.13545142494033735 0.4904127998862693 0.07046235731976358 0.0730501808363588
1 0.1821444884225727 0.4924090400004375 0.06272263192686944 0.0742943458553869
1 0.24293643920836097 0.49305102714885624 0.06741013192686936 0.07448534684397004
1 0.18797280335255012 0.5514338715213685 0.09077485731976358 0.07387785178688588
1 0.2940259042621729 0.5011062662744413 0.07195208271265771 0.07155134783255335
1 0.29662005728149154 0.5626021817877609 0.07500430810555195 0.0701161818249421
1 0.3028230155108779 0.4461640982896638 0.0721704065339753 0.07623884783255334
1 0.357168067206289 0.4010625039171517 0.0588698858558109 0.05854201186299797
1 0.3907211217971842 0.4675350795065835 0.07685790653397531 0.0764298488211363
1 0.33101659780925086 0.22590067783342827 0.0747132096771285 0.06386618182494201
1 0.3949335485950392 0.22641533098945824 0.07685790653397531 0.07642984882113639
1 0.4173864373463342 0.28008415905034795 0.09655397642635144 0.09750635277546911
1 0.4745032704732767 0.3596323961987667 0.07485875889134022 0.06699118182494201
1 0.45976018196965074 0.2073987341454882 0.09015842721213971 0.0941266847906915
1 0.48454616625388497 0.14400739619876668 0.08339900496239867 0.08293451680591395
1 0.5049464034336034 0.19152172475394802 0.0866695541766104 0.08618685079830275
1 0.6152459327982202 0.5020533650583967 0.07849318114108109 0.07805601581733086
1 0.6226988678682428 0.4424873640698134 0.07569351282028158 0.051429848821136305
1 0.6817013786216097 0.582000850229649 0.07060790653397539 0.0761751808363588
1 0.6982232526905964 0.4783983477581911 0.07522263192686936 0.0748036818249421
1 0.7630819652632088 0.5256606669218323 0.07700345574818694 0.07955484882113631
1 0.7774206011190198 0.46893316445037436 0.0666823858558109 0.058860346843970034
1 0.7209201980997012 0.4096337603057612 0.08630568114108109 0.07837435079830275
1 0.8233196060814185 0.3875266555531258 0.0721704065339754 0.07623884783255316
1 0.8404258310600279 0.23789407007786223 0.11813787799792799 0.09214769072219058
1 0.8458367690255345 0.2891382350968903 0.10854455417661057 0.08707818874502422
1 0.8345996701828264 0.14533915555312577 0.07722177956950453 0.08424234882113639
1 0.6014553763452982 0.22891695399370135 0.07514985731976367 0.07324118182494202
5 0.5 0.5 1 1