5 0.5 0.4890625 1 0.9140625
6 0.29296875 0.68671875 0.15390625 0.128125
6 0.45234375 0.7328125 0.140625 0.12890625
6 0.79609375 0.725 0.11328125 0.1296875
6 0.69609375 0.55 0.11640625 0.08203125
6 0.49140625 0.5171875 0.10234375 0.10546875
6 0.53046875 0.48203125 0.0640625 0.071875
6 0.37265625 0.425 0.14140625 0.09609375
6 0.30859375 0.346875 0.13359375 0.1140625
6 0.4609375 0.28125 0.125 0.121875
6 0.76171875 0.3984375 0.134375 0.11640625
6 0.6421875 0.23203125 0.0875 0.0890625
6 0.7078125 0.16796875 0.046875 0.0796875
0 0.4328125 0.49296875 0.04921875 0.10390625
0 0.15078125 0.5375 0.08828125 0.0859375
0 0.18046875 0.4625 0.0890625 0.06171875
0 0.29296875 0.565625 0.04765625 0.07265625
0 0.22109375 0.70546875 0.04765625 0.11015625
0 0.2765625 0.7015625 0.0453125 0.065625
0 0.29609375 0.65859375 0.0265625 0.01953125
0 0.2890625 0.7515625 0.02734375 0.05625
0 0.4421875 0.84765625 0.13125 0.053125
0 0.43359375 0.728125 0.034375 0.1078125
0 0.5890625 0.6609375 0.10703125 0.109375
0 0.51328125 0.67890625 0.05 0.046875
0 0.525 0.60859375 0.04765625 0.03671875
0 0.671875 0.78359375 0.0546875 0.028125
0 0.76015625 0.73046875 0.05859375 0.0265625
0 0.8875 0.6375 0.059375 0.06796875
0 0.88203125 0.565625 0.08671875 0.08671875
0 0.7984375 0.559375 0.08359375 0.03046875
0 0.809375 0.52890625 0.0625 0.02578125
0 0.79765625 0.475 0.06796875 0.03671875
0 0.68984375 0.4921875 0.04296875 0.0796875
0 0.6375 0.48125 0.0515625 0.08515625
0 0.325 0.31484375 0.09140625 0.040625
0 0.51875 0.30546875 0.10078125 0.0625
0 0.49765625 0.396875 0.065625 0.07734375
0 0.37109375 0.57578125 0.090625 0.08828125
0 0.3 0.371875 0.08671875 0.14296875
0 0.428125 0.3765625 0.2 0.1015625
0 0.3859375 0.2109375 0.040625 0.08984375
0 0.2234375 0.24453125 0.05078125 0.0453125
0 0.546875 0.1671875 0.07421875 0.07421875
0 0.49375 0.13984375 0.05390625 0.0921875
0 0.590625 0.36640625 0.071875 0.08984375
0 0.66015625 0.296875 0.08984375 0.11953125
0 0.815625 0.36953125 0.07578125 0.0828125
0 0.74140625 0.275 0.08359375 0.06015625
0 0.5578125 0.23984375 0.053125 0.04609375
0 0.640625 0.20859375 0.05703125 0.0484375
0 0.4625 0.73359375 0.0703125 0.07890625
0 0.4859375 0.80546875 0.0734375 0.034375
0 0.2578125 0.48515625 0.05 0.02734375