1 0.05 0.4375 0.06640625 0.06640625
1 0.30703125 0.8578125 0.084375 0.06015625
1 0.3453125 0.74453125 0.06171875 0.06328125
1 0.36640625 0.72578125 0.05234375 0.0578125
1 0.36171875 0.6734375 0.06796875 0.053125
1 0.42421875 0.6640625 0.06171875 0.084375
1 0.49375 0.6546875 0.06171875 0.065625
1 0.48046875 0.57890625 0.06484375 0.0703125
1 0.128125 0.275 0.06015625 0.06796875
1 0.16640625 0.28203125 0.0625 0.059375
1 0.215625 0.2875 0.07421875 0.05234375
1 0.15625 0.54765625 0.0578125 0.06171875
1 0.20078125 0.54609375 0.05 0.0625
1 0.26015625 0.5421875 0.0546875 0.06328125
1 0.215625 0.60234375 0.07734375 0.059375
1 0.31015625 0.54609375 0.06015625 0.059375
1 0.32265625 0.60390625 0.0625 0.0578125
1 0.309375 0.49296875 0.059375 0.06484375
1 0.3546875 0.4453125 0.04765625 0.0484375
1 0.39765625 0.50625 0.06328125 0.06328125
1 0.30078125 0.28125 0.0625 0.05078125
1 0.3625 0.2765625 0.06328125 0.0625
1 0.39296875 0.32578125 0.0796875 0.08203125
1 0.4609375 0.396875 0.0625 0.053125
1 0.42265625 0.253125 0.07421875 0.07734375
1 0.4359375 0.190625 0.06796875 0.06796875
1 0.46328125 0.234375 0.071875 0.07265625
1 0.61953125 0.521875 0.06484375 0.06484375
1 0.6171875 0.4640625 0.0671875 0.0390625
1 0.69609375 0.59296875 0.05703125 0.06484375
1 0.6953125 0.4921875 0.06171875 0.06171875
1 0.765625 0.53203125 0.06328125 0.065625
1 0.76953125 0.47734375 0.05546875 0.04765625
1 0.70625 0.425 0.071875 0.06328125
1 0.8015625 0.39609375 0.059375 0.06484375
1 0.79296875 0.25234375 0.1015625 0.071875
1 0.80703125 0.3 0.09296875 0.06796875
1 0.7734375 0.16484375 0.0625 0.0703125
1 0.56171875 0.2625 0.06171875 0.06015625
5 0.5 0.5 1 1