3 0.44743350227631157 0.3300026872834608 0.06730312406898661 0.10676521046687401
3 0.4040239123249435 0.1245031161803037 0.08139985731976367 0.07486276308359244
3 0.4594305421848984 0.23970391097510158 0.06137845574818712 0.07992969468185844
3 0.3718363428468522 0.29700744773621734 0.05556510339082212 0.08894067363517104
3 0.4208303068672068 0.3993365162085386 0.0408818651776464 0.04133763154179615
3 0.3266114642297516 0.6323302977079825 0.0919392510334573 0.10040879465362344
3 0.30687469892827063 0.7215216003247009 0.08241870181924557 0.09673776308359247
3 0.2968233027333776 0.7867748740022243 0.09106595574818703 0.08165879465362344
3 0.3668232795740137 0.8395743793344833 0.037140435070022626 0.06137711575678075
3 0.4315964090196839 0.8038574162367734 0.06501287799792799 0.0910492052052021
3 0.4687775394988112 0.6746935610033364 0.05589043507002245 0.06246917889684287
3 0.5226816354460353 0.7050566242139858 0.07558650496239867 0.08387374203690498
3 0.5016071561241997 0.6891431978773916 0.05356595574818712 0.07947466837349922
3 0.5979728496712777 0.41005566637794777 0.041065955748187125 0.07874662628012441
3 0.6876904369320493 0.10642316118686308 0.06635705417661039 0.08645271046687397
3 0.6215581687350843 0.0876801374387526 0.05156680810555194 0.07000866311182732
3 0.5510958114153207 0.16190586369064214 0.10070212903138528 0.1881818104386391
5 0.49155587572612564 0.4954042342855717 0.7606382485477488 0.9908084685711434