6 0.5859375 0.8 0.14921875 0.2078125
6 0.353125 0.76796875 0.134375 0.17578125
6 0.278125 0.553125 0.14375 0.0921875
6 0.4359375 0.51796875 0.12421875 0.19609375
6 0.7171875 0.65859375 0.15078125 0.19375
6 0.76953125 0.4171875 0.14296875 0.1640625
6 0.6171875 0.36015625 0.1390625 0.15078125
6 0.43828125 0.35234375 0.10078125 0.09921875
6 0.48125 0.17265625 0.16796875 0.196875
6 0.66484375 0.203125 0.13828125 0.18359375
6 0.26328125 0.2421875 0.07421875 0.13125
6 0.5640625 0.61796875 0.13046875 0.16875
5 0.51875 0.48828125 0.74375 0.9765625