6 0.15833150812097013 0.6057188127540132 0.22627394805083534 0.1742098631835546
6 0.19234186404459902 0.3596184187014785 0.19318871266133195 0.1568652329258297
6 0.42034986160896703 0.2886795561952925 0.10270008035608366 0.15992827792830405
6 0.4572889797107559 0.4571739286511011 0.21172052434972918 0.14534787878738661
6 0.3090700734628154 0.7504625039567289 0.2122114480508353 0.17347287878738663
6 0.5644336834469293 0.8146732473980082 0.18082508035608366 0.16402263568479186
6 0.6258638814977646 0.6552440157153739 0.1651182597392326 0.1585162641334943
6 0.6338514797107558 0.46642717718076315 0.10969437418757337 0.11346271370395282
6 0.8229724809285719 0.517782716529028 0.2156637305182393 0.1923866530976463
6 0.7922195385597793 0.7116621913142573 0.19949325973923263 0.16031778154634874
6 0.7496379411542718 0.2840418023501053 0.14204322402541775 0.0886198439616777
6 0.35254515828312594 0.5893103199901024 0.18526711850553051 0.15020579715018095
5 0.49897724228936224 0.5465163896415206 0.9979544845787245 0.8586577792830411