5 0.5 0.5 1 1
6 0.34187534742995007 0.6922891266330602 0.18308631468808995 0.16836911035393456
6 0.5147861360995863 0.7041080452183209 0.16744313335454458 0.1658965577372161
6 0.8695003607574504 0.6185605981879753 0.14084427068745348 0.16122446828879458
6 0.7339884800684059 0.4614977980609183 0.13561133068109044 0.11407645250377918
6 0.5175822300684059 0.4741020268024695 0.12332950668363551 0.1320984104104042
6 0.5514572433959062 0.4291311610456887 0.07910679201145392 0.08892526308359247
6 0.37762884472467917 0.40563899509126405 0.16391814401654461 0.13133954721387225
6 0.29790443471513417 0.3399222608056924 0.15943063868554458 0.14825403142885668
6 0.4436976453691802 0.2383990162085386 0.15170904535327168 0.15561150512049746
6 0.7757839867122707 0.29098090073410654 0.15946700135263542 0.15137903142885678
6 0.6232300566915898 0.14741915848544 0.10592383068109026 0.11234735253201392
6 0.6793613306810903 0.06675371643441749 0.06355451734563573 0.09426521046687397
0 0.4525475760661788 0.4614724951618512 0.07009541868236298 0.11962923151356133
0 0.16847311541213275 0.5710497054169636 0.1059056493475448 0.110784852532014
0 0.18626859540099688 0.4879263922769015 0.1040522480108177 0.0856938472703419
0 0.3201083407463145 0.5684721950347942 0.06190111067790856 0.0863617052052021
0 0.27037306476763173 0.7285066186699654 0.0686056440165447 0.1257882262518894
0 0.3272406827657227 0.7111224266189428 0.05868520401018138 0.07836719468185845
0 0.34074865209258665 0.6626471292638961 0.031540901336727066 0.02682010523343692
0 0.3489071447724042 0.7591126055863728 0.03822725334181776 0.06468412628012424
0 0.5240076894493584 0.8247467689099617 0.14620338534372693 0.08502598933548207
0 0.4944463640992682 0.7029473636200549 0.05448860001590834 0.12028167889684287
0 0.6433463934197687 0.5996796084995575 0.13121473201781733 0.1388034367187636
0 0.5687100200906776 0.6352978610598062 0.061610209341181485 0.0613617052052021
0 0.5678373160804963 0.5602978610598062 0.056795440006363405 0.05015118942018652
0 0.7509145401018136 0.7067725007058717 0.06137385200509069 0.0410492052052021
0 0.8321367207590413 0.6324634744680997 0.06606135200509086 0.04132222099021767
0 0.9479697114099055 0.509231829842711 0.07438292934436319 0.0855272472985769
0 0.9299185980664969 0.4360141377211013 0.10432496801399935 0.1091313472703419
0 0.8425095047342241 0.44892293237472486 0.09115225867281787 0.05059080517696728
0 0.8483686060629971 0.41496516132803746 0.06916817067154532 0.03994173151356133
0 0.8258572593889065 0.36155173499144333 0.07714430267345414 0.054459257821920556
0 0.7176907707272244 0.40459535067763686 0.05886701734563573 0.09399219468185845
0 0.6621856580601336 0.4047010374669875 0.06675224267981754 0.10069722099021768
0 0.3092141047103616 0.30408347134315356 0.10379770934118149 0.06381884727034208
0 0.5079510493714073 0.25107405047999276 0.1165704293443632 0.08798438936371689
0 0.5012748827179976 0.34918532678835196 0.08230451734563574 0.09535727360693613
0 0.40211231874599634 0.5613506687970222 0.10906701201463562 0.11409186305535748
0 0.2935351080521794 0.3675390265907079 0.1143908586887262 0.16905237884037314
0 0.426165794716725 0.3441785793486008 0.22503745735199915 0.15051375241907436
0 0.35393516402768055 0.18343006612383395 0.05897610534690845 0.10336719468185844
0 0.1921533267027256 0.25461336333770623 0.06001134667409058 0.05814569994353027
0 0.5124829133513628 0.10305377943330536 0.09009883601209037 0.0942497999152954
0 0.45287155601527207 0.08619947937683561 0.0715306493475449 0.10878273677523323
0 0.592926033378407 0.2977222663497129 0.0902806493475449 0.10987479991529536
0 0.652881741366953 0.2097980611445108 0.11409995735199914 0.14405237884037314
0 0.8261197940404073 0.24974197972977147 0.09177042401336308 0.10371580517696728
0 0.732923230028635 0.16839254016841057 0.09774770401018137 0.08064232622365464
0 0.5367749360279988 0.17512620050822764 0.06315452800763595 0.05989021046687397
0 0.616707336688408 0.12434567953212738 0.06787839067472703 0.0632882262518895
0 0.5249332954328135 0.7027352610174539 0.08702838001272681 0.0987552893919517
0 0.5624702054423587 0.7709091373681655 0.0817954400063634 0.051607273606936135
0 0.26998052406904227 0.49321386077745755 0.05666817067154524 0.03921368942018653