5 0.5 0.49971339495704586 1 0.9994267899140917
6 0.28526285508732513 0.294638634102912 0.14635418874473985 0.1714323439616777
6 0.24755698004491614 0.4588173207830719 0.145917679126093 0.1589323439616777
6 0.27310752923445863 0.7990395290599579 0.14337303248413757 0.13072545680654776
6 0.44274296135577657 0.6755157406162041 0.09488096878180681 0.1266244549975255
6 0.464816401914615 0.46770656264247157 0.11799108656782167 0.11847776232447185
6 0.5018426867610053 0.5016378273417926 0.07901786660488845 0.07432497060135787
6 0.5504860618034143 0.33688593057572447 0.11455855172143128 0.15416960085908266
6 0.6255976784083028 0.262765677862191 0.1300198606144388 0.15030097241038015
6 0.6994022222403677 0.4047241265281385 0.13750497840045367 0.1413354081860289
6 0.5979736091788583 0.7188485815256641 0.1315823606144388 0.15038285956551006
6 0.7581075557281466 0.5771070595902538 0.10020338584218216 0.10038950361804452
6 0.8255381031884085 0.6336193311869799 0.08466766587924894 0.0574650192218769
0 0.4856671044543529 0.40656766678091455 0.10988592068857254 0.06502521370395282
0 0.4266021616180799 0.1328269516066236 0.09707838584218216 0.1002257293077851
0 0.5031547379342824 0.1514297874277009 0.07358632213985139 0.09743492198083885
0 0.40595730100364114 0.2773958231579211 0.07685516587924912 0.05705558344622812
0 0.26271822169221365 0.22563632858498806 0.11446429328391083 0.06214587516934209
0 0.2693749602594683 0.28065469923177444 0.07055060217691826 0.055165534825709094
0 0.3133605732361597 0.29394591531057646 0.021294646641955416 0.02918953301668683
0 0.22036454138499426 0.2995994510407967 0.058958337748947987 0.0358423247398008
0 0.1319319800449161 0.4648769702626736 0.06880954210278448 0.13929487336031982
0 0.25133674447288634 0.4399035464728124 0.11246528366526398 0.04956398801421251
0 0.32659466090028966 0.5849051079836303 0.12278771397248338 0.12184842378986112
0 0.3041864367610053 0.5119965524657062 0.05341766587924912 0.055827276119281774
0 0.3750892138028473 0.5137394369073025 0.043933538474587405 0.05221095318850324
0 0.20850437061160373 0.683892563885667 0.03477679328391083 0.057969630257724704
0 0.26576874438806836 0.7635524084131715 0.033377984390903316 0.06257524310259513
0 0.36552815301092334 0.876856912597043 0.07572917549789597 0.06947369629109837
0 0.43703113077840483 0.8614122970386393 0.09864088584218215 0.10030761646291494
0 0.4391690388531055 0.7778594906162042 0.04211806733052796 0.08954717887824373
0 0.47011893849028585 0.7848154975136092 0.03192461179556503 0.06561835594746519
0 0.5230356073647598 0.7656660278167624 0.04625993030721922 0.07416784034363318
0 0.500183439123258 0.6608081094539683 0.08455853847458741 0.0543400192218769
0 0.508288605002507 0.6073555608334493 0.09113592068857237 0.06404256784239593
0 0.6587276369384906 0.2742863540269013 0.05171132213985139 0.09628850180902226
0 0.6777975515517953 0.46512271596726046 0.07396826805616748 0.10837242198083885
0 0.5852653111704422 0.4574950016974807 0.08532243030721923 0.0762150192218769
0 0.4000768340359329 0.35646584746818066 0.09875001324684388 0.10343261646291477
0 0.6000346832176262 0.2578668159218319 0.15505457694917482 0.1079430540475859
0 0.6018104596264962 0.38566426730131287 0.12600697241000383 0.2140359237898611
0 0.7655207847615723 0.3201576967453835 0.09544147477225665 0.05335072930778519
0 0.7234027505481542 0.164061504976841 0.051855165879248946 0.055745388964152064
0 0.8178496326773212 0.47415912200558274 0.08408731252120454 0.08550813206674715
0 0.8424428941100667 0.41750300825620135 0.09900298439090349 0.06601450361804453
0 0.6204091482864179 0.5453325163968017 0.09965774881887376 0.08476450361804452
0 0.6939805683420183 0.6046422393730088 0.13005457694917483 0.1066328595655099
0 0.6297667570019401 0.7686505076903745 0.09189981252120454 0.08591756784239593
0 0.7201313513743101 0.6820335770031083 0.07029763103285873 0.09258364767057933
0 0.7453744319516818 0.4951134311415514 0.053526793283910835 0.05895227611928178
0 0.7808729331328081 0.5727946958408724 0.055252984390903315 0.06372166327441153
0 0.24720231597976552 0.4689735707830719 0.08704862141421188 0.08098440637700648
0 0.1766343556354793 0.5023050491863459 0.043298621414211924 0.07869156603337349
0 0.48474698911540876 0.2319361589789984 0.034613102176918174 0.05328213025772479