6 0.6297769836963392 0.8029081073509274 0.17948855386194254 0.23955790815498545
6 0.38207528190094103 0.8023016682506224 0.1605294756031114 0.20307483887551356
6 0.279253767168414 0.5888505851810967 0.16002950585373252 0.11713733887551356
6 0.4398776497801672 0.5302615321989606 0.1528351502711464 0.22316001834239999
6 0.7499207911725191 0.6361033890876697 0.18096015027114642 0.22397837226160835
6 0.776550427103922 0.3782537851684615 0.1682692527304745 0.19080215940862696
6 0.6106754422292324 0.34010423047046573 0.1634999394987581 0.17660326708875881
6 0.4240294151018694 0.35803719121187605 0.11785109621281205 0.1174723079967011
6 0.4463442557555366 0.16438647961253589 0.19661242134838536 0.22912051332783517
6 0.6417249334486337 0.17042221628470075 0.16369992739850953 0.21097826708875883
6 0.22893456283893313 0.2668224724863999 0.09303290339440444 0.14799488229073815
6 0.5849315954272452 0.6158998523363627 0.15580561416679295 0.1966884465556454
5 0.5224401649054776 0.4988406652811216 0.8855053298109553 0.9976813305622432