3 0.3828125 0.5390625 0.090625 0.04375
3 0.19765625 0.62265625 0.05703125 0.0640625
3 0.29765625 0.54609375 0.065625 0.04453125
3 0.3609375 0.6171875 0.07734375 0.0359375
3 0.45 0.54921875 0.03125 0.03203125
3 0.675 0.58984375 0.078125 0.0703125
3 0.759375 0.58984375 0.0765625 0.06171875
3 0.82109375 0.5859375 0.0609375 0.07265625
3 0.86171875 0.50859375 0.05390625 0.02421875
3 0.82109375 0.45546875 0.0765625 0.04375
3 0.6984375 0.44765625 0.0484375 0.04296875
3 0.7203125 0.38984375 0.06640625 0.0578125
3 0.70859375 0.4140625 0.0671875 0.034375
3 0.43984375 0.38046875 0.06875 0.025
3 0.15 0.359375 0.0703125 0.046875
3 0.1390625 0.425 0.0578125 0.03671875
3 0.215625 0.4765625 0.1640625 0.059375
5 0.4953125 0.46953125 0.934375 0.51953125