1 0.6669583002477053 0.6436088672844194 0.06760565651766245 0.0730477621748646
1 0.7230668788011242 0.4860106014561067 0.04250566256778665 0.05542388555165907
1 0.4081650832288009 0.7390814598186629 0.0677147408266178 0.0917977621748646
1 0.6627333667990716 0.4544918202065187 0.06601588544042354 0.0683329886359143
1 0.35896399306611304 0.6069859801112024 0.06443520472226431 0.06518071509696384
1 0.21015781264254135 0.4067523806803952 0.06444429508134393 0.06674321509696401
1 0.34330665592848725 0.4668831314911741 0.03770907825883123 0.0365920649348082
1 0.37594137304558756 0.3026257625786064 0.07224770472226431 0.06531708279171564
1 0.4634050116092691 0.29790308075982547 0.037809072208706954 0.0537795649348082
1 0.5408487555591449 0.3164406209378673 0.08168633723582168 0.07641822402541773
1 0.48951403541698246 0.48896445738303085 0.05344316256778665 0.05561480032431163
6 0.27378956234795376 0.6023745722384088 0.08962610226293632 0.09842959172016937
6 0.24478682181592354 0.3167410353067779 0.10523292154477701 0.09557732710967279
6 0.37321686972593787 0.5056825787312306 0.10052724082661779 0.09237050649282175
6 0.5618435533709634 0.5683440401747465 0.09748405405833438 0.10637845941492116
6 0.7122652133064713 0.3748958234529295 0.1084488251355733 0.11125687418757346
6 0.4287850927949665 0.3894769261334428 0.10201701795398091 0.07989778003177203
6 0.42576865622307486 0.27381101582501727 0.08958974082661779 0.09217959172016936
0 0.5047082851223947 0.683741169233584 0.16681583703942984 0.20757849512873605
0 0.39945666197861146 0.4506774788933864 0.13641019867214013 0.08362279788867966
0 0.5993839391059745 0.4416684918790299 0.10873062626704133 0.15969437418757337
5 0.5 0.5 1 1