1 0.5483865903436331 0.027145658086415853 0.0723530348257091 0.054291316172831706
1 0.1471327860689045 0.3118920703066609 0.06856629353213632 0.08892125889134013
1 0.26377805348175903 0.34091813668438037 0.06898237336031983 0.06711903349844608
1 0.2843738364984458 0.36032095409555714 0.06380355042954129 0.057525709677128486
1 0.33717128787792683 0.351596617453958 0.05993492198083885 0.0729323858558109
1 0.35298771766068177 0.41429567059711114 0.08937676051544959 0.06962760339082212
1 0.36835044606395567 0.4832811110438172 0.07054487336031982 0.06719180810555195
1 0.44253157451265823 0.4641629299027361 0.07704053482570909 0.0721704065339754
1 0.7186005930571665 0.08322102915972902 0.07366987336031983 0.06733735731976358
1 0.7151790219354103 0.12253824028459952 0.06429487336031983 0.06690070967712844
1 0.7138522173219976 0.17193892680236417 0.06026247060135788 0.07918238585581086
1 0.44560682835784543 0.13431061001035993 0.06725609905006032 0.06392125889134012
1 0.45184686227904336 0.1786599234925953 0.06676477611928178 0.05454625889134017
1 0.4604273241739739 0.23778021236772479 0.06857293758467105 0.05930653349844608
1 0.39571637098547063 0.19850369665195908 0.06667624491161739 0.0825984842842343
1 0.46074490671569085 0.2886706242783836 0.06421298620519007 0.06533820967712849
1 0.4037512782669884 0.30698828474130024 0.06429487336031983 0.0669007096771285
1 0.514569269560561 0.2845974003332315 0.07038109905006032 0.06406680810555185
1 0.5660808599041942 0.326055000209397 0.05410100180902226 0.05083906203449331
1 0.5082583938253922 0.37338807258297246 0.06906426051544959 0.068681533498446
1 0.7277310108541338 0.25743977915972904 0.056482373360319825 0.06653683664159918
1 0.7380377470593239 0.31961229342775266 0.06750176051544958 0.06860875889134022
1 0.6904976837394838 0.35393594355158714 0.09035940637700665 0.08837760339082212
1 0.6246922992978876 0.4282681635677978 0.058044873360319826 0.06660961124870504
1 0.7661904025318194 0.378604149714059 0.08534435775648745 0.08190927956950463
1 0.8308261126177277 0.3865578908227188 0.07564180913596844 0.07522263192686954
1 0.788591024987628 0.4175018298216829 0.08049308344622794 0.07856595574818712
1 0.5122376441640764 0.5987519456185018 0.07070864767057934 0.07031680810555194
1 0.5705857326986872 0.5913353978520322 0.04743492198083885 0.07235018899896399
1 0.44848608265325857 0.6823863910276066 0.0702173247398008 0.06094180810555194
1 0.5490216711878693 0.6730049288692788 0.06741987336031982 0.06704625889134022
1 0.5153294239014028 0.7474077694398193 0.07062676051544958 0.06875430810555194
1 0.5709210046340975 0.7471680208875614 0.0514673247398008 0.06006851282028158
1 0.6174817441186479 0.6792142334601741 0.07103619629109836 0.07656680810555194
1 0.6560296670039978 0.7721808294073981 0.07038109905006032 0.06406680810555195
1 0.799864876185395 0.7521679282501064 0.08056832654882307 0.10974318114108109
1 0.7530274977366924 0.7700125537668349 0.07687011646291494 0.09866013192686936
1 0.8861775124360136 0.7254363002521782 0.07695864767057933 0.07060790653397539
1 0.7696539964934971 0.5194110862318236 0.06585737336031983 0.06697348428423418
5 0.5 0.5 1 1