1 0.38984375 0.67421875 0.059375 0.05546875
1 0.54453125 0.70703125 0.04609375 0.03359375
1 0.2640625 0.4484375 0.07734375 0.0515625
1 0.56484375 0.64765625 0.05546875 0.05390625
1 0.3796875 0.38671875 0.0515625 0.053125
1 0.54296875 0.22421875 0.05390625 0.0515625
1 0.50625 0.35390625 0.028125 0.03046875
1 0.6625 0.3640625 0.053125 0.059375
1 0.68046875 0.44453125 0.04765625 0.028125
1 0.67421875 0.5171875 0.0609375 0.06875
1 0.50703125 0.4921875 0.0453125 0.04296875
6 0.3703125 0.3078125 0.08125 0.071875
6 0.63125 0.2453125 0.07578125 0.0875
6 0.475 0.3859375 0.0734375 0.0859375
6 0.44453125 0.56875 0.08671875 0.07890625
6 0.6453125 0.6828125 0.08984375 0.0890625
6 0.58984375 0.4234375 0.0609375 0.0875
6 0.696875 0.40625 0.0765625 0.0734375
0 0.3296875 0.53046875 0.17421875 0.13046875
0 0.5296875 0.40390625 0.059375 0.11953125
0 0.56640625 0.5875 0.1375 0.08125
5 0.50546875 0.48984375 0.84765625 0.8703125