1 0.3334680476154267 0.36582178329355824 0.05973861436318471 0.06526543507002262
1 0.2921759479847691 0.5216929476854164 0.03778180113146812 0.05018409057054054
1 0.5663936562230748 0.24009822953123255 0.058285198672140125 0.08394266046291676
1 0.3516873033709633 0.5423650126153937 0.058157933645025486 0.062067660462916764
1 0.6225578186926656 0.3570459809789746 0.05657725292686635 0.0588698858558109
1 0.7790355985505032 0.5232424075719418 0.056586343285945875 0.0604323858558109
1 0.649089023316734 0.4847514499617279 0.032985216822512695 0.03121576674922295
1 0.6320338544042355 0.6426196079434453 0.06282725292686635 0.05916098428423418
1 0.5508611224564124 0.6596851375129499 0.03153180113146803 0.049892992142117086
1 0.47736908030193465 0.6537305440469252 0.07224770472226431 0.06741013192686936
1 0.5099901618804156 0.4849783899941492 0.04558521077238851 0.048985463606069854
6 0.7022180476154267 0.3486469760165759 0.07705337939029952 0.08794095574818703
6 0.7529821586589618 0.6119795758927413 0.0910886083130606 0.08390842721213972
6 0.618429375776062 0.4533580548002922 0.0895170179539809 0.08227315260503384
6 0.436161776439992 0.4212112965281246 0.08491133118569749 0.09611732878371626
6 0.31152136650448403 0.6231634024001461 0.09586701190385671 0.0997517510334573
6 0.5761242219888741 0.5694218564957032 0.09100679508134384 0.06984592721213971
6 0.5876889567653678 0.6767249342459623 0.07859769867214013 0.0848887303552928
0 0.4800339754067197 0.3058559702256076 0.14167948165323557 0.18779971463952716
0 0.5976492431643089 0.5082467619962212 0.12381929508134401 0.07137419396136266
0 0.4118708244482022 0.5442506902418183 0.08988972267624522 0.14633565260503384
5 0.5131106167008758 0.48405159077993754 0.9255394564707803 0.9413017435853501