3 0.5266115705760951 0.6858482861971528 0.0668431493475449 0.10697917549789579
3 0.5702417498806873 0.8991766654159129 0.08054202267663584 0.07622024881887342
3 0.5146195532304593 0.7760913402808367 0.06026588534372675 0.07863592068857254
3 0.6034826059039136 0.72917418946253 0.05416133601209037 0.09091766587924895
3 0.5539558679185491 0.6195883691367772 0.04107953333863605 0.040481156260602266
3 0.648770570615866 0.39702637757429776 0.09177042401336308 0.10160219473518968
3 0.6685478159611836 0.30939989200226803 0.08234088001272681 0.09658731252120453
3 0.6779051819700923 0.2440749923650877 0.09155224801081766 0.08285219473518968
3 0.6075023226448192 0.18221734390903377 0.036664753341817756 0.0637549651536097
3 0.5438665366406831 0.21047626396463412 0.06353633601209019 0.09124504809323426
3 0.506456348623502 0.33578379881102444 0.056959072008272396 0.06290179328391084
3 0.4514057692950472 0.29790928737827904 0.07752611067790856 0.08548612141421189
3 0.47385293395927464 0.31666921106207646 0.05247156667727211 0.07992560217691817
3 0.3761490412555945 0.5860243570710597 0.04153406667727229 0.07954365626060227
3 0.28595765654841454 0.8814335715916972 0.06504429201145401 0.08661211179556502
3 0.35207300521168744 0.9087525289407585 0.052362478675999566 0.07055060217691818
3 0.42317639322091427 0.8432391455456472 0.09902039735836254 0.18775794954451328
5 0.4840257232654577 0.5020734206885725 0.7538235534690847 0.995853158622855