1 0.26796875 0.84296875 0.05546875 0.0734375
1 0.3375 0.8203125 0.0296875 0.0453125
1 0.403125 0.86953125 0.06328125 0.071875
1 0.45390625 0.76796875 0.05625 0.053125
1 0.49765625 0.77578125 0.01953125 0.034375
1 0.59140625 0.765625 0.07890625 0.05546875
1 0.6265625 0.79453125 0.06484375 0.040625
1 0.7515625 0.86015625 0.0671875 0.06796875
1 0.15625 0.6453125 0.03984375 0.0609375
1 0.27578125 0.52734375 0.06484375 0.053125
1 0.340625 0.671875 0.06640625 0.06953125
1 0.4203125 0.6625 0.0359375 0.05078125
1 0.45859375 0.67421875 0.059375 0.06171875
1 0.671875 0.725 0.05 0.0734375
1 0.76015625 0.7515625 0.0640625 0.07421875
1 0.71328125 0.7875 0.05390625 0.06015625
1 0.746875 0.57578125 0.05625 0.04921875
1 0.88359375 0.65234375 0.0578125 0.07578125
1 0.87109375 0.52578125 0.059375 0.065625
1 0.971875 0.41328125 0.0546875 0.0703125
1 0.25390625 0.39453125 0.05546875 0.053125
1 0.309375 0.4328125 0.05546875 0.0546875
1 0.4328125 0.36171875 0.05859375 0.0703125
1 0.5953125 0.409375 0.06328125 0.05859375
1 0.21328125 0.26484375 0.0546875 0.0546875
1 0.36640625 0.203125 0.0609375 0.071875
1 0.43359375 0.21640625 0.0578125 0.0609375
1 0.5046875 0.34609375 0.06171875 0.0375
1 0.48984375 0.30625 0.06171875 0.0421875
1 0.5609375 0.27265625 0.03984375 0.05234375
1 0.61015625 0.30546875 0.071875 0.04375
1 0.78515625 0.34609375 0.02890625 0.04765625
1 0.58125 0.18125 0.05859375 0.065625
1 0.59375 0.13203125 0.04921875 0.046875
1 0.5578125 0.09609375 0.06171875 0.04140625
1 0.475 0.12890625 0.03125 0.053125
1 0.50703125 0.1140625 0.028125 0.0546875
1 0.71796875 0.16328125 0.06796875 0.06015625
1 0.65234375 0.159375 0.05234375 0.03671875
1 0.1828125 0.203125 0.0453125 0.04375
3 0.23203125 0.72109375 0.13203125 0.14140625
3 0.21796875 0.534375 0.11484375 0.09921875
3 0.3265625 0.5421875 0.12109375 0.146875
3 0.56953125 0.69921875 0.07421875 0.11640625
3 0.59140625 0.60234375 0.12109375 0.13671875
3 0.6875 0.8921875 0.165625 0.121875
3 0.8453125 0.6234375 0.12109375 0.12421875
3 0.74921875 0.64140625 0.0328125 0.07265625
3 0.17421875 0.34921875 0.08125 0.115625
3 0.2375 0.17890625 0.07734375 0.1
3 0.9359375 0.31796875 0.084375 0.11171875
3 0.8 0.44375 0.12578125 0.096875
3 0.72734375 0.2765625 0.03515625 0.04609375
3 0.66171875 0.2265625 0.125 0.1140625
3 0.43515625 0.25546875 0.0703125 0.0828125
3 0.4796875 0.25703125 0.0734375 0.05703125
5 0.5 0.4890625 1 0.978125