5 0.5 0.5 1 1
2 0.7473762890095805 0.06131954526764537 0.10837242198083885 0.07396826805616734
2 0.7202571890550091 0.14568462158384796 0.10161781094499087 0.12364088584218225
2 0.8831135566495778 0.45818216550073093 0.09405097241038014 0.12805556733052798
2 0.14436199513875997 0.351768375042409 0.11683337516934214 0.11637402286549073
2 0.33405966022219385 0.25664439191745 0.11353795680654795 0.14277283175849825
2 0.39983182440111653 0.1814559081595188 0.09866322930778519 0.09702382213985139
2 0.4789007694490195 0.36032000734121217 0.12505531094499087 0.12445934137714501
2 0.5950945782463037 0.5177828216765151 0.09948210085908257 0.11264882213985139
2 0.2895262516974807 0.6135565908289908 0.11634869629109837 0.07736608656782167
2 0.27154753561867856 0.5683160126986897 0.12416119629109837 0.07763890507947586
2 0.1613182852799943 0.7898784994518457 0.14109639077317437 0.1031845421027846
2 0.2623917051131266 0.9904935691446266 0.10772396879233562 0.019012861710746877
2 0.5755335142490952 0.9323413071637269 0.1447060696514182 0.1353173856725462
2 0.6492509752395146 0.9031870975372307 0.0762150192218769 0.08532243030721957
2 0.5581136408887752 0.9878236980893096 0.11010534034363317 0.024352603821380825
2 0.912726977048537 0.8638617358264838 0.09249511646291494 0.09836806733052797
0 0.21044841983313223 0.2108457638798161 0.1368935696514182 0.142028787293461
0 0.3169939116925319 0.4329340734057957 0.18170810266810503 0.163869070958725
0 0.42881331750371154 0.15116077295030877 0.16517569990914288 0.17576887023308557
0 0.2581777544110141 0.5396726575265467 0.13261550542706688 0.14967759618646853
0 0.38466949683624063 0.9543576617028979 0.19602955223856364 0.09128467659420422
0 0.5830228669172002 0.7779936353788461 0.14421474672063966 0.13292660580511537
0 0.6455261889434675 0.7950472153232457 0.189923394391219 0.20158732576804822
0 0.7213273711010716 0.8869197459932849 0.11872342378986112 0.12267858656782167
0 0.7975689665330872 0.9255854311098275 0.1012150192218769 0.08619544954451328
0 0.8462012183421095 0.8787575603285877 0.09718261646291496 0.09853175843752027
0 0.7823644476498947 0.7826067574260301 0.13467597241038015 0.12947422359113006
0 0.9006408141128096 0.6912501258450172 0.13812187697836437 0.165466287293461
0 0.8572902838096563 0.6372967466262569 0.0906869549975255 0.0936260036281972
0 0.6904524231124926 0.35596735715587774 0.18146244120271576 0.15918157095872498
2 0.7373750107425922 0.3865650819281342 0.08468926051544959 0.06846231252120454
1 0.7831478561746079 0.42416677484922527 0.0959476650834338 0.1047271947351895
0 0.6380278652197194 0.17646834091380886 0.10442190637700648 0.08786707694917477
2 0.6562765762101389 0.1418850097882829 0.05270227611928178 0.05330853847458741
1 0.31321829997931544 0.8335342741314351 0.1437167797373265 0.1531845421027846
0 0.30457031829668113 0.7745312963639537 0.17176653663473135 0.12297125244707079
0 0.35673144109117405 0.5110243570710596 0.07103619629109836 0.07578373920022674
0 0.3655719318189199 0.3274033252198943 0.08582903663473136 0.1199702488188736
2 0.12962554500247442 0.0953174784004536 0.12794793758467105 0.06061509618646847