1 0.20509756655307068 0.7877160085214167 0.07493754464226869 0.08721935633066594
1 0.2792344959362197 0.7843240016215578 0.04311480032431163 0.05386138555165907
1 0.3326964610331836 0.8493001651763942 0.0811875446422687 0.08732845048646745
1 0.4053878928519645 0.7630956582765354 0.0683329886359143 0.06679776217486459
1 0.4471214253193686 0.7825684070587193 0.0272170649348082 0.03796365016215582
1 0.5418845004004466 0.7974997061652149 0.09190685633066593 0.07501936525911983
1 0.5706504285657795 0.834709379866321 0.07439207386326192 0.05596935633066593
1 0.678550477672275 0.9310952305149442 0.08425799756436803 0.08425799756436803
1 0.14030086079159756 0.5655585905023534 0.055914809252765305 0.07126707386326192
1 0.28488092937985365 0.4813899163942102 0.0777352621748646 0.06852390340856669
1 0.31654180681383803 0.6397069768647914 0.08428527110331832 0.08582049756436802
1 0.3972014715864904 0.652049064120734 0.047911394480112966 0.060193206168510115
1 0.4327122775928448 0.6729752187471166 0.0747466298696164 0.07628185633066593
1 0.6313736943940921 0.7787554346548594 0.06866027110331849 0.08554776217486477
1 0.7118794005626023 0.8270213851413267 0.08280459172016955 0.09048072402541792
1 0.6568333904163326 0.8502719245085897 0.06687958279171564 0.0730204886359143
1 0.7385122642001642 0.6525395823813833 0.06827844155801355 0.06367276217486459
1 0.8552378883877377 0.7623566874942332 0.07811709172016919 0.09039890340856686
1 0.8717787317327602 0.6361214699616373 0.07480117694751698 0.07940685633066594
1 0.9800768323846786 0.5498448250744874 0.03984633523064289 0.08209547970746059
1 0.2942268814911741 0.3456569679363377 0.0683329886359143 0.06679776217486459
1 0.33965815827653534 0.39799676379642246 0.06995003571381489 0.06995003571381497
1 0.47803881980277685 0.36136160876300266 0.07647277110331849 0.08568412986961631
1 0.6271951144450455 0.44987645819380984 0.07784435633066593 0.07477390340856668
1 0.28326033360249453 0.20956946347211086 0.0683602621748646 0.0683602621748646
1 0.44846259374876424 0.18824170860084688 0.07803527110331832 0.08571140340856664
1 0.5122756777582959 0.21981503692833568 0.0747466298696164 0.07628185633066593
1 0.5530660933417272 0.364233238632619 0.07121252678536116 0.05278980925276535
1 0.5468609577900679 0.32195028124629277 0.07288412094116267 0.059067082791715644
1 0.6239319724005645 0.3076753214243346 0.05262616801906326 0.06183752678536125
1 0.6653206314911742 0.3521344334370434 0.08072389448011297 0.06076595048646727
1 0.8284848790555422 0.4377697447184037 0.03998980032431163 0.053806838473758486
1 0.6646467012972462 0.22403670697599382 0.07480117694751698 0.07940685633066594
1 0.6888557686676864 0.17916058359919923 0.060384120941162675 0.05884889448011292
1 0.6607347228076017 0.1341520466675683 0.07129434740221222 0.057477309252765306
1 0.5726716611192044 0.14511109171687409 0.04478639448011297 0.06013865909060954
1 0.6069102934244527 0.13789860957378158 0.041688668019063256 0.061646612012708824
1 0.8039682999172744 0.24130780194257406 0.08255912986961604 0.07641822402541773
1 0.7395648806803952 0.22065833684561015 0.06181025324641087 0.05106366801906326
1 0.26801143465815475 0.1413552516215578 0.05717730032431154 0.054106847402212256
3 0.19817363635914279 0.6595091879045656 0.1686250892845374 0.17476599512873606
3 0.22694569845457715 0.4733495454530476 0.13811938311602717 0.12737279788867967
3 0.33143832954200947 0.5087569857932452 0.15771486282348768 0.17613758035608368
3 0.535956054378206 0.7263241355483638 0.1038807508107789 0.13458528003177203
3 0.5797003258885616 0.6372713181779238 0.15439894805083548 0.1651455332781829
3 0.6075930953670268 0.9316666059236288 0.19472393912238156 0.1366667881527423
3 0.8249094602224047 0.7251197402541768 0.1510557597392328 0.15259098620028233
3 0.7263628660666033 0.7171515073003054 0.05295345048646745 0.08058752678536116
3 0.22670241639421018 0.28043534253094826 0.1101307508107789 0.13469437418757346
3 0.3264006331160272 0.13065925933219555 0.10201824188232518 0.11737050649282174
3 0.9641557775961402 0.45036697645445906 0.07168844480771952 0.13105117694751697
3 0.8208417487788887 0.5368248534847015 0.1506193831160271 0.12759098620028234
3 0.7879905182606493 0.3550566562446452 0.04623980032431163 0.05391593262955983
3 0.7345149163942102 0.2892992426898088 0.15248189204448082 0.14480575973923263
3 0.5043364926931041 0.2571650324641088 0.09237050649282175 0.10158186525911965
3 0.5483046810047068 0.2704286915547183 0.0888091298696164 0.07652731818121908
5 0.5 0.5 1 1