6 0.3328125 0.50234375 0.10390625 0.13671875
6 0.2828125 0.31171875 0.096875 0.09453125
6 0.81171875 0.5234375 0.0890625 0.078125
6 0.57890625 0.2359375 0.0359375 0.08984375
6 0.65703125 0.22109375 0.07734375 0.09609375
2 0.15703125 0.40234375 0.06484375 0.08515625
2 0.21953125 0.40390625 0.0578125 0.071875
2 0.18203125 0.5515625 0.04921875 0.03046875
2 0.23984375 0.6140625 0.04140625 0.03203125
2 0.40234375 0.503125 0.040625 0.0875
2 0.33125 0.421875 0.0734375 0.03671875
2 0.5578125 0.46484375 0.071875 0.06484375
2 0.3234375 0.3796875 0.06328125 0.046875
2 0.3203125 0.275 0.05859375 0.046875
2 0.346875 0.31796875 0.04375 0.0234375
2 0.54609375 0.28828125 0.02578125 0.0453125
2 0.58046875 0.32265625 0.0828125 0.0609375
2 0.640625 0.3453125 0.0640625 0.0578125
2 0.62421875 0.3 0.0453125 0.04375
2 0.67890625 0.2828125 0.0578125 0.034375
2 0.49765625 0.18359375 0.0640625 0.0453125
2 0.76796875 0.28671875 0.0515625 0.0515625
2 0.796875 0.3703125 0.07421875 0.07265625
2 0.68203125 0.5203125 0.06328125 0.03828125
2 0.50390625 0.221875 0.040625 0.02421875
2 0.2421875 0.54296875 0.07265625 0.05546875
2 0.721875 0.325 0.028125 0.02578125
2 0.6140625 0.2359375 0.021875 0.02734375
1 0.2296875 0.6265625 0.09296875 0.065625
1 0.2515625 0.496875 0.0515625 0.05
1 0.22109375 0.525 0.03046875 0.01875
1 0.28359375 0.409375 0.059375 0.04140625
1 0.375 0.34765625 0.0921875 0.0640625
1 0.36796875 0.57734375 0.08515625 0.06328125
1 0.44609375 0.55859375 0.084375 0.071875
1 0.56875 0.53984375 0.071875 0.06953125
1 0.646875 0.59921875 0.06875 0.06796875
1 0.63203125 0.5453125 0.075 0.06640625
1 0.73359375 0.58125 0.0859375 0.04765625
1 0.80703125 0.5875 0.07421875 0.04921875
1 0.62734375 0.47109375 0.0671875 0.053125
1 0.56484375 0.39140625 0.07734375 0.0578125
1 0.6296875 0.425 0.06015625 0.06328125
1 0.66640625 0.39375 0.07109375 0.0609375
1 0.721875 0.19453125 0.04609375 0.03515625
1 0.7328125 0.240625 0.06796875 0.0484375
1 0.42734375 0.26875 0.06640625 0.071875
1 0.553125 0.1953125 0.05390625 0.03046875
2 0.49453125 0.4453125 0.05 0.0546875
2 0.4125 0.41171875 0.084375 0.05078125
2 0.3515625 0.2265625 0.07890625 0.04921875
1 0.85546875 0.43203125 0.0375 0.05078125
1 0.765625 0.42421875 0.08828125 0.08046875
2 0.51171875 0.25703125 0.0609375 0.0421875
0 0.4703125 0.38203125 0.034375 0.0765625
0 0.2953125 0.68828125 0.04609375 0.040625
0 0.5140625 0.4109375 0.03984375 0.05625
0 0.62109375 0.39765625 0.0375 0.04921875
5 0.5 0.46875 1 0.76640625