6 0.28807573117973867 0.4807932772915474 0.11842103064607841 0.14662155601527208
6 0.24781944019071794 0.2805756486314562 0.10726335475263546 0.10276246801399935
6 0.789177974753948 0.505416728556687 0.09868685079830275 0.083921561346272
6 0.5633436225099515 0.2027206319223672 0.042882519771663394 0.09420453333863614
6 0.6451984589737982 0.1869314525780041 0.08695085475263546 0.10252611067790855
2 0.11125058741524885 0.374308561982819 0.07400518577927469 0.09144316000954503
2 0.17678008692095726 0.3758886959739103 0.06561968281352515 0.07728975334181776
2 0.1275401377958097 0.53029493264641 0.052899506920082204 0.03341248400699968
2 0.18495870695945088 0.5967824513049104 0.045150673916276626 0.0348840773392725
2 0.36070014768164144 0.4807290952816842 0.04750635277546911 0.09269657733927232
2 0.291545582472333 0.39563702729154737 0.07971667490485981 0.03997156667727229
2 0.5262588220922095 0.4421013052594125 0.07942751482874755 0.07120338534372675
2 0.28554759186387313 0.3511966839592746 0.06928851087441493 0.05234429734245412
2 0.29003611509557775 0.24104043395927457 0.06616351087441492 0.0523079346753633
2 0.3155335222059404 0.28603476062222927 0.046394838935304605 0.027089758672817866
2 0.5252096111412451 0.2570450525939124 0.031597509885831696 0.04722044533736343
2 0.5588696867306768 0.2933547225891399 0.09173651384016442 0.06666133601209037
2 0.6203828482896638 0.31684621924732215 0.07129667984777566 0.06329997867599957
2 0.6066678581754955 0.27015303258277656 0.05041117688202625 0.04900112133990877
2 0.6643994451336338 0.25230191390836787 0.06090300790866543 0.03819089067472685
2 0.4805112178710468 0.14668026460059397 0.07072367688202626 0.04923747867599957
2 0.7571453606469534 0.2566888745624139 0.05697951186299797 0.05688634667409058
2 0.7824544253619703 0.34463376989182315 0.08280718281352524 0.07748974801081765
2 0.6534633092406283 0.5015297545751405 0.06734400889724856 0.04295111600890884
2 0.4851058759699926 0.18723253926641217 0.044768671939110403 0.025509077339272455
2 0.19110788927868444 0.5225273386378195 0.07898184585538685 0.06026588534372692
2 0.7071161857420936 0.2963149959023227 0.029271005931499162 0.02845226400381797
2 0.6000623725099515 0.20229337058404923 0.02302100593149916 0.028379538669636252
1 0.17273062098989572 0.6094188113065012 0.10130251482874764 0.07145792401336308
1 0.20326964965880778 0.4731904099697742 0.05847834486680368 0.05534202800763595
1 0.17080997673111437 0.503241536640683 0.03207767095052709 0.020676126670909057
1 0.24364925193998532 0.3829193986314562 0.06434634288963732 0.04603975334181776
1 0.34310276528585815 0.3185109059516386 0.10123884783255317 0.06989542401336309
1 0.3215792978719219 0.5592722659532294 0.09336268083635879 0.06824201734563573
1 0.4035933018262545 0.5395768366088662 0.09218218281352505 0.07759883601209036
1 0.5331998887843928 0.5208893765913671 0.07955484882113631 0.07432838534372674
1 0.61187137543852 0.583225197247004 0.07642984882113649 0.07429202267663584
1 0.599319637301518 0.5271479199156858 0.08255251482874755 0.07123974801081764
1 0.7031967123966583 0.5649831799013681 0.094288510874415 0.052635198679181275
1 0.7801902939175891 0.5726769538908687 0.08191584486680377 0.05561474801081765
1 0.5993779871112377 0.44905928258277655 0.07423067885919252 0.05864884134309047
1 0.538785338403832 0.3646484672581398 0.08535917984777566 0.06346361067790855
1 0.6044766639932637 0.40058541991568575 0.06680018083635879 0.0679329346753633
1 0.6448125039171517 0.3688808865770496 0.07923651384016442 0.06651588534372674
1 0.7142495479091029 0.1595780645687772 0.05002917490485981 0.03962612133990877
1 0.7232133710270767 0.20788829523395913 0.07553851087441502 0.05241702267663584
1 0.40269528258606363 0.2358251279440026 0.07343218281352507 0.07738066000954502
1 0.5377825484033945 0.1592888052594125 0.0575870069200823 0.033467028007636034
2 0.46230641003893114 0.42098083060154845 0.05704317885919252 0.05844884667409058
2 0.3770838344494993 0.3852711446133206 0.09129084486680376 0.05572383601209037
2 0.32566720897379825 0.19064953528804757 0.08653967787060939 0.054106792011454005
1 0.840717911521806 0.4095496978835508 0.04278967787060921 0.05359771467218159
1 0.7466004969970694 0.40049341856305015 0.09881418479069168 0.087046561346272
2 0.49142220155942445 0.22386038259868496 0.06590884288963732 0.04605793467536321
0 0.44001225737719274 0.35486548193827555 0.04081068380210837 0.0816863520050907
0 0.23799352365163412 0.6750341732972744 0.04872134288963732 0.04585794000636341
0 0.48405141745330493 0.38558822326545766 0.0461693458553869 0.0598840773392725
0 0.5970925869209573 0.37099791725018566 0.04278967787060921 0.05359771467218159
5 0.4991723290494729 0.4449632232654577 0.9983446580989458 0.8319485534690847