5 0.5 0.5 1 1
2 0.7978764151782293 0.06383457180902882 0.09106271751493064 0.09112479991529539
2 0.7617044854667017 0.15668920071998915 0.07587412860909737 0.1089647472985769
2 0.8846030037028129 0.46245481135627226 0.06973323138263901 0.11328822625188942
2 0.20502068721406275 0.3048940843985111 0.09436955547083344 0.09911931043863902
2 0.39106598356684047 0.23147345299788924 0.08561280452090295 0.12513577886860805
2 0.4591425299196182 0.1649237188534919 0.07990701196784719 0.08111276308359247
2 0.5163952515186114 0.3391732899566491 0.10076502583555573 0.10573333148532651
2 0.6108024810013892 0.4963949847796818 0.07714568787965277 0.09655575256024881
2 0.31587249391916716 0.5636404818664973 0.10123649810013893 0.058949336746998426
2 0.303880333774931 0.5189650186982002 0.11061149810013893 0.059495368317029576
2 0.17946548128572978 0.7194417027861277 0.12202177678548613 0.08044490514873245
2 0.2505638037584036 0.95077573179591 0.09229790919430556 0.07715330517696728
2 0.5534153936141675 0.8877627084007355 0.11827983415618064 0.12079688936371688
2 0.6248176149288203 0.8632639663638304 0.05948540919430556 0.07524219468185862
2 0.53145078105698 0.9524090373258132 0.10239895459715279 0.04185284200867016
2 0.8841926149288202 0.8481570929263033 0.09088087955902786 0.08331229991529554
0 0.03295927678548617 0.07161739476656301 0.0641001740119445 0.07239021046687397
0 0.2795095813063891 0.17773307394575455 0.10890483415618064 0.12025085779368574
0 0.3588925292540281 0.39528532401634175 0.14829464247680563 0.1365884893354819
0 0.48904758225631967 0.13893036625089086 0.1299083183886111 0.15112142619541977
0 0.293850717133681 0.49138605026823134 0.10283667211208343 0.12769933674699843
0 0.3680234074818758 0.9220298345396853 0.16987870174736114 0.12536256299888784
0 0.5750150238387853 0.7402128742139858 0.11806162860909737 0.11142188936371689
0 0.631828721502084 0.7611554347937992 0.1491310970739585 0.17252598933548188
0 0.6934585121552785 0.8545722348502689 0.09298889342673622 0.10684080517696729
0 0.7626637602554174 0.9037385059675437 0.08466724715020853 0.08451077886860787
0 0.8116091001111811 0.8555138375940444 0.07841724715020817 0.08414675782192091
0 0.7608804418668063 0.7598975007058717 0.10865026101791671 0.10931335779368574
0 0.8944728854460422 0.6848380455712567 0.13590374525034718 0.1405479472421071
0 0.978351044071667 0.7972477693334847 0.043297911856666 0.0587981473268119
0 0.8438721669811813 0.62832971131392 0.07053201196784756 0.0805667315135615
0 0.7146151991819101 0.35187987435516016 0.15127417211208344 0.13052049985882563
2 0.7552590361878824 0.383934240182528 0.07307513050895835 0.05574874203690498
1 0.7952852773541672 0.42306535864073175 0.07547408510611113 0.0917772472985769
0 0.6823988451740973 0.1777367190652534 0.08910017401194459 0.07384629465362354
2 0.7028016109416668 0.14682064803268347 0.041643292553055745 0.046116136803468065
1 0.31758438354618124 0.7716349923898409 0.113810539703264 0.1298988735787013
0 0.31551208405927145 0.7162117450206769 0.14734908510611114 0.09596348933548207
0 0.3880546588130559 0.4718177319370843 0.05614220364722229 0.06568518415851479
0 0.41377809137437527 0.29977613196531927 0.06177526101791671 0.10658319994353027
2 0.21373649810013892 0.041243867178079395 0.12053201196784728 0.08248773435615879