1 0.19752206209543438 0.19841292612483258 0.08878185633066601 0.07853379465362353
1 0.20323054545634286 0.2746036998023559 0.053834112012708865 0.04371917889684287
1 0.137432221593081 0.3255144814429742 0.08891822402541764 0.08634629465362353
1 0.22596684172346465 0.40574728398910553 0.06997730925276535 0.07431673151356133
1 0.20724806940233034 0.4476694734798793 0.03955342370110611 0.030400131541796327
1 0.19383835998740923 0.5438619340173403 0.07660913879807008 0.09655575256024881
1 0.15661504951682795 0.570629560368052 0.05755912986961631 0.07827618942018652
1 0.05858487825135381 0.6759702367752333 0.08584777110331836 0.08928928413027996
1 0.42524368750082375 0.14520243906725072 0.07123980032431163 0.057220236775233205
1 0.5132913380700167 0.2981369942442179 0.07167617694751698 0.08222023677523324
1 0.3517947305215347 0.3207947022920175 0.08738299756436803 0.0878177893919517
1 0.3409742329571667 0.40306117072198644 0.061782979707460585 0.0519867052052021
1 0.3200208047918337 0.4385968523202524 0.07787162986961631 0.07945925782192056
1 0.21489910795881437 0.6365877603115822 0.08711026217486459 0.0721927893919517
1 0.16657861039444635 0.7166701024614268 0.09204322402541765 0.08652830517696727
1 0.14098432102718342 0.6596542630130052 0.07463753571381497 0.0730272472985769
1 0.3465700734628154 0.7545249601845253 0.06526253571381498 0.07248121572854575
1 0.23509501096363922 0.8684670918674957 0.09039890340856668 0.08174979991529555
1 0.36526375203518546 0.8932535312170952 0.08258640340856668 0.08129477360693613
1 0.4571046043086617 0.993118481372387 0.08036933847375849 0.013763037255225897
1 0.6529714468363146 0.31565696516384845 0.06838753571381488 0.0726632262518895
1 0.6005907406678045 0.35952879152867745 0.06838753571381488 0.0726632262518895
1 0.6410912353927987 0.5034376862246532 0.0856841298696164 0.07991428413027979
1 0.5524809285756653 0.6515573968327015 0.07480117694751698 0.0824022472985769
1 0.7938009983784422 0.3121286887143149 0.06836026217486477 0.0711007262518895
1 0.8173906826328551 0.4839882781627363 0.08886367694751698 0.08322129465362363
1 0.786571330766416 0.5471029281909712 0.07625458279171582 0.07624325256024882
1 0.638973581984232 0.5799546835938173 0.05437958279171564 0.0749691788968427
1 0.6828326761400334 0.5762528309206292 0.059067082791715644 0.07524219468185844
1 0.6978343388840909 0.6576771361681836 0.06340002678536116 0.055202710466874014
1 0.6533343165629566 0.6980977388413718 0.06238299756436803 0.0863617052052021
1 0.5683984346647453 0.8597262126035996 0.05539661201270896 0.04381018415851443
1 0.7846115901019068 0.7041796808218072 0.08096935633066593 0.0780787683452644
1 0.8318314634787015 0.7319553413027984 0.06043866801906326 0.06439569994353037
1 0.8768672739492829 0.7056427412604462 0.05906708279171582 0.07524219468185844
1 0.8643866392084025 0.6141986939053996 0.061673885551659424 0.0457367052052021
1 0.8715854845820198 0.6498099702137587 0.06167388555165907 0.0457367052052021
1 0.7696296980574259 0.8456391387284323 0.07800799756436802 0.08727175782192091
1 0.789511549923865 0.7818874518684945 0.049528441558013545 0.06532116311182748
1 0.8628100969984704 0.30128917022787627 0.05566934740221221 0.059435184158514696
3 0.3289220665596613 0.19746361810526794 0.17635576866768635 0.17728908404557525
3 0.5213589825501297 0.2391715179217413 0.12898984496658022 0.14643392619541978
3 0.48589699513203133 0.3442461547957965 0.17928985389503396 0.16653359456891897
3 0.2666173409126858 0.5410624286850814 0.13773755357072243 0.11104245776545092
3 0.3587815215136507 0.5925709917545564 0.1698603068171333 0.16286256299888785
3 0.06281009699847043 0.6031319762518895 0.12562019399694085 0.203138952503779
3 0.273921731742646 0.8394467207784562 0.15574325973923261 0.15891851564384113
3 0.2803820117744181 0.7381572365634718 0.08212275324641087 0.05473227360693613
3 0.7190425060890799 0.24912118352323018 0.13784664772652383 0.11729245776545091
3 0.8742600657488824 0.362173462321251 0.12055005357072232 0.11004139988706055
3 0.5589398396981651 0.9796776076525113 0.13403980925276535 0.04064478469497743
3 0.4661910523594971 0.8459528679640936 0.1291807597392328 0.15737142619541977
3 0.6527285702164045 0.8224074941030437 0.05391593262955983 0.04840667889684269
3 0.7200893940796664 0.7715877177240972 0.14798530681713337 0.1615884893354819
3 0.7484264484611678 0.5370607992800108 0.10155459172016937 0.09488683674699842
3 0.7343679026010831 0.5808185045558002 0.07652731818121908 0.09186825256024882
5 0.5 0.5 1 1