6 0.6784621064763546 0.49857830852542656 0.12220492116215294 0.15189277210332364
6 0.7095705553739242 0.6931179187128409 0.11024912860909737 0.10782452335696498
6 0.2039692931217365 0.43342495077878757 0.1005104526972918 0.09192673871722885
6 0.4073547451534381 0.741000455397641 0.04905705547083343 0.09511392319868044
6 0.32779453172257006 0.7487878748353978 0.09153549620027786 0.10884145407749272
2 0.8429993447928478 0.614966523489979 0.07718205547083343 0.09593227711788863
2 0.7810623892457643 0.607387355701575 0.06744337955902786 0.08003449247815268
2 0.8332216884483337 0.46358587991646977 0.05399782218833345 0.039045779625171306
2 0.7816215144363893 0.39629073132839554 0.04458645459715278 0.03721049498543509
2 0.6094939009292712 0.4912037292168245 0.05370818787965277 0.09368781551854859
2 0.6717412874221533 0.5792971111118512 0.07921602773541672 0.049148205331134065
2 0.4505734958190282 0.5153723180923379 0.08139677678548622 0.07575616943775679
2 0.6758482123840283 0.6213936828986059 0.0684603656913195 0.05664245658477522
2 0.6681285909931256 0.7263766995916534 0.06529899810013902 0.05498902837152997
2 0.6459619970532992 0.6808967150310595 0.047529616641249994 0.02948892319868044
2 0.44452678362243114 0.6922303347853853 0.030814895326597203 0.04930131802583091
2 0.41394827763850744 0.6548129028112163 0.09069904160312507 0.07290395407749273
2 0.3562260434060769 0.6267848427029442 0.07183993882958344 0.06767088479802066
2 0.3682545711414936 0.6733415939565853 0.0511273953265972 0.04989235141192587
2 0.3122409604841673 0.6851345517950019 0.06188305737069451 0.04239810015828453
2 0.48301001500507007 0.8005596603330638 0.06998649810013902 0.05512542069139812
2 0.22361421836795198 0.6728595238191835 0.059158100873680564 0.0594946719450391
2 0.20362706705743108 0.5866636110453441 0.08310474715020835 0.0820516335443795
2 0.33253070421590314 0.44844689403572763 0.06824216014423623 0.0472674565847754
2 0.48055650902114644 0.7623238744396864 0.04444098423243048 0.030960494985435006
2 0.7723205560395143 0.4669214800747543 0.07961607123840278 0.06633570533113406
2 0.27364993274875055 0.6393506903539462 0.031904616641249994 0.029034282132453626
2 0.37210757617548673 0.7381171477966514 0.025727351823611144 0.03197742570596294
1 0.7930675075025351 0.38423100052872544 0.10334451196784719 0.07951766693047428
1 0.7585132823881602 0.5118846390876698 0.05912173328249999 0.0579321719450391
1 0.7915433347248616 0.4866884107952821 0.03332164627652787 0.022829746239076344
1 0.7182532647207297 0.5959246699664822 0.06515352773541672 0.04873902837152997
1 0.6209795276385075 0.6487889086837111 0.10174564437666689 0.07790970282385157
1 0.6508442931217365 0.4204222162847008 0.09229790919430556 0.07451191818411544
1 0.5713749986688198 0.43211588572245746 0.09407861474138883 0.08393238229073816
1 0.44724716764677125 0.4396365321989606 0.0814695119678472 0.07888116943775678
1 0.37533449363482674 0.37293241699698126 0.07834451196784728 0.07879024122451135
1 0.3844380431217365 0.42817384646386786 0.08455814437666671 0.07740959765100222
1 0.2872168977951392 0.38253238902116277 0.09193423328250008 0.05888691818411553
1 0.21499640567892392 0.3697799879258061 0.08263196846486114 0.0617391335443795
1 0.38225925370281294 0.5025062567304246 0.07485583605604171 0.06307431301126591
1 0.43662140501333385 0.5877019591585648 0.08593880642076393 0.06964256175762476
1 0.37550141384704905 0.548046077263538 0.0687876740119445 0.07070495658477541
1 0.33549466289711855 0.5757906440357277 0.0797251740119445 0.07102320533113407
1 0.26024400902114647 0.7687343134734844 0.05090918977951393 0.040517351411925875
1 0.25446548128572977 0.7219957057933526 0.07474673328249999 0.058386813011265914
1 0.5609336868328131 0.722459740895307 0.07529224715020835 0.08182431301126591
1 0.42868553770649365 0.7841594220115462 0.05712282218833344 0.039136707838416385
2 0.5113479948690977 0.5401844499873647 0.05766833605604162 0.06257420783841657
2 0.5897100374221533 0.581683976709542 0.09044446846486114 0.061966454077492725
2 0.6324463173417716 0.7719763560972863 0.08575696846486132 0.061830061757624934
1 0.1512638268410768 0.5201724445105814 0.045059233282500076 0.057522994985435005
1 0.2399814879352435 0.5363537224863999 0.09898432028847229 0.09344377461060631
2 0.4758138044239937 0.7265000347062431 0.06678876291777787 0.051909492478152686
0 0.5292998674942714 0.6061133268678265 0.04560474715020853 0.080960494985435
0 0.7336548334905906 0.31716317247376463 0.05261716014423605 0.04681281551854841
0 0.4886560304882991 0.572897661586705 0.04829333605604162 0.06230142319868044
0 0.3808435304882991 0.5760346849436699 0.045022865691319504 0.055960494985435004
5 0.5010364763486459 0.5159202358807421 0.9979270473027082 0.9119095282385159