5 0.5 0.5 1 1
2 0.1359375 0.17890625 0.07890625 0.08203125
2 0.22109375 0.22265625 0.09765625 0.06640625
2 0.5375 0.1296875 0.10546875 0.0578125
2 0.29765625 0.7828125 0.08671875 0.084375
2 0.24765625 0.59375 0.11484375 0.0734375
2 0.19140625 0.5203125 0.07109375 0.07265625
2 0.3703125 0.48046875 0.0921875 0.09140625
2 0.53671875 0.40234375 0.08671875 0.06875
2 0.565625 0.69765625 0.046875 0.096875
2 0.51953125 0.70625 0.0453125 0.10546875
2 0.7015625 0.8453125 0.06484375 0.1140625
2 0.953125 0.79765625 0.09375 0.0828125
2 0.91484375 0.49453125 0.10546875 0.10625
2 0.89921875 0.42265625 0.0671875 0.0515625
2 0.98125 0.52265625 0.0375 0.09921875
2 0.9171875 0.16640625 0.07109375 0.08359375
0 0.0453125 0.95078125 0.0609375 0.0984375
0 0.18125 0.6984375 0.10703125 0.09765625
0 0.40546875 0.63984375 0.1171875 0.13671875
0 0.16953125 0.4890625 0.134375 0.115625
0 0.4921875 0.7125 0.115625 0.09140625
0 0.934375 0.6796875 0.121875 0.15625
0 0.771875 0.46015625 0.09609375 0.1078125
0 0.79921875 0.40625 0.153125 0.13359375
0 0.89921875 0.35390625 0.09375 0.084375
0 0.959375 0.290625 0.08046875 0.078125
0 0.915625 0.23828125 0.07421875 0.0703125
0 0.81484375 0.27890625 0.09609375 0.0984375
0 0.75859375 0.14140625 0.1234375 0.1234375
0 0.87890625 0.06875 0.05234375 0.04140625
0 0.69609375 0.1859375 0.0703125 0.06328125
0 0.4078125 0.2875 0.11171875 0.13828125
2 0.44453125 0.25 0.04609375 0.06796875
1 0.4875 0.21484375 0.08203125 0.06640625
0 0.2328125 0.30234375 0.06171875 0.08203125
2 0.2046875 0.28046875 0.04140625 0.0375
1 0.7703125 0.71484375 0.115625 0.10078125
0 0.71484375 0.7125 0.07734375 0.1390625
0 0.484375 0.61796875 0.059375 0.04921875
0 0.31875 0.57734375 0.09921875 0.0515625
2 0.0375 0.7515625 0.07109375 0.1125