1 0.6011149843293397 0.5826893952498675 0.13310605357097244 0.14838405068427196
1 0.1752246315557981 0.5923313086410011 0.1183525693385418 0.11853291868236297
3 0.7098866530229507 0.7751212485678227 0.14575021751493064 0.08761018268618095
3 0.2867400937523952 0.7675483899586382 0.19408122758291685 0.21782494135899882
3 0.1603964525098605 0.726061418642592 0.11373780452090285 0.1216033746817267
3 0.4651229329425689 0.5866149212683212 0.15403549620027784 0.10801358935390812
3 0.3027015470183678 0.28311884595800196 0.13524912860909727 0.10623291335136287
3 0.5955806844611804 0.21644677725177647 0.3088347118153475 0.24883967870781626
3 0.7620947308139581 0.27699228389564123 0.45411215064493077 0.3161373613939972
3 0.7016059468102773 0.560432039902959 0.10512521751493065 0.08713746801399935
5 0.49910899401607633 0.4926194732654577 0.9982179880321527 0.8553860534690847
0 0.3603438607542356 0.6253239799490933 0.12002286569131951 0.0560692813494537
0 0.061323225922135204 0.5437494526575459 0.12264645184427041 0.08281359468490823
0 0.5252570798846868 0.7882041459261853 0.09040810087368065 0.05884883601209019
0 0.6972424890789924 0.7143473805697317 0.12478310087368065 0.05924882535009015