5 0.36171875 0.5 0.7234375 1
5 0.7765245803626742 0.8214791282447631 0.4248592727248763 0.3570417435104737
0 0.06059480641339151 0.4206358283274888 0.12118961282678302 0.22564665665497757
0 0.25597984984113953 0.5124353648520825 0.11196598620028234 0.15034664772652384
0 0.4307559330398923 0.617861024753471 0.10212733603812651 0.12362050649282175
6 0.2786242374213936 0.37919617085843704 0.09549550649282175 0.10163641233702041
6 0.4207378250843732 0.4754553364418683 0.06720686525911965 0.0917704886359143
6 0.3340617597425279 0.33718199472169896 0.054597771103318316 0.08530230032431163
6 0.3085888323912691 0.7220109622542948 0.06876936525911966 0.0917977621748646
6 0.3173950422132273 0.7995319902574721 0.05898526217486459 0.06819662094116268
6 0.28220183604471705 0.8458069724005647 0.0761727621748646 0.06849662986961605
6 0.18193878328477356 0.8143603291382677 0.10508869480442451 0.11430005357072233
6 0.029945026990527406 0.6037522913958578 0.05989005398105481 0.10273526217486459
6 0.02294084780924933 0.29418637662320546 0.04588169561849866 0.11649775324641087
6 0.17359759253424356 0.26248418344033875 0.08433981818121902 0.08894549756436802
6 0.2071838396948698 0.4873574983751469 0.05262616801906326 0.06183752678536116
6 0.24735487216227386 0.4693029736183806 0.05100912094116259 0.05868525324641087
6 0.40327186120522523 0.5806513510523649 0.05410684740221221 0.05717730032431163
6 0.37269797118933917 0.6309144038123085 0.06183752678536125 0.05262616801906326