1 0.33919313828678355 0.4083827297671183 0.13590427973732638 0.15141964247680556
1 0.7811449429001964 0.4679480594579868 0.1216846494796016 0.11831620174736113
3 0.25756575927225417 0.18981260809187522 0.1512150192218769 0.08623105357097235
3 0.6931480551792397 0.2664381512136117 0.2004448145630356 0.22158797853284734
3 0.8172572625516145 0.3311208598948271 0.11732469810012063 0.12445709897381949
3 0.4806027103130509 0.426535930564549 0.1615726650834338 0.10519925911805572
3 0.6003331976498947 0.7687987785884381 0.13969766508343398 0.10469011284152785
3 0.2870995352799943 0.790449694147917 0.31746189620024134 0.2508416802802085
3 0.1794606914298583 0.7006033313063891 0.3589213828597166 0.31058166261277814
3 0.2324927589335699 0.41450348356684047 0.11075379353213641 0.08841049620027785
5 0.4975433853461074 0.5210126291777782 0.9950867706922149 0.8545252583555565
0 0.5944538483726918 0.4033731471295491 0.1261397761192818 0.05443553970326391
0 0.9010203516520521 0.5387898491612508 0.14784435775648747 0.0814708183886113
0 0.4498794120312161 0.206804005602674 0.09513543758467105 0.05839568787965286
0 0.2611577487568046 0.25560126225218777 0.1294285504295413 0.057633274885625065