1 0.390625 0.40234375 0.11640625 0.13515625
1 0.81015625 0.43359375 0.10546875 0.10625
3 0.2953125 0.2015625 0.13515625 0.0734375
3 0.7109375 0.24921875 0.1703125 0.19921875
3 0.8328125 0.303125 0.1 0.1109375
3 0.52421875 0.4109375 0.14296875 0.09140625
3 0.66484375 0.7265625 0.1234375 0.0921875
3 0.37265625 0.76328125 0.28046875 0.21953125
3 0.2109375 0.6875 0.421875 0.271875
3 0.28984375 0.41328125 0.09609375 0.078125
5 0.5 0.50078125 1 0.75078125
0 0.6296875 0.38359375 0.115625 0.0453125
0 0.93046875 0.49375 0.1359375 0.06953125
0 0.47734375 0.20703125 0.084375 0.05078125
0 0.30390625 0.2625 0.11875 0.046875