5 0.49914550624651594 0.6177533162650083 0.9982910124930319 0.7644933674699834
5 0.8721416029503073 0.3061138060946004 0.25435324023744277 0.4943393471291676
0 0.2306378206565829 0.8971957054875507 0.23043290944452863 0.14150277346576204
0 0.4057428806668456 0.7347048688111396 0.15848518657189176 0.1248165314288567
0 0.5799121545727548 0.5988220347655643 0.1287431444174139 0.1137124314570915
6 0.28587580826174686 0.665149773959872 0.10684087334017515 0.10775085779368573
6 0.4387922508837628 0.5578392609468668 0.09414997579950324 0.07421031570031093
6 0.26753941959986943 0.5951480870999342 0.08938975292686617 0.06143729991529536
6 0.6297525524080144 0.7575831137612292 0.09729315651766246 0.07751732622365459
6 0.7093036970218201 0.776379345415965 0.0722386143631848 0.06668624203690499
6 0.7394633748131131 0.827729742813364 0.0723386083130606 0.08387374203690498
6 0.6663435165000526 0.9116489874811048 0.11932269262201593 0.10535389988706072
6 0.08850486281106057 0.896102184299689 0.11131929508134394 0.07208637357870132
6 0.12853094087350006 0.7282020527578928 0.09112496974937896 0.09121580517696729
6 0.3602076668693949 0.7756252713996232 0.06437157220870696 0.05685621572854575
6 0.35969912764178347 0.7287957740304591 0.06124657220870704 0.0566742052052021
6 0.5337502268796577 0.613225439984884 0.05969316256778665 0.05814569994353036
6 0.5686110402095701 0.6619590715972674 0.05506020472226432 0.06724768415851479