5 0.5 0.68515625 1 0.6296875
5 0.86796875 0.25546875 0.2640625 0.40546875
0 0.34140625 0.9015625 0.20078125 0.103125
0 0.46875 0.7171875 0.13125 0.08046875
0 0.60234375 0.56875 0.10546875 0.07734375
6 0.3453125 0.6703125 0.08359375 0.07734375
6 0.46484375 0.5515625 0.07890625 0.04921875
6 0.31484375 0.609375 0.0765625 0.0375
6 0.6796875 0.70546875 0.08046875 0.05078125
6 0.75625 0.71171875 0.05859375 0.04609375
6 0.79375 0.75390625 0.05390625 0.06328125
6 0.7453125 0.84453125 0.09453125 0.0828125
6 0.5140625 0.96640625 0.09140625 0.06640625
6 0.209375 0.9375 0.09609375 0.1
6 0.21328125 0.74921875 0.07265625 0.0671875
6 0.4359375 0.76015625 0.053125 0.0390625
6 0.42578125 0.71796875 0.0484375 0.03984375
6 0.56171875 0.58828125 0.04765625 0.0421875
6 0.60390625 0.62734375 0.040625 0.05234375