1 0.6014321096878026 0.849295716504372 0.11787836729005097 0.12284227767481397
1 0.10625596507399686 0.8085615228654908 0.12090337334017516 0.10576390507947586
1 0.031565558163551 0.6184151833024443 0.06309996369925477 0.10530754809323425
1 0.17398031714054146 0.5843179802145521 0.10370678298109555 0.10360120435383635
1 0.008470509271578035 0.34798363221398515 0.01694101854315607 0.07409226442797028
1 0.02516310558258599 0.24543155108845913 0.05032621116517198 0.06586310217691826
1 0.15895580172064333 0.34624506134007815 0.09423178903121973 0.08608632213985139
1 0.3956331242239379 0.4959449940943682 0.09111587939029935 0.08753969473518967
1 0.6085184227231274 0.7057639713136955 0.11163745764913066 0.12418652286549073
1 0.7040485704601911 0.8059946390070432 0.18211358411256368 0.15476688947037937
1 0.8225809227231273 0.7132391985330228 0.14459540339440444 0.1503323606144388
1 0.7150189284786641 0.5321032712210283 0.10055451190385671 0.09880457694917481
1 0.14577506655136624 0.19419148801910044 0.045621572208706995 0.05470734736759479
1 0.19015632562655255 0.22152780353552984 0.09885565651766245 0.07531251324684396
1 0.2734000968019873 0.28460321161023067 0.10208065046753827 0.09260914065150558
1 0.34026488905466085 0.3424182008104574 0.08639201795398091 0.08112600362819702
1 0.28676368091455096 0.13660222122887747 0.08476588544042354 0.07013393992586625
1 0.37175175927157805 0.1684821930059091 0.07377384328594587 0.06037699400955021
1 0.4814989431129952 0.24264143402023447 0.07697156615858276 0.07298612141421187
1 0.782043322896078 0.42817222857008963 0.06766019867214013 0.08359623920022692
1 0.8324296631569619 0.363512017044677 0.08644656010845857 0.09050100362819702
1 0.6048591750608184 0.26023321650437203 0.08799087939029934 0.08743056733052797
1 0.37937842779129294 0.06638397966639796 0.05814884328594587 0.05983135698624167
1 0.350192317435129 0.7850422104291043 0.09123405405833437 0.10785219473518967
1 0.47534036758463855 0.0923958973597456 0.08174996974937905 0.08877481252120449
1 0.6112369609687802 0.10417418946253006 0.07855224687674198 0.07616568511654279
1 0.6459301235365669 0.05068709091380889 0.07062157220870695 0.05558036660488852
1 0.6522386899897372 0.17515137757429772 0.09887383723582169 0.07843751324684392
1 0.688034768543156 0.33502737457907283 0.07080337939029935 0.08683036660488845
1 0.7181131539835797 0.2688765849233591 0.09729315651766246 0.0752579495445131
1 0.9396336299794745 0.33756213065434065 0.06929542154477701 0.09615080290255769
1 0.9797354134515495 0.5632268187661083 0.034947692622015934 0.09963790145127885
1 0.771065958041914 0.16601696895144277 0.0957579275949012 0.07989088584218221
1 0.737045482046019 0.10387906750016396 0.0816954275949012 0.0793998125212045
1 0.7724153554843901 0.0683880008026082 0.08483860831306042 0.0826339399258662
1 0.8948574611651721 0.2437922832867458 0.08799996974937904 0.08899306733052796
1 0.8811540303488169 0.1815824599657681 0.07850679508134384 0.06835318511654279
1 0.9040648104030463 0.1386236336495655 0.05365224082661797 0.09248016587924912
5 0.5 0.5 1 1