6 0.9205972836684666 0.36464232745858516 0.14624880698520074 0.1626283640197263
6 0.4391614521881816 0.25668963605981543 0.21203743344863374 0.19151698002863507
6 0.7231127087292851 0.6014230700986318 0.13006020472226432 0.06557155068427196
6 0.1387336844305924 0.46102041068586275 0.14114315046753823 0.09069882001909005
6 0.04701031362450002 0.5482198713399088 0.09402062724900004 0.11518974267981755
6 0.6730212842576417 0.7508503580919503 0.1053147347764936 0.10903064934754472
6 0.9163400130822069 0.693521305458267 0.12242951190385654 0.09673064401654478
6 0.790839522451981 0.9123883894414041 0.10355224687674217 0.07463746801399936
6 0.549860519328723 0.8361418734086328 0.08941702400410509 0.06197383601209054
6 0.3109883959885479 0.9349317200429524 0.06750566256778665 0.055469297342454385
6 0.09843891989445706 0.8066687180139993 0.1208215601084586 0.08889996268299924
6 0.33457640779420866 0.7750390993793614 0.0895170179539809 0.07916133601209037
6 0.39221671185254303 0.6710152180537703 0.13487496974937904 0.08750109468490841
6 0.787692317435129 0.7818741861075404 0.10674996974937905 0.08717383068109026
6 0.3182121061717612 0.4990487640435889 0.13651928298109556 0.1015817760184536
6 0.022608193800366293 0.6799965826702726 0.03338519262201592 0.09881930800445424
5 0.5 0.5 1 1