6 0.9169027187829049 0.3367312111293797 0.12637903142885704 0.1632705955329393
6 0.4580653160532468 0.2552566567433723 0.2219491366622938 0.19888707195929073
6 0.7218654216396196 0.5818918155536592 0.13185621572854594 0.07003001778268025
6 0.1483963715125627 0.47537021939703805 0.1458122999152954 0.09561221463952715
6 0.05143588445498083 0.5703445791980011 0.10287176890996166 0.12493584160399784
6 0.664736919149958 0.7333665783739407 0.10940436305535747 0.11261562406898662
6 0.9049593717243241 0.6621849753974034 0.11327281570031075 0.0987714478903042
6 0.7734231324594294 0.8872470955374485 0.10740224729857709 0.07824062406898662
6 0.5378566297580063 0.8249804977281976 0.0926117052052021 0.06508565260503403
6 0.29526804038017207 0.936787100704735 0.07037268415851479 0.05781680810555194
6 0.09082971131392 0.8216480599675787 0.12384629465362354 0.09303087014004525
6 0.3263800744398647 0.777174506205253 0.09205026308359247 0.08220037799792798
6 0.3902444243410427 0.6705755957423363 0.1393802893919517 0.09219611621110371
6 0.7778970718090289 0.7569238947516602 0.1112552893919517 0.09088617328319834
6 0.32442825049411017 0.5030114141869704 0.1401083314853265 0.10469611621110371
6 0.02075539636432966 0.7041031490903772 0.04151079272865932 0.10469180810555194
5 0.5 0.5 1 1