1 0.8524744114536909 0.5000174640158453 0.10447220282385175 0.10473034946188058
1 0.7684346613871839 0.9533744996881591 0.0891199874635877 0.09325100062368179
1 0.5791053884259304 0.985154211744043 0.09685827962517131 0.029691576511913807
1 0.560101672669955 0.8554304402373092 0.08852895407749273 0.09306510339082194
1 0.31660538842593033 0.9794050177826804 0.06560827962517113 0.04118996443463914
1 0.22254549986698602 0.9450343258882322 0.0534719924781526 0.06802656203449331
1 0.3321668892838602 0.8245292349034068 0.06959709765100212 0.08594180810555194
1 0.49571960926297753 0.6269565297743924 0.07258570533113406 0.08139985731976367
1 0.7149373075344827 0.46552468589408297 0.10897784639736088 0.09869867328319834
1 0.8189368342566599 0.39312960917728124 0.12812030298213628 0.16668669396136265
1 0.7418394736735342 0.26392795264330593 0.13015416442319178 0.12933224317557449
1 0.5588882328447341 0.3310854117012618 0.08375052586424747 0.08972177956950453
1 0.1858003546441241 0.8083498091390092 0.049528638558944314 0.039756012820281586
1 0.21435125197855703 0.7706700266740205 0.06035848997087019 0.09019266046291677
1 0.2826178671805364 0.7036323839937839 0.07759145407749282 0.09255568114108108
1 0.3442851413954312 0.6511110055815713 0.06785274122451135 0.0796190334984459
1 0.14335913888814875 0.6635980812649157 0.056869777117888674 0.07754711124870503
1 0.18097514766363737 0.588891333746115 0.0487844924781526 0.06780823821317572
1 0.26179558715965384 0.49747227522627835 0.059721992478152595 0.06831766046291676
1 0.46599002751360014 0.24873948448912206 0.07346624373179367 0.058035131926869446
1 0.4080578555685609 0.18830709863331122 0.07713681301126592 0.07693068114108118
1 0.28892272532288676 0.38404763006484266 0.07405727711788872 0.07834763192686944
1 0.08422216811760849 0.5617594454091048 0.05145485141192578 0.052328787427387446
1 0.7677513851272251 0.7254476495001527 0.09436977711788863 0.07929370181924558
1 0.11759094609342702 0.4751520113725395 0.07860838479802065 0.07387845574818712
1 0.1412293714036785 0.349081816996892 0.06293792069139799 0.0715882096771284
1 0.09314957257817746 0.3054923287837163 0.045568564264907255 0.06453768899896399
1 0.2114820354311589 0.32348681162020854 0.0634834899708702 0.0903382096771284
1 0.36819503668480014 0.3198631596343472 0.07668217194503928 0.06130568114108108
1 0.3076834340192331 0.2780352245643246 0.05879598997087019 0.0901198858558109
1 0.3920116552519918 0.06584990177646435 0.08839256175762475 0.08837760339082217
1 0.6142587282923877 0.06215778328904903 0.09409699247815269 0.0699187018192456
1 0.2143676915410805 0.20815291004863196 0.06651756175762476 0.08735875889134022
1 0.15179113519373205 0.22942428846084476 0.06767088479802066 0.07336903349844599
1 0.12174828252816502 0.18901545822938637 0.069324313011266 0.07656680810555186
1 0.29955738229073814 0.10601467535011291 0.07566524122451135 0.0799829065339753
1 0.23871081050398354 0.10630146567298446 0.05668792069139794 0.07129711124870504
1 0.1983980475718598 0.061513350495338036 0.08798338479802066 0.07431510339082217
5 0.5 0.5 1 1