1 0.52578125 0.828125 0.090625 0.09296875
1 0.07734375 0.7015625 0.1015625 0.07578125
1 0.03515625 0.5140625 0.0703125 0.08984375
1 0.18671875 0.50859375 0.0828125 0.07734375
1 0.0546875 0.25859375 0.065625 0.05703125
1 0.1078125 0.1703125 0.06015625 0.046875
1 0.221875 0.2890625 0.0765625 0.0609375
1 0.409375 0.46796875 0.07109375 0.06484375
1 0.56171875 0.696875 0.0859375 0.09765625
1 0.6296875 0.80625 0.15 0.109375
1 0.75703125 0.74296875 0.1125 0.11484375
1 0.69609375 0.5578125 0.07890625 0.071875
1 0.240625 0.14765625 0.03359375 0.04453125
1 0.2765625 0.1796875 0.08359375 0.05
1 0.340625 0.253125 0.08125 0.0671875
1 0.38984375 0.3171875 0.06875 0.059375
1 0.38203125 0.1203125 0.06953125 0.0484375
1 0.45390625 0.1640625 0.06171875 0.04140625
1 0.540625 0.2515625 0.06171875 0.05234375
1 0.778125 0.475 0.05 0.0671875
1 0.83828125 0.425 0.06796875 0.06875
1 0.65 0.2890625 0.06875 0.065625
1 0.4828125 0.07265625 0.0453125 0.0453125
1 0.3078125 0.72421875 0.06796875 0.0859375
1 0.565625 0.11328125 0.0625 0.06875
1 0.6875 0.1484375 0.06328125 0.05546875
1 0.73125 0.10546875 0.0578125 0.0375
1 0.7109375 0.2203125 0.0828125 0.05390625
1 0.7109375 0.37265625 0.05078125 0.06875
1 0.753125 0.31796875 0.0828125 0.05
1 0.95703125 0.42109375 0.07734375 0.07890625
1 0.95546875 0.63828125 0.05859375 0.084375
1 0.82265625 0.23359375 0.0796875 0.05625
1 0.80390625 0.1703125 0.06484375 0.059375
1 0.84375 0.14453125 0.06640625 0.0609375
1 0.9203125 0.32734375 0.06875 0.0671875
1 0.92109375 0.2671875 0.06328125 0.0484375
1 0.9671875 0.23203125 0.0625 0.078125
5 0.5 0.515625 1 0.96875