5 0.43820260063194 0.5160529156347125 0.8690353573022023 0.9678941687305752
1 0.2675072410664301 0.3971317493808274 0.10466756784239592 0.09372007485477489
1 0.46658547094004216 0.2805670258499601 0.07835737336031982 0.06755568114108117
1 0.4747841525318194 0.39217661393930137 0.05968926051544958 0.0682448858558109
1 0.4689336222286661 0.4449206242783836 0.0749048247398008 0.06116013192686935
1 0.43170693916655073 0.5116565140631358 0.07728619629109837 0.0768579065339754
1 0.34262782903521394 0.5902053531859344 0.06741987336031982 0.06704625889134022
1 0.35282277984886806 0.7847366031859344 0.0855900192218769 0.08659677956950454
1 0.5654921189493057 0.5688610843697968 0.04669793758467122 0.05828768899896417
1 0.6072878725673503 0.6640258811028091 0.05335737336031983 0.06639128742738745
1 0.6931777849372507 0.6890023023190928 0.05919793758467122 0.058869885855810725
1 0.6923445460185272 0.5535549538906694 0.05319359905006031 0.06326628742738745
1 0.6770083938253921 0.3655284150155399 0.06544793758467105 0.05916098428423435
1 0.6483411612382467 0.40132251985410416 0.03971095318850324 0.04393409057054072
1 0.6448952566702623 0.36545779446120996 0.03601274310259513 0.03285104135632881
1 0.6785775378779269 0.3356953658013282 0.041109678878243724 0.0408818651776464
2 0.3788641429208809 0.3551368403656528 0.056318599050060314 0.06341183664159918
2 0.5304709085247132 0.33397881617283176 0.0592798247398008 0.0604323858558109
2 0.5713548580951718 0.2772536271738677 0.05294793758467122 0.058578787427387445
2 0.7204242011523384 0.38700100062368176 0.035351001809022266 0.04996576674922304
2 0.6934367345077094 0.6341692531048811 0.05253850180902227 0.050766287427387445
2 0.6213193950685876 0.6179492477281976 0.05574538896415202 0.05247433664159917
2 0.5080525124360136 0.7430477551717958 0.05936171189493056 0.0619948858558109
2 0.5328710487320606 0.6338161503332315 0.059689260515449406 0.0682448858558109
2 0.3993182423096255 0.6408196292407823 0.08674308344622812 0.07885705417661057