5 0.57578125 0.60390625 0.8484375 0.746875
1 0.4546875 0.75703125 0.07734375 0.0890625
1 0.3265625 0.57109375 0.05546875 0.06640625
1 0.43359375 0.55625 0.059375 0.04765625
1 0.48515625 0.55859375 0.04921875 0.06484375
1 0.553125 0.58984375 0.0640625 0.0640625
1 0.6359375 0.67109375 0.05625 0.05625
1 0.82421875 0.64765625 0.07265625 0.071875
1 0.5984375 0.45625 0.05078125 0.0375
1 0.68828125 0.409375 0.05703125 0.04140625
1 0.70625 0.3234375 0.04921875 0.04921875
1 0.57421875 0.334375 0.0546875 0.04296875
1 0.39375 0.3625 0.0484375 0.05390625
1 0.4296875 0.3875 0.03828125 0.03203125
1 0.3953125 0.39296875 0.0265625 0.03046875
1 0.3640625 0.36171875 0.0328125 0.0328125
2 0.4046875 0.65234375 0.05390625 0.046875
2 0.37265625 0.50625 0.05 0.04765625
2 0.31484375 0.4703125 0.05 0.0421875
2 0.4109375 0.31796875 0.04453125 0.0265625
2 0.653125 0.328125 0.04296875 0.04375
2 0.6421875 0.3984375 0.04296875 0.046875
2 0.771875 0.49921875 0.0515625 0.0484375
2 0.6640625 0.4828125 0.059375 0.046875
2 0.68046875 0.6125 0.06484375 0.07421875