5 0.46484375 0.4569131083762157 0.9296875 0.9138262167524314
1 0.47243212102707677 0.22760746808361149 0.10608285672980174 0.11330139342673622
1 0.6464705044114433 0.38962042486496584 0.07837435079830275 0.08455814437666671
1 0.5369071620160975 0.4300798110735074 0.07604784684397004 0.06577177678548622
1 0.4840859095446396 0.4405802467689588 0.07199701680591382 0.08128767401194459
1 0.40659757950658343 0.42313686720993093 0.08618685079830275 0.08473998233256949
1 0.3028942593543591 0.3581638710096531 0.07636618182494201 0.07358427678548622
1 0.1116524940313199 0.4264378262723959 0.0959438527754691 0.09433318787965277
1 0.38801738137001907 0.5720646764804865 0.06303851087441492 0.052980836056041626
1 0.3046199495450771 0.6420667455346878 0.07266817885919252 0.05944904160312507
1 0.30476984676960794 0.7343451645126391 0.06667284684397004 0.06555357123840296
1 0.4393968561611481 0.6929051597629865 0.0711693458553869 0.06097517401194459
1 0.6213591219784789 0.6220692489531603 0.06680018083635879 0.06867857123840296
1 0.57827762543852 0.6046447064001047 0.050220175893442943 0.0448773953265972
1 0.6132574619023667 0.590601043406077 0.03590300790866543 0.038300087005972115
1 0.6521462069594508 0.6149659169811811 0.043906508897248564 0.04316942496187508
2 0.547486517757316 0.3239752814382296 0.07129667984777566 0.0641001740119445
2 0.6127547376055292 0.468598756836945 0.06654551285158128 0.06242857123840295
2 0.679863983156905 0.4912744970532992 0.06472834486680376 0.05614220364722229
2 0.6130717781002584 0.671923778588438 0.05315417490485963 0.040262630508958355
2 0.3585951837277463 0.7183941626127781 0.05697951186299814 0.0575228656913195
2 0.35543303304317425 0.6424674422480559 0.0586693458553869 0.060684233282499986
2 0.19895488137001904 0.5676641979476391 0.06817167984777565 0.06402743882958344
2 0.31421246684528265 0.5601809658994099 0.07604784684397004 0.06577177678548622
2 0.2687155775294171 0.42931151918604193 0.08969385277546901 0.09418771751493064