6 0.0703125 0.57109375 0.140625 0.140625
6 0.51640625 0.70546875 0.18359375 0.1609375
6 0.27890625 0.36484375 0.115625 0.05
6 0.8109375 0.53671875 0.125 0.07265625
6 0.93125 0.4640625 0.134375 0.10078125
6 0.33671875 0.2296875 0.08984375 0.09296875
6 0.10546875 0.265625 0.10625 0.0796875
6 0.2390625 0.071875 0.09296875 0.0609375
6 0.4578125 0.159375 0.07890625 0.05
6 0.68671875 0.084375 0.05859375 0.04765625
6 0.87421875 0.21875 0.10625 0.07421875
6 0.653125 0.23125 0.07734375 0.06640625
6 0.59140625 0.3234375 0.1203125 0.07109375
6 0.23203125 0.19296875 0.09375 0.07265625
6 0.64765625 0.4890625 0.11875 0.0828125
6 0.9609375 0.3421875 0.07265625 0.08984375
5 0.5 0.5 1 1