5 0.5199830918088857 0.5585361679499761 0.8968496145539646 0.7877349044428608
1 0.1796684609154735 0.5620890182746772 0.050547963606069855 0.04813366311182747
1 0.19852546877335636 0.5320220866764112 0.060359611248705036 0.05805469468185844
1 0.23648354114693187 0.5942259550640279 0.043570217535011314 0.032144642065139804
1 0.22445873014589587 0.6371569077089811 0.034049668320799586 0.028473610495108836
1 0.24820875330525966 0.6954167287415511 0.05240156203449331 0.054474668373499215
1 0.24977759966676852 0.5116332629424181 0.03099744292790545 0.02985409997176518
1 0.27986105190029886 0.45495062343752696 0.059631865177646404 0.04242969468185844
1 0.3160874962759464 0.42979099971765133 0.034486315963434676 0.037848610495108834
1 0.30015212716935846 0.40548894973176874 0.03263271753501131 0.03150760523343692
1 0.2835446699734294 0.3834851471150503 0.02896406203449331 0.05310958944842144
1 0.2067317669541108 0.440562628769786 0.034049668320799586 0.028473610495108836
1 0.33879725020488777 0.41553107864272903 0.028236315963434677 0.03748458944842152
1 0.3973760376322752 0.46880726806291567 0.03710189371369381 0.027093121018452494
1 0.42050316852568737 0.44678034961882923 0.06907963978475226 0.04453822625188941
1 0.5126843221641785 0.6360241311182733 0.05156680810555194 0.0700086631118273
1 0.3423118560769093 0.5411758207502213 0.045569365177646405 0.0416106473268119
1 0.6640906184829062 0.758595623084591 0.059670406533975394 0.07671368942018653
1 0.7134741883752822 0.7817292861964183 0.0549829065339754 0.07644067363517096
1 0.5987524088057776 0.6940179126177171 0.053381865177646405 0.042065673635170955
1 0.662358990484978 0.6712321309770989 0.07100601282028159 0.05244173151356133
1 0.5665541848606256 0.6383825626459521 0.045787688998963995 0.0462981473268119
1 0.6732194077723204 0.6033011783321455 0.04698631596343468 0.03857665258848364
1 0.6480931292362732 0.6158620915145601 0.030381012820281585 0.05007559471009326
1 0.6247626370941559 0.5833380178511541 0.023767139784752266 0.04189907366340577
1 0.6317746164159915 0.5666055441595134 0.03521406203449331 0.053473610495108834
1 0.7227292562007438 0.6124178440748087 0.05069351282028158 0.05125866311182729
1 0.8396256577723203 0.6129932387001974 0.04502570967712849 0.06339464206513981
1 0.6759205686495219 0.5107419520096688 0.04466183664159917 0.055582142065139804
1 0.6478298019002988 0.47638236256124744 0.047131865177646406 0.04170165258848364
1 0.6058242384180635 0.4778314704961074 0.04698631596343468 0.03857665258848364
1 0.5757128992952649 0.383361133678522 0.05309076674922295 0.03581567363517095
1 0.5780588033480409 0.41700038630935793 0.03746576674922295 0.034905621018452494
1 0.5083456168302762 0.40904440216496063 0.04996576674922295 0.03563366311182729
1 0.518172227045524 0.3691019416274995 0.04593323821317572 0.049423147326811724
1 0.5434975587247244 0.3440865310759209 0.03590326674922295 0.034814615756780666
1 0.6445720612059238 0.3897091151920833 0.03888271753501123 0.03187162628012441
1 0.7848845380465599 0.34100484663505753 0.044225188998964174 0.04620714206513989
1 0.8370677762597356 0.3907920150085567 0.022748295285270358 0.02002407366340595
1 0.4907128529765374 0.2646573653332577 0.034049668320799496 0.028473610495108836
1 0.5680737196019259 0.25280137841685013 0.034049668320799496 0.028473610495108836
1 0.4277077388323482 0.31708514434303997 0.03434076674922295 0.03472361049510884
1 0.5705074766312392 0.5225223442159831 0.026164393713693813 0.026456084186749607
1 0.42198654755707266 0.629183325941306 0.028818512820281583 0.049984589448421345
1 0.4527635126108846 0.6208471811747429 0.044696069892376046 0.02286064732681172
1 0.32876308643220215 0.618299762871831 0.03187073821317572 0.04860409997176518