6 0.521875 0.65390625 0.09453125 0.0734375
6 0.2921875 0.5109375 0.09375 0.0984375
6 0.528125 0.540625 0.06796875 0.07421875
6 0.62734375 0.3890625 0.09609375 0.09140625
6 0.61875 0.48359375 0.08828125 0.09453125
6 0.50078125 0.4671875 0.08671875 0.078125
6 0.37578125 0.453125 0.05 0.06328125
6 0.70703125 0.68203125 0.08203125 0.096875
6 0.828125 0.5515625 0.06796875 0.0984375
6 0.840625 0.50625 0.0640625 0.05859375
6 0.8171875 0.3828125 0.096875 0.09375
6 0.6671875 0.209375 0.103125 0.0875
1 0.4109375 0.55078125 0.071875 0.0515625
1 0.325 0.44453125 0.0515625 0.05625
1 0.4171875 0.25625 0.07265625 0.04765625
1 0.53984375 0.33359375 0.05625 0.05703125
1 0.43125 0.3078125 0.05625 0.05703125
1 0.49765625 0.2578125 0.05859375 0.05859375
1 0.5828125 0.29375 0.06015625 0.04765625
1 0.578125 0.25 0.078125 0.03828125
1 0.58515625 0.571875 0.06875 0.04140625
1 0.56875 0.62890625 0.08359375 0.08515625
1 0.63203125 0.609375 0.0515625 0.05234375
1 0.81875 0.45078125 0.06015625 0.05390625
1 0.73125 0.32734375 0.07109375 0.065625
6 0.6609375 0.296875 0.0953125 0.10234375
2 0.63828125 0.6671875 0.0640625 0.0703125
2 0.66328125 0.5578125 0.05703125 0.05625
2 0.73671875 0.6 0.05234375 0.046875
2 0.6890625 0.51171875 0.05703125 0.07109375
2 0.74140625 0.51015625 0.046875 0.06328125
2 0.7359375 0.39453125 0.0546875 0.06640625
2 0.42734375 0.496875 0.05234375 0.046875
2 0.48046875 0.3125 0.05234375 0.0609375
2 0.55546875 0.43359375 0.05 0.065625
2 0.3140625 0.36328125 0.0421875 0.05234375
2 0.7328125 0.27265625 0.06484375 0.053125
3 0.325 0.2953125 0.103125 0.1140625
3 0.37265625 0.6 0.2203125 0.09609375
3 0.41171875 0.40078125 0.14140625 0.14140625
3 0.8015625 0.6703125 0.16328125 0.1421875
3 0.734375 0.5046875 0.13046875 0.18359375
3 0.7828125 0.31328125 0.0796875 0.14453125
3 0.8640625 0.51015625 0.09453125 0.18359375
5 0.5578125 0.44140625 0.884375 0.8828125