3 0.32239416070887206 0.7780507682516077 0.06372730925276535 0.07285917984777565
3 0.10570371834007955 0.591428813232142 0.11849662986961636 0.07977502471457924
3 0.08721895089020915 0.3834398996959888 0.06041139448011292 0.0617943458553869
3 0.4878677873353728 0.31473373167403024 0.09355117694751698 0.08188135277546911
3 0.2631444768647914 0.2949636956279254 0.09952844155801355 0.0665110207602467
3 0.2907433713449044 0.3532563566926208 0.057013659090609535 0.046042011862998146
3 0.20372065827653535 0.38416545847950667 0.06611592370110611 0.030799013840164414
3 0.17709965705871936 0.42668588091290854 0.08472955600635443 0.023750517794497127
3 0.5466718173671449 0.4139723863129349 0.08996252678536117 0.05519151878308026
3 0.6414485292176979 0.4241830330431743 0.09618525324641088 0.05388368676785795
3 0.6843433668806774 0.3286185236516341 0.05432503571381488 0.0709146778706093
3 0.5899154825468343 0.2488129599252004 0.027326159090609536 0.044832338935304694
3 0.6199535844132734 0.3124788704956042 0.0666341209411625 0.060486513840164416
3 0.6261529914752881 0.2645361190127294 0.05405230032431163 0.0552896778706093
3 0.8006322090045888 0.7202555839180267 0.10577844155801372 0.06676568874502423
3 0.4350327081938098 0.6022456605332227 0.03837275324641087 0.05152800790866543
5 0.5011863989443398 0.5205062292025723 0.9976272021113204 0.8496125415948554