6 0.536314240119445 0.7026395475053528 0.11148432028847229 0.09380748746358769
6 0.31171036436013927 0.5118541084715548 0.11679006933854179 0.12050637978345566
6 0.5562247369853129 0.5853300270513817 0.08484908510611114 0.08990959765100222
6 0.6794232348011114 0.4444813696878189 0.11660823138263901 0.11269387978345566
6 0.6590399592498963 0.54147839014179 0.10886846656499997 0.11559155925034226
6 0.5363466884483337 0.5027759398252208 0.1037809230620141 0.09826766693047428
6 0.40669490282913234 0.46699390102884963 0.06420927678548623 0.07525606426490725
6 0.7274854071975353 0.7651946864600085 0.10421733415618065 0.11701766693047429
6 0.8715782864722229 0.6499370624825407 0.08855596656499998 0.11500052586424729
6 0.8900366925323964 0.604411613815324 0.07823540919430556 0.07410274122451135
6 0.880695447282049 0.4714172573888334 0.11827983415618064 0.11742684389007838
6 0.7439000428373961 0.2628880403792168 0.12438436379145834 0.11135870031656907
1 0.4318423328250005 0.5746843805748785 0.08430357123840278 0.06647209765100222
1 0.3547505431217365 0.44908733551030117 0.06406380642076392 0.06900606426490725
1 0.47465973356684044 0.26754548198680433 0.08579333605604163 0.06339256175762475
1 0.5941747594023961 0.37095528998350547 0.06875130642076392 0.06914245658477532
1 0.4822189668493406 0.32397733841329507 0.06878767401194459 0.07070495658477523
1 0.5593802256830558 0.28484429374442916 0.07194904160312507 0.07235838479802066
1 0.6449008048052434 0.3365181055020539 0.07165810087368066 0.05985838479802066
1 0.6446092108654169 0.29044708755536525 0.08870013050895835 0.054108489970870186
1 0.6134202943560074 0.6275917348897982 0.07936149810013901 0.055398205331134064
1 0.5889846452296881 0.684654077130524 0.10392639342673622 0.10451766693047411
1 0.6574618882958339 0.674935747821922 0.06399107123840295 0.06588106426490725
1 0.8737746064763545 0.5430422048024086 0.07183993882958362 0.06767088479802066
1 0.7970276556789239 0.3987178917911426 0.08619337955902787 0.08058006175762475
6 0.7265144807170489 0.35450723904643333 0.11686280452090295 0.12363137978345566
2 0.6573540919430562 0.7373902837152992 0.08008884992375016 0.08664820533113407
2 0.6969594929692366 0.6276803145941117 0.07031380642076393 0.06918792069139812
2 0.7693261086605562 0.6844364314454436 0.06384560087368066 0.05963106426490725
2 0.7294985828250005 0.5833452928864993 0.0722399823325695 0.08485838479802066
2 0.7851128031897228 0.5912092686716045 0.061084276785486225 0.07516513605166182
2 0.7939948810776392 0.46967524947127454 0.06904224715020835 0.0816424565847754
2 0.4555876509292712 0.5215055562808415 0.06384560087368066 0.05963106426490725
2 0.534853657578785 0.33800038598515486 0.06577177678548622 0.07530152837152997
2 0.5982284393982643 0.47803200409012814 0.06424564437666672 0.07681856426490725
2 0.35269577422003506 0.36080608551030113 0.05301720364722229 0.06400031551854841
2 0.8050570548052434 0.3411781764308787 0.07808993882958362 0.06785274122451135
3 0.3729887840036808 0.29347383300301877 0.12816398043270852 0.1395746285298145
3 0.38525892676482687 0.6193914753228867 0.24996624525034736 0.13999582884638356
3 0.4508254561157642 0.4175311101209074 0.17267769984750014 0.1736601235152495
3 0.8283030247887158 0.7696896213371714 0.1962243026210416 0.17902958511458972
3 0.7787173328250006 0.5847774122451137 0.1674096248093752 0.21566576708875881
3 0.8530958177230211 0.3925420996295591 0.10850609707395834 0.16710859514371962
3 0.9144554642838895 0.6137100574679757 0.13136302203583342 0.2099325926364372
5 0.5296875 0.5008638180258309 0.940625 0.9982723639483382