6 0.5181664322820525 0.30563595374828845 0.11963602076024671 0.10180184389007838
6 0.7067647227767816 0.5030324763138306 0.12534219269935692 0.12693823620994635
6 0.47839432505795915 0.4199401461472988 0.0928825197716634 0.09634145407749273
6 0.3332980478719219 0.5529154336900287 0.1251511917107738 0.12225073620994635
6 0.36993056764358534 0.4582106874509524 0.11890119171077371 0.12206887978345567
6 0.4836773912558508 0.500940093560874 0.11188718775644109 0.10313702335696498
6 0.6060179648681162 0.5434194470843708 0.07030718281352506 0.07851745658477541
6 0.3400361150955777 0.23434729011651942 0.1126511917107738 0.12188702335696497
6 0.1796159268448451 0.34123745077878753 0.10008752471457934 0.11996081050398359
6 0.1536145009514021 0.38569214443143907 0.0828071828135252 0.07888116943775669
6 0.14126705676917045 0.5163654829112412 0.12677735870696813 0.12385870031656906
6 0.2403253447924416 0.7280722095542762 0.13283635771838495 0.11935305674305993
1 0.5994734876055293 0.43592519583072964 0.08880251482874754 0.07281302586424747
1 0.654377210419492 0.5630810777257563 0.06849001482874754 0.07222199247815268
1 0.5060949248304978 0.7359455793751091 0.0886751808363588 0.06968802586424747
1 0.4050828645641051 0.62963940657214 0.0748036818249421 0.07396634890464338
1 0.5075738531953986 0.6804995614284204 0.0748036818249421 0.07396634890464338
1 0.4257362627772192 0.7164347129194886 0.07805601581733086 0.07718227711788864
1 0.3499669416364116 0.6608954182506226 0.07604784684397004 0.06619931301126591
1 0.34265184874677435 0.7063670426238019 0.0914818458553869 0.061966454077492725
1 0.4302725014456937 0.37530124755922456 0.0821068458553869 0.06169366943775678
1 0.46371901281440026 0.32048571542677096 0.11070668973360753 0.11246655925034225
1 0.3948416788220115 0.3256111361181689 0.06673651384016441 0.06748902837152997
1 0.15972523809982087 0.44637959184501436 0.07786501482874764 0.07249477711788863
1 0.21073995695945086 0.5923764019532864 0.09250051779449713 0.08696645407749273
6 0.2728287800774247 0.6389498735817566 0.1285945266917457 0.13015416442319178
2 0.4050735246773983 0.26600881558505546 0.08637785178688588 0.08990959765100204
2 0.3469334194304713 0.371483577263538 0.07480368182494201 0.07396634890464338
2 0.28538576578014974 0.3116288556350679 0.06817167984777565 0.06440949247815268
2 0.3077780775294171 0.4131997158224824 0.07856535178688588 0.08968227711788863
2 0.254349330000875 0.40304947750096487 0.06711851581733086 0.07686402837152997
2 0.2260413047920041 0.523262689100305 0.07518568380210837 0.0833413489046432
2 0.5669673937273088 0.486811745909872 0.06817167984777565 0.06440949247815268
2 0.45830602365163403 0.6639856628403462 0.07180601581733086 0.07700042069139794
2 0.4195684703053237 0.5230938898790927 0.071997016805914 0.08168792069139812
2 0.6415005256288004 0.6492913623654925 0.05892401384016459 0.06726170783841656
2 0.19285477859454997 0.6482997930195132 0.08261618182494201 0.07419366943775678
3 0.610701511788636 0.7157347162847008 0.14016869665368964 0.14609741316955063
3 0.6519100795065835 0.3938226123654925 0.2546768656270505 0.16035379295300628
3 0.5542034554765761 0.5894055484962967 0.1870092045623551 0.18491587226160835
3 0.24129486756703566 0.22551551088705968 0.2107013725471326 0.19184783386094856
3 0.2603128285180003 0.4098988710744741 0.18866454646340927 0.22554087226160835
3 0.15439445646515929 0.596356859791703 0.12556236859279987 0.17064277210332382
3 0.13062266992476287 0.37543660603077933 0.1523450444862428 0.21512019780928665
5 0.5 0.5 1 1