5 0.58515625 0.5 0.8296875 1
0 0.32734375 0.7078125 0.134375 0.2265625
0 0.915625 0.325 0.13984375 0.090625
0 0.9203125 0.66015625 0.159375 0.1640625
0 0.5109375 0.81640625 0.175 0.13046875
0 0.7984375 0.69609375 0.09453125 0.08125
0 0.37734375 0.575 0.10546875 0.13046875
0 0.4015625 0.71640625 0.034375 0.11328125
0 0.71796875 0.3203125 0.08984375 0.19921875
0 0.85 0.146875 0.20078125 0.08125
6 0.82578125 0.23203125 0.09375 0.06953125
6 0.46953125 0.2703125 0.0671875 0.04765625
6 0.51484375 0.3296875 0.0640625 0.0515625