3 0.634953004548114 0.2195729711893392 0.07387845574818712 0.07778980925276527
3 0.8752441724546287 0.39286660065521367 0.12892982878371625 0.08655688311602719
3 0.9185533325032609 0.6008739695677814 0.0671190334984459 0.06674321509696383
3 0.5226650978047417 0.6961372455390684 0.10407537799792799 0.08924550649282174
3 0.7512267454473769 0.7015303088523188 0.10803513192686935 0.0737023271096728
3 0.716539222288013 0.6450581664008007 0.06319351282028159 0.049501168019063256
3 0.8015841563245782 0.6076069849890569 0.06878854135632864 0.03554776217486459
3 0.8229839673256143 0.5634478819048019 0.08880994292790553 0.02965231818121907
3 0.4517104348606257 0.5996401209444578 0.09807793507002245 0.0610386858759707
3 0.355398361039308 0.5966299435899037 0.10425516046291668 0.059585280031772214
3 0.32244677398342414 0.6949407585247119 0.0627954065339753 0.0744738944801128
3 0.4267939797316111 0.7697441152624149 0.033360463606069854 0.045857970779006864
3 0.3894716081438239 0.7070628831193225 0.07336903349844608 0.06685230925276535
3 0.38860262096410547 0.7555549301972231 0.06050516046291676 0.05882162094116268
3 0.15979464681406563 0.30840106087761837 0.11428513192686944 0.07381142126547413
3 0.5418687462759463 0.40337700122111125 0.046224336641598994 0.05388865909060954
5 0.501018844499482 0.4858037175358912 0.997962311001036 0.9190175649282176