5 0.49453125 0.528125 0.8328125 0.7046875
1 0.15390625 0.5390625 0.046875 0.04296875
1 0.17578125 0.5078125 0.05625 0.053125
1 0.20859375 0.56953125 0.040625 0.02734375
1 0.19296875 0.6125 0.03046875 0.025
1 0.21171875 0.6703125 0.04765625 0.05
1 0.228125 0.4875 0.02890625 0.0265625
1 0.26328125 0.4296875 0.05703125 0.03828125
1 0.30078125 0.40390625 0.03125 0.03359375
1 0.28671875 0.38046875 0.0296875 0.02734375
1 0.271875 0.359375 0.02578125 0.05078125
1 0.190625 0.41796875 0.03125 0.02421875
1 0.325 0.38984375 0.025 0.03359375
1 0.37890625 0.44140625 0.034375 0.02265625
1 0.403125 0.41875 0.06640625 0.0390625
1 0.48046875 0.6046875 0.046875 0.06640625
1 0.31796875 0.51484375 0.0421875 0.0375
1 0.621875 0.72265625 0.053125 0.071875
1 0.66875 0.74453125 0.04765625 0.07109375
1 0.5625 0.6609375 0.05 0.0375
1 0.62734375 0.63671875 0.06640625 0.04765625
1 0.534375 0.60546875 0.0421875 0.0421875
1 0.64375 0.56875 0.04296875 0.034375
1 0.6171875 0.58125 0.0265625 0.04609375
1 0.596875 0.54921875 0.0203125 0.03984375
1 0.60546875 0.53359375 0.03203125 0.04921875
1 0.69296875 0.5765625 0.04609375 0.0453125
1 0.809375 0.57421875 0.04140625 0.06015625
1 0.653125 0.4765625 0.03984375 0.0515625
1 0.62890625 0.44296875 0.04375 0.0375
1 0.5859375 0.4453125 0.04453125 0.0328125
1 0.56484375 0.35234375 0.05 0.03125
1 0.5640625 0.3859375 0.03359375 0.03046875
1 0.49453125 0.3796875 0.046875 0.03046875
1 0.5078125 0.3390625 0.04140625 0.04453125
1 0.53515625 0.31328125 0.03203125 0.03125
1 0.63203125 0.35703125 0.03515625 0.02734375
1 0.7765625 0.30546875 0.03984375 0.0421875
1 0.82421875 0.353125 0.021875 0.01953125
1 0.4890625 0.2359375 0.03203125 0.02421875
1 0.5671875 0.22265625 0.03125 0.025
1 0.42109375 0.2890625 0.03203125 0.03046875
1 0.546875 0.48984375 0.02265625 0.0234375
1 0.390625 0.6 0.025 0.04609375
1 0.42265625 0.59140625 0.04296875 0.01875
1 0.2984375 0.59140625 0.028125 0.0453125