3 0.33046875 0.771875 0.06015625 0.0671875
3 0.128125 0.58671875 0.1109375 0.0703125
3 0.1140625 0.3890625 0.05625 0.05703125
3 0.49453125 0.3390625 0.0875 0.075
3 0.2828125 0.31171875 0.09375 0.06015625
3 0.3078125 0.36796875 0.05390625 0.04140625
3 0.22421875 0.39375 0.0609375 0.0265625
3 0.1984375 0.43359375 0.08046875 0.01953125
3 0.5484375 0.4359375 0.084375 0.0484375
3 0.63828125 0.4484375 0.08984375 0.046875
3 0.68046875 0.36015625 0.05 0.06484375
3 0.59296875 0.28046875 0.025 0.0421875
3 0.6203125 0.3421875 0.0609375 0.05546875
3 0.6265625 0.296875 0.04921875 0.05078125
3 0.784375 0.73515625 0.09921875 0.05859375
3 0.43984375 0.61015625 0.0359375 0.046875
5 0.4921875 0.53515625 0.96640625 0.7671875