5 0.47023137917777824 0.5 0.9404627583555565 1
0 0.7192650251699655 0.32421875 0.1792199469977085 0.2484375
0 0.0819702726045144 0.6015625 0.13862870174736122 0.115625
0 0.12031772568305579 0.26875 0.19037434612402793 0.190625
0 0.5527288757593057 0.184375 0.20058449430041686 0.159375
0 0.2465347335668405 0.25390625 0.11162979065319449 0.096875
0 0.6494818148732295 0.44765625 0.13157992116215295 0.1484375
0 0.6468808788934377 0.30234375 0.05588893692972228 0.11875
0 0.2703976461796186 0.64140625 0.1299823599917363 0.2140625
0 0.1184020011373618 0.790625 0.20269120174736122 0.115625
6 0.14854213639597283 0.709375 0.10825021751493065 0.0859375
6 0.5108609516504521 0.73515625 0.07790810087368065 0.0578125
6 0.4741227114340978 0.6671875 0.07492857123840277 0.0640625