5 0.54140625 0.5009637411662847 0.9171875 0.9980725176674305
0 0.30764013960555364 0.7131234747331252 0.1921365016215578 0.2699891109416669
0 0.9555074805182393 0.4424785468245494 0.08898503896352139 0.11784342306201409
0 0.912691878241468 0.7928045487244105 0.14713191882984233 0.19709581838861112
0 0.4805845361142615 0.8678687921718058 0.21393758928453738 0.1767846248093754
0 0.8051930239393968 0.808263934932952 0.1174523271096728 0.1073787017473613
0 0.38429632264215063 0.5860537880877434 0.14025462743398434 0.161012848023889
0 0.38383049268980873 0.7383248029053823 0.06155688311602718 0.12638196846486133
0 0.7902212199649327 0.39792584697704925 0.13989216314779931 0.22972648043270852
0 0.9224983372559425 0.24487619500093824 0.155003325488115 0.1286731267092362
6 0.9194762974816424 0.3314312908406258 0.11408186525912001 0.09324346656500015
6 0.5376399163942102 0.2889638485925699 0.08077844155801354 0.06435474715020843
6 0.5756132491859258 0.36169348698531295 0.07932503571381488 0.07056837955902787