5 0.4964372544675221 0.47559243598271655 0.8977390340856666 0.7707701432390636
1 0.8391741793864442 0.49086901980069264 0.05081820616851011 0.04716589149054791
1 0.8152321189158631 0.5196389144144984 0.06035684740221221 0.056595433645025395
1 0.7866628340128269 0.4554036975919857 0.04273297077900686 0.031495439695149584
1 0.8069168327950109 0.4141110770804808 0.033276150162155814 0.026753397540672096
1 0.7931094772751239 0.35464971866922446 0.05248980032431163 0.05342498184962743
1 0.7602446099874093 0.5365082518467117 0.030178423701106107 0.028297716822512697
1 0.7202138993546722 0.5917497428697213 0.060084112012708954 0.040970433645025395
1 0.6807422962704172 0.6149599838927309 0.03343979139585791 0.03612839754067192
1 0.6928059196472116 0.6400327067653677 0.031768197240056396 0.029869307181592218
1 0.7057053401019069 0.6619849748175446 0.029025026785361164 0.05172612646343318
1 0.7925701404262184 0.6093599445669236 0.033276150162155814 0.02675339754067192
1 0.6547428579588143 0.6273099929679171 0.02718979139585791 0.03609203610435365
1 0.6049434553610267 0.5707645562978296 0.03637387662320535 0.02520907825883114
1 0.5787940125851969 0.5917083153730159 0.06951365909060954 0.044149975799503235
1 0.5180725211066136 0.3999293606507516 0.05276253571381488 0.06904998184962734
1 0.6733309910748415 0.5024054417382532 0.04602161201270878 0.040888620413308985
1 0.38671520130054154 0.27102713494944425 0.06068412986961622 0.07534543364502548
1 0.3418663514626973 0.2442010145361353 0.05443412986961631 0.07530907220870695
1 0.4410248258951521 0.3377560926967707 0.05383411201270878 0.04093407220870695
1 0.37427765665827284 0.3569010024358869 0.07121252678536116 0.05197156615858276
1 0.46502934172346466 0.39493278844204455 0.04610343262955983 0.04557612041330898
1 0.3520247812528834 0.4231845325883121 0.0459670649348082 0.03776362041330898
1 0.37954580925606063 0.41318736387220534 0.030532979707460585 0.048610216822512695
1 0.39694181493810343 0.446104403001621 0.02417388555165916 0.04232385538619425
1 0.38651282954860006 0.4616703156676035 0.035275026785361166 0.051762487899751616
1 0.3029969460255358 0.41196068627730414 0.05087275324641087 0.05029089149054773
1 0.18669979018133712 0.40503345452587264 0.04796594155801363 0.06277271077238851
1 0.3332281424548133 0.5152720386384363 0.04470457386326192 0.054942030054229284
1 0.35527073782843066 0.5505600988450907 0.047584112012708776 0.040897710772388504
1 0.3982122142894803 0.5523725837197802 0.0459670649348082 0.03776362041330898
1 0.41218716518298476 0.6469947373105764 0.05216251785690744 0.03467498184962743
1 0.41511729627041705 0.6134146228491959 0.03651024431795715 0.03302157825883114
1 0.48367638149776476 0.624752098648699 0.049037517856907444 0.03465680113146803
1 0.468137156254531 0.6645094902374427 0.046157979707460585 0.048701120413308985
1 0.43724566640080076 0.6885509782353901 0.03494774431795715 0.03301248789975162
1 0.3451633064166868 0.6372288518701528 0.038045470779006774 0.03146816861791084
1 0.19522180763450278 0.6777669725780494 0.044540932629559826 0.04556703005422928
1 0.151590584419864 0.6259453973442802 0.023792056006354388 0.020448855386194252
1 0.47724732914485823 0.7692606227509999 0.033276150162155814 0.02675339754067192
1 0.39742346145010654 0.7766095144379395 0.033276150162155814 0.02675339754067192
1 0.5499678088523188 0.7212412792686624 0.033385244317957155 0.033003397540672094
1 0.44113609984113944 0.5104305234149299 0.02543637662320535 0.025145445745273776
1 0.6077253563339612 0.41138955629782953 0.028970479707460584 0.048601126463433175
1 0.5748037621781599 0.41744865875715753 0.045694329545304765 0.022138620413308985
1 0.699653757713933 0.42676963748352703 0.03206820616851012 0.0470568071815924