3 0.20234375 0.73671875 0.07578125 0.08828125
3 0.46328125 0.71953125 0.08046875 0.11015625
3 0.2828125 0.57734375 0.06171875 0.07578125
3 0.44140625 0.5140625 0.0546875 0.0703125
3 0.453125 0.47109375 0.0625 0.0578125
3 0.32734375 0.7453125 0.06640625 0.07109375
3 0.278125 0.484375 0.09609375 0.0796875
3 0.1234375 0.35390625 0.05703125 0.090625
3 0.2765625 0.41484375 0.1 0.0828125
3 0.27421875 0.3625 0.09375 0.0609375
3 0.428125 0.4296875 0.04296875 0.07421875
3 0.37734375 0.178125 0.040625 0.08125
3 0.4078125 0.0921875 0.0484375 0.05
3 0.471875 0.24140625 0.0703125 0.06015625
3 0.4484375 0.32890625 0.07421875 0.07265625
3 0.57734375 0.46796875 0.10859375 0.1015625
3 0.70234375 0.796875 0.07890625 0.071875
3 0.6828125 0.728125 0.0890625 0.08984375
3 0.7359375 0.6921875 0.0765625 0.08671875
3 0.82265625 0.73515625 0.08125 0.06875
3 0.6875 0.62734375 0.06640625 0.05078125
3 0.77265625 0.5546875 0.10859375 0.0640625
3 0.7171875 0.49609375 0.10859375 0.09140625
3 0.88359375 0.48125 0.0515625 0.0609375
3 0.77890625 0.43046875 0.09609375 0.0796875
3 0.59765625 0.340625 0.05625 0.0421875
3 0.790625 0.3390625 0.09140625 0.06796875
3 0.7984375 0.19609375 0.08203125 0.08125
3 0.73046875 0.27421875 0.09453125 0.06015625
3 0.628125 0.16875 0.0375 0.03984375
3 0.61875 0.22890625 0.0609375 0.05703125
1 0.54375 0.584375 0.0421875 0.06796875
1 0.62890625 0.6046875 0.05859375 0.0796875
1 0.6984375 0.5796875 0.0484375 0.0640625
1 0.778125 0.67109375 0.0453125 0.0484375
1 0.82578125 0.6796875 0.0546875 0.08671875
1 0.75546875 0.5359375 0.03125 0.04921875
1 0.87578125 0.64765625 0.05 0.0578125
1 0.5875 0.36953125 0.0390625 0.034375
1 0.66875 0.3109375 0.02890625 0.04609375
1 0.709375 0.1703125 0.03125 0.04296875
1 0.796875 0.375 0.03515625 0.040625
5 0.5 0.5 1 1