3 0.8224653432760617 0.4960912274426768 0.1091071598887993 0.1277806493475449
3 0.6639286792957291 0.808962302752996 0.0853224303072194 0.07283861067790873
3 0.3279341263931714 0.7363305880410436 0.05358135698624169 0.05841248400699968
3 0.2692560416394483 0.6661448100334075 0.03880952885594056 0.03793635200509069
3 0.2363765650530932 0.5743931146960441 0.06575397477225646 0.0491829346753633
3 0.2695784454529798 0.5411993540340438 0.0418799651536097 0.0364102146721816
3 0.4768651889143759 0.8192805427275427 0.07852679328391084 0.057140885343726924
3 0.8132540675001639 0.7466633921069041 0.05923115626060209 0.04129770934118149
1 0.5725967741314351 0.3627680080760419 0.07427580290255768 0.06958634134309047
1 0.5295114622432028 0.40365609006999675 0.0630654843909035 0.06164657200827239
1 0.5147421233131284 0.45034018606776965 0.06797123920022692 0.06795111600890866
1 0.39637158002921763 0.39273567671863396 0.05341766587924912 0.053724984006999675
1 0.3524479652384277 0.36489194004613423 0.02452877404661713 0.0315227200031817
1 0.3911855722246694 0.4231317013844523 0.05141865626060227 0.04120680267345413
1 0.5534251665970393 0.5070174474060876 0.04834821996293304 0.04273294000636341
1 0.5947049310250095 0.5262401620782692 0.04689484736759475 0.045839758672817865
1 0.6264261569783924 0.4953719700827234 0.03357639183263199 0.022256808004454242
1 0.7082118703179037 0.4892952400938594 0.06446429328391083 0.05697725334181776
1 0.7511459039831676 0.5335270454328136 0.06224702885594056 0.03820907200827221
1 0.7092882753973795 0.6095713774267685 0.06123016587924912 0.05381589067472703
1 0.7341444316579817 0.6504690974299502 0.058050602176918174 0.052217028007635946
1 0.6548289538905003 0.6378321900859051 0.05637897477225664 0.04907384667409058
1 0.6499802519837345 0.7002503740849507 0.05498016587924912 0.05374316534054522
1 0.6028349226723071 0.7590526620782692 0.04059028366526398 0.044204533338636054
1 0.5709400819281342 0.7625861947405875 0.04059028366526398 0.044204533338636054
1 0.6080606252120451 0.81924527474536 0.0402083377489479 0.03326703333863605
1 0.6925001125981733 0.8444367260900414 0.05001984736759475 0.04587612133990859
1 0.49087807049538884 0.7062083780633153 0.0644097295815799 0.05541475334181776
1 0.47807053564899854 0.7419822460614063 0.04209821996293304 0.0426602146721816
1 0.4627729178629837 0.7511754327259518 0.03606647477225646 0.048837489337999786
1 0.4262997045234725 0.7577794213876339 0.03880952885594056 0.03793635200509069
1 0.4307887970817439 0.7968782840547248 0.03880952885594056 0.03793635200509069
1 0.3469123048862922 0.7654459233768162 0.04344246515360961 0.036428396005727136
1 0.38127738120249477 0.7431987533815887 0.04985615626060227 0.04118862133990877
1 0.4200397808396751 0.7350595367202248 0.03880952885594056 0.03793635200509069
1 0.410754060876742 0.6927811300524975 0.048293656260602266 0.041170440006363405
1 0.44095991604888507 0.707970325389861 0.029052582939624472 0.026889764003817974
1 0.42451646051392233 0.6843510120544065 0.05448909255827132 0.03968066534054522
1 0.32602439681159145 0.6816430880410436 0.04689484736759475 0.045839758672817865
1 0.2663468072485449 0.6051982193666349 0.050074411069925696 0.04743862133990877
1 0.24009927657850585 0.5244567493634532 0.05454365626060227 0.041243165340545215
3 0.6311632422802698 0.3626685580839961 0.1158829495445131 0.09818405601527207
5 0.5016914747722565 0.5484375 0.9966170504554869 0.903125