5 0.49937274399268217 0.4614458652541261 0.9987454879853643 0.7771082694917478
4 0.5093364479630926 0.2539781056354793 0.16386360001590833 0.12286212504240898
4 0.7187467159452753 0.3778620058208138 0.15290791868236298 0.120917679126093
4 0.832326863263867 0.4824453236994959 0.12576361600890848 0.06999009618646852
4 0.7077172145926397 0.5203768880347989 0.12265679734245402 0.07144346878180663
4 0.6678092825827766 0.5943972305930703 0.13679202267663584 0.07818454210278443
4 0.8088877212365044 0.6847444336809624 0.08819089067472703 0.062430567330527965
4 0.8268024745783222 0.621644232955323 0.07074885200509087 0.03995536660488845
4 0.5618132739099586 0.643392780500403 0.10241702267663584 0.07698414065150558
4 0.48022691923936794 0.6751363430216075 0.0974204400063634 0.050257949544513104
4 0.5349956878978683 0.7333555815888622 0.09593066534054503 0.05645338584218216
4 0.401411028564641 0.7372395281381504 0.0772715720082724 0.06361112141421188
4 0.33169851257164074 0.6881323947430389 0.08032384667409058 0.057470248818873595
4 0.46453883191441303 0.6139905118960816 0.09611247867599956 0.07207838584218215
4 0.6130410612667303 0.46901777387698107 0.12123974801081765 0.08388890507947586
4 0.31291543395927457 0.2889508502780017 0.14346019334818116 0.11434029691210786
4 0.16117112062382016 0.3098685294040947 0.13401246801399935 0.10776291469812271
4 0.06567571260345745 0.46314235154394606 0.12134883601209034 0.09326390507947586
4 0.2815910665977304 0.4977727787711226 0.12300224267981755 0.10113096878180663
4 0.4182563672820024 0.3633655185195035 0.13244996801399936 0.10770835099579186
4 0.29510922127627537 0.4098362691524756 0.11349997334499946 0.08986608656782166
4 0.39016718260663913 0.4283828833102935 0.09941929201145401 0.08781251324684387
4 0.5332904739417754 0.4101090545470202 0.11357269867918127 0.09611608656782167
4 0.5077353959261852 0.5257985419331485 0.09298747867599957 0.07196925843752063
4 0.3588979065881855 0.5653570936545798 0.10076361600890867 0.06911707694917482
4 0.18567858259073075 0.5526636646133047 0.1022533906747269 0.06292164065150559
4 0.18937519991250404 0.6376562235063121 0.07690794533736342 0.03236112141421188
4 0.2982507605824584 0.6096452961943177 0.041206802673454224 0.05141865626060227
0 0.8378603426161841 0.3424651644436687 0.1825590560152719 0.11882938947037935
0 0.8908024345958214 0.49055543486208875 0.09607611600890849 0.06895338584218216
0 0.7421734832511402 0.5793054547323546 0.057449968013999354 0.10508929328391084
0 0.8138843039067769 0.6580182425739698 0.08820907200827222 0.06399306733052797
0 0.7238860125716406 0.6744369054579941 0.12696248933799978 0.038794659888799286
0 0.6210604572326865 0.7194170779606651 0.06760567067154533 0.03828373920022674
0 0.6231149479233217 0.542854577960665 0.1225840720082724 0.0651934687818068
0 0.6892762972629123 0.4944691524627691 0.15982953333863606 0.044627997637747184
0 0.7571365066040938 0.4343104132625424 0.03964430267345413 0.051364092558271325
0 0.7229433199395482 0.41988581471382125 0.10114542401336309 0.10192957694917482
0 0.6967177219525931 0.32474692950461115 0.14324201734563574 0.09559029691210785
0 0.520418303946548 0.37541659601683247 0.18753745735199914 0.14399308057737184
0 0.613313781269912 0.44558027387698107 0.06942270934118148 0.060213302902557685
0 0.4735518472708665 0.4434324752355927 0.07472837468172652 0.11350199400955016
0 0.48906721192713964 0.5194220563611187 0.1368465666772721 0.08287204210278461
0 0.5325893979153676 0.6045857408446893 0.058830654678545 0.0895188569862416
0 0.5997587165818221 0.6038020016444625 0.0408977200031817 0.024856156260602093
0 0.6555723645767314 0.6393377083605517 0.05061816534054522 0.05487103847458741
0 0.5587968145687772 0.7012871260538993 0.09295111600890867 0.06884425843752062
0 0.5520740998965957 0.7421303808632228 0.07865225867281786 0.048040685116542824
0 0.4966508032304592 0.7401611422959682 0.06484429734245403 0.06942461179556503
0 0.4483133005649592 0.7332588670682247 0.06302725867281786 0.04749504809323426
0 0.4104769458943685 0.7634746459241653 0.06916817067154515 0.038338302902557686
0 0.30658033390359535 0.6991616639803325 0.031849984006999676 0.05265377404661713
0 0.271596806572277 0.6855455972827768 0.04131589067472685 0.06079365626060227
0 0.2751336232893202 0.31447912913394227 0.20663290268936266 0.17433534500534212
0 0.15132340595163857 0.3508209116180798 0.11629770934118148 0.06185021397248338
0 0.020047502307455736 0.40227926261387176 0.04009500461491147 0.04516865626060227
0 0.15250355060473014 0.4507390660645836 0.0851204346753632 0.06700893992586625
0 0.25959843527213916 0.44153270245491993 0.10723179201145401 0.08808533175849824
0 0.3544382205999576 0.4788293166127378 0.046221566677272286 0.07970734736759474
0 0.40247627860441193 0.44435262369164663 0.06502611067790856 0.08504961179556503
0 0.27642176125877616 0.5393427198781151 0.08811816534054503 0.05618056733052797
0 0.1455990225970941 0.507207320873907 0.14925566000954502 0.07549605172143128
0 0.14965017592300353 0.5617311297669144 0.10421588001272668 0.09735120435383653
0 0.025824513964047106 0.5435218215068792 0.05164902792809421 0.0317063569862416
0 0.2884575899109132 0.6459101784083028 0.10997498400699968 0.05538195916315995
0 0.47198770524350414 0.6449676933844273 0.047420440006363404 0.048511911069925695
0 0.4097149719128222 0.6276189914776615 0.06306362133990877 0.05062004809323426
0 0.4082882845719589 0.683115023328827 0.07256589067472685 0.06188493030721922