3 0.20859375 0.58828125 0.078125 0.10546875
3 0.29453125 0.2515625 0.06953125 0.05390625
3 0.6234375 0.2390625 0.03984375 0.04921875
3 0.69296875 0.29140625 0.03046875 0.02890625
3 0.7421875 0.36953125 0.05625 0.03515625
3 0.71796875 0.409375 0.03203125 0.02734375
3 0.4671875 0.19609375 0.065625 0.03984375
3 0.16640625 0.34765625 0.05234375 0.0265625
1 0.4703125 0.65234375 0.05703125 0.05390625
1 0.5015625 0.60390625 0.04765625 0.04765625
1 0.50625 0.55625 0.0515625 0.05390625
1 0.62890625 0.58046875 0.040625 0.04296875
1 0.67578125 0.596875 0.0171875 0.02734375
1 0.628125 0.5515625 0.04375 0.0296875
1 0.45859375 0.51171875 0.03984375 0.03203125
1 0.415625 0.503125 0.03515625 0.03671875
1 0.39296875 0.53984375 0.028125 0.015625
1 0.3171875 0.56640625 0.05078125 0.04375
1 0.26796875 0.534375 0.05390625 0.025
1 0.2921875 0.45234375 0.04921875 0.040625
1 0.2609375 0.41953125 0.0453125 0.040625
1 0.3375 0.41171875 0.04453125 0.03671875
1 0.32890625 0.3515625 0.04296875 0.04375
1 0.3609375 0.284375 0.03046875 0.03671875
1 0.390625 0.2734375 0.03046875 0.0375
1 0.34453125 0.22890625 0.03203125 0.0234375
1 0.26015625 0.225 0.0390625 0.034375
1 0.47734375 0.30703125 0.053125 0.040625
1 0.48203125 0.26953125 0.03203125 0.03515625
1 0.49453125 0.2578125 0.02421875 0.04296875
1 0.52734375 0.24296875 0.0296875 0.03046875
1 0.51484375 0.20625 0.03125 0.03046875
1 0.6 0.215625 0.03515625 0.0265625
1 0.571875 0.24453125 0.04140625 0.0296875
1 0.53828125 0.2625 0.03125 0.03046875
1 0.5546875 0.3 0.0390625 0.0296875
1 0.52421875 0.29296875 0.02265625 0.02109375
1 0.54375 0.31171875 0.046875 0.02734375
1 0.6359375 0.290625 0.03671875 0.03671875
1 0.7078125 0.34765625 0.0390625 0.0375
1 0.74921875 0.41796875 0.0453125 0.02890625
3 0.4140625 0.6671875 0.09296875 0.071875
5 0.490625 0.45390625 0.84765625 0.69296875