4 0.35952238182851975 0.4199529237686154 0.12897209765100204 0.08723215988879929
4 0.6139969331613033 0.4483507753973795 0.13508570533113406 0.08276291469812272
4 0.5788383346523714 0.5275099965414389 0.10967652837152997 0.06782739546082901
4 0.8276515708623178 0.6563889978073834 0.0961141335443795 0.08452382213985139
4 0.31231006419840024 0.5408358534428626 0.09418792069139795 0.07196925843752063
4 0.22003764766363737 0.5883432813030113 0.09226170783841647 0.05941469473518968
4 0.5609354323033735 0.6096131684111379 0.08155152837152997 0.06684524881887377
4 0.734870688967291 0.7132441438163666 0.09740384890464338 0.07520338584218215
4 0.5742741697669611 0.7193428324762884 0.0766821719450391 0.06043155771188111
4 0.4056007261143096 0.6892584844757214 0.07489235141192588 0.05256449400955017
4 0.5445806580884787 0.664454435834333 0.05260817445232178 0.03773810217691818
4 0.3029698196086766 0.6489930938242157 0.060966243731793844 0.05676092068857237
4 0.1315457975053528 0.5243774958236488 0.09198892319868043 0.050039694735189676
3 0.4690254139609734 0.4549951010806099 0.12437552586424747 0.09019346878180663
3 0.4207075859060126 0.5110615626060225 0.11187552586424747 0.08975695916315996
3 0.29718751788018166 0.4770908119730503 0.09455163354437941 0.08446925843752044
3 0.1474830345732291 0.48200894654928816 0.10668792069139799 0.0724057680561673
3 0.738957480733163 0.5050050578815171 0.049710494985435005 0.04544147477225664
3 0.6561138884924373 0.5278671498068163 0.048238923198680436 0.048511911069925695
3 0.7511739873970807 0.6029886900955022 0.0957049565847754 0.07046132213985139
3 0.6311941080093364 0.6370412531648609 0.10177310015828453 0.06442957694917481
3 0.6074694515037034 0.5995313294810635 0.08913670783841657 0.05930556733052796
3 0.5660260975844951 0.5699876732204613 0.10811402837152997 0.06777283175849824
3 0.5069442657686106 0.6584574069783924 0.04006271034569906 0.035739092558271325
3 0.5128185295586641 0.5384722891923776 0.036892246239076346 0.03406746515360979
3 0.2479496989964209 0.6088293960938012 0.06975021034569898 0.036775802902557685
3 0.34101773739708063 0.5886657182336525 0.07797188730530316 0.05111112141421188
3 0.3517566605957611 0.6358681004476378 0.08596624373179385 0.057633939925866254
3 0.4948414193712497 0.5643800247644073 0.03992631802583091 0.031051592558271324
3 0.4967258312871591 0.709610679210911 0.060966243731793844 0.056760920688572546
5 0.5027733105039836 0.5516171299365504 0.994453378992033 0.721984259873101