3 0.6408086378259167 0.7775763859619916 0.11555556733052796 0.08946369480442443
3 0.2894073397326825 0.7211720219173926 0.06355655771188111 0.07606366801906325
3 0.24176592558271395 0.3866430633132504 0.05465278366526398 0.04467730032431154
3 0.28758436787083286 0.3107975836057898 0.032395837748947984 0.033357970779006776
3 0.3614286064380875 0.2540060669666983 0.041135920688572546 0.06005683847375849
3 0.4044072801218849 0.2759259314150392 0.030887901451278843 0.03489319724005648
3 0.21538201877395755 0.5489209208617323 0.04776786660488845 0.07110343262955983
3 0.4007218403656547 0.8419600344992944 0.031597229581579886 0.055205697240056396
1 0.6782168354715132 0.5056644297934814 0.05994048439090349 0.061946620941162676
1 0.6248909388295578 0.4784530933483177 0.05336310217691818 0.05246252678536116
1 0.5764261569783924 0.4785173230557783 0.059776793283910834 0.05725912094116268
1 0.5884127470895931 0.3516684508967997 0.04840278366526398 0.044568206168510205
1 0.5999479586150057 0.30143662581572184 0.030342264427970278 0.019268197240056396
1 0.558779810791924 0.3537491481368562 0.03595734736759475 0.04591251785690744
1 0.5368205091553107 0.5308025718379623 0.037410719962933214 0.04281479139585791
1 0.5320710109694092 0.5738804159937636 0.041989092558271324 0.039771612012708776
1 0.5718974028020412 0.5950735775200051 0.018224210344286184 0.02998750892845372
1 0.6065477105139223 0.6695144699715232 0.04878472958158007 0.05550570616851012
1 0.580250594542006 0.7223491436726294 0.030143856986241602 0.058303423701106284
1 0.4944122982628702 0.7043043015454228 0.04560516587924894 0.05388865909060954
1 0.46358144971414905 0.7392384090939048 0.04549603847458741 0.050763659090609536
1 0.4475992964487718 0.6621264841749828 0.04231647477225664 0.04914661201270896
1 0.38712558791858404 0.676471402194046 0.048511911069925695 0.04769320616851012
1 0.31504969127662863 0.6495873482162864 0.040262901451278844 0.03505683847375849
1 0.3023215127835078 0.620885649758414 0.040262901451278844 0.03505683847375849
1 0.2618800512580951 0.671622035310073 0.026200401451278842 0.034811376623205346
1 0.26722480488629224 0.7575186250016477 0.038973219962933035 0.0428420649348082
1 0.3264732861971527 0.529002112826783 0.045714293283910835 0.057013659090609535
1 0.28813747249482186 0.5281078145310664 0.03870040145127884 0.03502956493480802
1 0.2744469947273404 0.5166208896121443 0.046294646641955414 0.028915932629560003
1 0.25611365697839245 0.484108398540598 0.033958337748947985 0.033385244317957155
1 0.219940544001701 0.500374326705931 0.033958337748947985 0.033385244317957155
1 0.22079122667117307 0.41280614285855516 0.03255952885594056 0.038045470779006864
1 0.2529688096107976 0.4388231720795483 0.03590278366526398 0.04435001785690744
1 0.27445442921091107 0.4720623660731939 0.033958337748947895 0.033385244317957155
1 0.3104638510806099 0.4511089379078609 0.03584821996293304 0.042787517856907445
1 0.30689490697839245 0.4832220085247119 0.024310519237293705 0.025409103084255237
1 0.32409976514576044 0.461033362826783 0.032941474772256465 0.04898297077900686
1 0.29275550670824 0.36933678652788915 0.04204365626060227 0.04133411201270887
1 0.3423983534428626 0.29107937297305275 0.04215278366526398 0.04445911201270887
1 0.410292692372937 0.24299070048976262 0.03450397477225646 0.049010244317957155
3 0.6989311287554241 0.5615871473260773 0.08317957694917481 0.10139095048646744
5 0.4740923306621898 0.5029736266265007 0.7974902021612198 0.9258640340856668