5 0.5001090843089554 0.49595996753589117 0.9997818313820892 0.9518300649282176
4 0.41501750858420705 0.2912236489476351 0.18837267447164335 0.15327282467404083
4 0.6716311229473917 0.3492507885597793 0.17741699375348396 0.14995690990138844
4 0.8236163246445939 0.41926150528159634 0.13958974082661796 0.09305234496658024
4 0.7092043667008758 0.49548486039444634 0.1395988311856975 0.09461484496658024
4 0.6933026316297946 0.5824899825534249 0.15370678298109547 0.10267280681713338
4 0.8693656827612628 0.6278592094215117 0.10200792759490156 0.07833528003177222
4 0.8658497973208391 0.5607262564994123 0.07842498184962743 0.05292617694751698
4 0.6031412399428551 0.6637593478125445 0.11774201190385672 0.09735801542127547
4 0.5308076976901814 0.7204963173737354 0.10662270472226432 0.06591710064862308
4 0.6068434777444107 0.762923550734644 0.10666815651766229 0.07372960064862326
4 0.4727139174395605 0.8074565750843732 0.09107042759490121 0.07814436525911965
4 0.3842690409761273 0.7808725300350673 0.09260565651766246 0.07348413879807011
4 0.493766239942855 0.6656684955390684 0.10988406010845857 0.08940914772652384
4 0.5950009661351416 0.47325707873782114 0.13652837334017515 0.10393529788867965
4 0.22805383976990443 0.3866839736216759 0.16798745159900638 0.14041826866768642
4 0.07921233967170857 0.4541323465914333 0.15387949980360827 0.13236030681713337
4 0.059931595427245174 0.6318306525977878 0.09434996369925477 0.10476141233702041
4 0.2668310352205907 0.6055606586868677 0.14132495764913058 0.12276711850553071
4 0.3595583698241337 0.4281429963498473 0.15231699980360833 0.1323330332781829
4 0.25066515885535345 0.5128646440763711 0.1318772347764936 0.1101034772718286
4 0.3537447070599554 0.5032520905056487 0.11622496369925468 0.10514324188232518
4 0.4940151830558503 0.43985997200011806 0.13191359621281204 0.11635347727182861
4 0.5072424117822197 0.5646417836885153 0.10832156010845857 0.08938187418757337
4 0.36866170081343946 0.6498816286550956 0.11613406010845857 0.08951824188232518
4 0.18841111943135025 0.6905317224038598 0.11608860831306052 0.08170574188232518
4 0.22093324882164964 0.7743476148553778 0.08621021077238851 0.048375044642268605
4 0.32292701999708434 0.7124049480541307 0.05032725292686626 0.057122753246410876
0 0.7806016019683487 0.27781039083325554 0.20555108411256368 0.15201033360249455
0 0.8860572373105764 0.40801431372358277 0.10986587939029917 0.08628414772652385
0 0.7657407130118837 0.5437217629922341 0.07723518657189174 0.1169614034085665
0 0.8660816014773693 0.6005700064994123 0.10045451795398072 0.07987050649282175
0 0.7796128363520589 0.6450524379111562 0.13784543364502538 0.061775071427629946
0 0.6894241735878806 0.721634303170276 0.07685339149054773 0.05133640340856651
0 0.6305799178323439 0.5452996741114384 0.13486587939029934 0.08672052434972918
0 0.6817424420328407 0.4756496473260773 0.17072156615858275 0.0732853157455871
0 0.7297163337197803 0.39511666761861675 0.048773843285945875 0.05865797970746058
0 0.6898407674630016 0.3903433928618504 0.11943177693097126 0.11926028896022585
0 0.6307379573545429 0.30386615057248817 0.16476245764913067 0.12317622158978576
0 0.4680475806947181 0.4082787353927987 0.2181965298578376 0.17722852191409721
0 0.5870521107489475 0.44995594643257275 0.08010565651766247 0.07326595048646745
0 0.4443106197259379 0.491513975246529 0.09604881908544911 0.1282261858759707
0 0.4861350262436003 0.5626662264643449 0.15217155405833438 0.10733303327818292
0 0.5607764779408024 0.6340269833642038 0.07559087334017515 0.1028716298696164
0 0.6286270532727676 0.612528084419864 0.04549430718159222 0.03204093262955983
0 0.6974906827612627 0.6308592987060491 0.06131020472226432 0.06512616801906326
0 0.6206741735878806 0.7228343388840909 0.10673178903121965 0.08466710064862308
0 0.62717415846257 0.7656939947282895 0.08942611436318479 0.06405459172016936
0 0.5702292668738264 0.781533228899977 0.0770170179539809 0.07946140340856651
0 0.5187031283101449 0.7886832556853381 0.07221134328594588 0.05906708279171582
0 0.49004686318483437 0.8321565661559195 0.0768352107723885 0.04821140340856687
0 0.362498580105543 0.7992231095803721 0.040961343285945875 0.05852161201270896
0 0.3218508542078439 0.796025971593081 0.05351588544042354 0.06811480032431146
0 0.19701746320827546 0.4239481944006827 0.24028060811666876 0.21354785145940197
0 0.08337766490547767 0.4985954127440575 0.13016019867214013 0.08351370373287814
0 0.11912024306611302 0.5987630081176748 0.09733860831306052 0.08137845941492117
0 0.22512934855050312 0.5555021574690517 0.1256272347764936 0.10999438311602709
0 0.33456343588452064 0.5637492597425279 0.061437469749379046 0.08700116801906325
0 0.37177708957351274 0.5138759448077197 0.08181360226293632 0.09829322402541756
0 0.27645602009528025 0.6483657674531657 0.09884656615858275 0.07203073295387127
0 0.13196113153159866 0.6571385698060721 0.16620678298109554 0.10289099512873605
0 0.1549264537403057 0.7098681034912921 0.12253859621281209 0.11618983603812652
0 0.3255025741536146 0.7522077877457052 0.12073974687674198 0.07553756249917623
0 0.5118986164062882 0.6934798498411394 0.056568162567786476 0.05566934740221221
0 0.44237191158582795 0.6954747723244296 0.07379202400410509 0.06221935633066593
0 0.46066791451269423 0.7514111266265007 0.08481133723582168 0.07647277110331832