5 0.50703125 0.5234375 0.98515625 0.67109375
4 0.50234375 0.72890625 0.153125 0.10703125
4 0.28359375 0.6140625 0.14375 0.10546875
4 0.1625 0.5140625 0.1203125 0.05625
4 0.28359375 0.47109375 0.11875 0.05859375
4 0.31796875 0.396875 0.13125 0.0640625
4 0.16953125 0.3125 0.084375 0.05234375
4 0.15703125 0.375 0.0671875 0.0328125
4 0.41953125 0.34453125 0.09609375 0.0671875
4 0.49765625 0.3109375 0.09296875 0.03984375
4 0.43828125 0.2546875 0.09140625 0.04609375
4 0.5703125 0.24609375 0.0734375 0.05625
4 0.64453125 0.2921875 0.0765625 0.05
4 0.51796875 0.3703125 0.090625 0.0625
4 0.38125 0.5203125 0.1140625 0.07109375
4 0.69453125 0.68828125 0.13515625 0.1
4 0.84375 0.66171875 0.12578125 0.09375
4 0.92734375 0.50703125 0.115625 0.08203125
4 0.709375 0.4796875 0.115625 0.0890625
4 0.584375 0.61796875 0.12421875 0.0953125
4 0.703125 0.5671875 0.10703125 0.07734375
4 0.60703125 0.5515625 0.0921875 0.0765625
4 0.46640625 0.575 0.10546875 0.08359375
4 0.48203125 0.45859375 0.08671875 0.06328125
4 0.62734375 0.41484375 0.096875 0.06015625
4 0.80078125 0.421875 0.0984375 0.05234375
4 0.78984375 0.3375 0.075 0.02578125
4 0.68359375 0.36875 0.03671875 0.0453125
0 0.16796875 0.65234375 0.1734375 0.09921875
0 0.103125 0.50859375 0.08984375 0.05859375
0 0.24453125 0.41484375 0.04921875 0.1
0 0.16640625 0.33828125 0.0828125 0.05390625
0 0.25546875 0.31953125 0.125 0.02578125
0 0.35390625 0.27109375 0.065625 0.03125
0 0.36640625 0.44609375 0.11796875 0.053125
0 0.30390625 0.496875 0.15703125 0.02890625
0 0.24140625 0.55859375 0.03515625 0.04765625
0 0.2765625 0.571875 0.0921875 0.09140625
0 0.3109375 0.66484375 0.13671875 0.08125
0 0.48203125 0.609375 0.17734375 0.1234375
0 0.38359375 0.54296875 0.0640625 0.05390625
0 0.52265625 0.53984375 0.06640625 0.1046875
0 0.50078125 0.465625 0.1296875 0.06875
0 0.45078125 0.38203125 0.05078125 0.08359375
0 0.384375 0.38515625 0.0390625 0.0203125
0 0.32578125 0.35234375 0.046875 0.05
0 0.41640625 0.2875 0.0875 0.059375
0 0.4203125 0.24609375 0.075 0.04140625
0 0.47578125 0.24609375 0.059375 0.06171875
0 0.52421875 0.25234375 0.059375 0.03984375
0 0.56015625 0.2203125 0.06640625 0.03046875
0 0.66796875 0.28046875 0.02734375 0.05078125
0 0.70390625 0.29296875 0.03828125 0.05546875
0 0.73046875 0.6609375 0.1921875 0.15390625
0 0.85078125 0.62109375 0.11171875 0.05
0 0.9796875 0.565625 0.03984375 0.04140625
0 0.8421875 0.521875 0.0796875 0.05625
0 0.7359375 0.534375 0.10078125 0.078125
0 0.63828125 0.5015625 0.04140625 0.07421875
0 0.59296875 0.53671875 0.05859375 0.07890625
0 0.71171875 0.4375 0.08359375 0.04609375
0 0.84375 0.46484375 0.14453125 0.06015625
0 0.83515625 0.41171875 0.09609375 0.08671875
0 0.9671875 0.425 0.065625 0.0265625
0 0.690625 0.33203125 0.10546875 0.04453125
0 0.5078125 0.33984375 0.04296875 0.0421875
0 0.57109375 0.35546875 0.06015625 0.04375
0 0.56796875 0.3 0.0671875 0.0546875