4 0.63671875 0.60859375 0.115625 0.06484375
4 0.39296875 0.55078125 0.1234375 0.05859375
4 0.4421875 0.478125 0.09921875 0.04765625
4 0.22265625 0.32265625 0.0828125 0.06875
4 0.7046875 0.496875 0.08203125 0.05546875
4 0.80390625 0.4625 0.08359375 0.04375
4 0.47421875 0.40078125 0.071875 0.053125
4 0.32265625 0.2796875 0.08515625 0.05859375
4 0.48125 0.2921875 0.06875 0.0453125
4 0.63984375 0.3421875 0.06640625 0.03984375
4 0.5 0.34921875 0.04765625 0.0265625
4 0.734375 0.39296875 0.0515625 0.04609375
4 0.878125 0.53515625 0.08359375 0.0328125
3 0.5359375 0.56171875 0.1109375 0.06796875
3 0.59375 0.51328125 0.09921875 0.0703125
3 0.7078125 0.5609375 0.08125 0.0671875
3 0.85546875 0.57421875 0.0953125 0.05390625
3 0.28125 0.48046875 0.0421875 0.03671875
3 0.365625 0.46875 0.03984375 0.03984375
3 0.28671875 0.38359375 0.084375 0.05390625
3 0.41015625 0.36484375 0.0921875 0.046875
3 0.42734375 0.4046875 0.07890625 0.0421875
3 0.4625 0.43828125 0.09921875 0.04765625
3 0.53515625 0.36015625 0.03515625 0.0296875
3 0.50859375 0.475 0.03046875 0.02734375
3 0.7796875 0.4390625 0.0640625 0.02578125
3 0.6859375 0.44765625 0.06953125 0.0375
3 0.68359375 0.4 0.07734375 0.04296875
3 0.53046875 0.45234375 0.03515625 0.025
3 0.55546875 0.31171875 0.05234375 0.04609375
5 0.5171875 0.46328125 0.9046875 0.540625