3 0.7744800265735671 0.8285095344678721 0.11116322930778519 0.09746033175849825
3 0.7311615530315331 0.5499281774816305 0.13509205223856355 0.107653787293461
3 0.5956833192011922 0.7604341131463276 0.09307497060135787 0.07967263103285874
3 0.5126705026019918 0.5970858865599724 0.0879780348257091 0.07169643992586625
3 0.46534180122251084 0.5891716936388812 0.07588747060135788 0.07907243030721922
3 0.7721882654922906 0.6930259022538869 0.09019563206674697 0.0842510036281972
3 0.49544097976207035 0.7765005680483181 0.10754026232447203 0.11760914065150559
3 0.3693720454567596 0.9568105722246694 0.11009869629109836 0.07714783175849824
3 0.4206490196761621 0.7848462921876025 0.11099281094499087 0.1239682680561673
3 0.36460705959025386 0.7938467807548572 0.08377521370395291 0.11054068511654265
3 0.42221592096478605 0.6205382555271136 0.0889673247398008 0.060813503628197194
3 0.15644707881213066 0.7036136172378606 0.09513543758467109 0.05946925843752062
3 0.06137691825125256 0.6807266995445131 0.06248671189493058 0.06144842068857237
3 0.21534512324877814 0.5953125331171097 0.07942190637700666 0.08699405771188111
3 0.3116469131628699 0.6096329826616229 0.09373006784239583 0.09217263103285873
3 0.45038626583097485 0.45637655180624925 0.13187852103089917 0.13561509618646853
3 0.7928205065587207 0.2844048704027216 0.09397572930778501 0.09686013103285873
3 0.7200890134561256 0.31317222194666766 0.11510710085908257 0.11319445916315996
3 0.6759162895754075 0.25997281087674196 0.10968261646291495 0.09896826805616729
3 0.7139286239261468 0.16189989862568996 0.09101450361804453 0.09987600362819711
3 0.6117442469477823 0.3195635764858386 0.06980124491161739 0.08197917549789598
3 0.5245551854369646 0.2359028498994835 0.09092597241038014 0.12794643992586624
3 0.46700495703369055 0.303551652169069 0.12085913387576941 0.13367065027015243
3 0.43485195556335243 0.12554321405730134 0.07679487336031983 0.06662699400955026
3 0.3910466446183616 0.2445461852013608 0.10597776232447184 0.11755457694917482
3 0.31066534656366945 0.4491493504476377 0.05820864767057934 0.06909722958157989
3 0.2910057010407967 0.24183535825218602 0.09158771370395283 0.11081350362819711
3 0.1356631037997587 0.24893355172143128 0.10367827792830413 0.10343751324684387
3 0.22621950474969837 0.31314487386128265 0.08550148801421242 0.11372024881887359
3 0.12201228233931824 0.43473464246560417 0.050894114653892555 0.04856647477225664
3 0.1883366451841885 0.43861609981466554 0.07416119629109837 0.07589286660488845
1 0.5783508135469827 0.4788468072485449 0.08099105042954129 0.057415685116542645
1 0.5918577928547678 0.38539690761136464 0.09759869629109837 0.07671132213985139
1 0.5580836584131715 0.3129936287554241 0.07827548620519006 0.06511905771188112
1 0.6499612991863459 0.21758441423478656 0.06232293758467104 0.05832342068857255
1 0.6542670188831925 0.16529522793711743 0.10532930913596843 0.07542164065150563
1 0.5062622088427128 0.25639639917384416 0.06002345318850324 0.04420635698624169
1 0.6154402142697798 0.11463053982534976 0.07194359905006031 0.06333830290255764
1 0.3424099915207154 0.45573665634542027 0.04620661465389251 0.04840278366526398
1 0.27146340569963806 0.3757738486335392 0.05509029172311406 0.03935516587924912
1 0.11640076944901948 0.34766122840045355 0.05369156603337353 0.042425602176918174
1 0.32911985470426985 0.23142613710812654 0.050730340343632996 0.04544147477225646
5 0.5 0.5 1 1