4 0.6501332244357501 0.5665371365770496 0.12808981818121906 0.08897268801718106
4 0.3971036818220763 0.5640137626114117 0.1358477711033183 0.08593859468490823
4 0.43214292938644433 0.4808103639401846 0.1089852621748646 0.06844201201463562
4 0.18401116680454255 0.3766881273074557 0.09834777110331841 0.08550224267981754
4 0.696051470782302 0.44180930923777717 0.09500458279171564 0.07296588001272682
4 0.7876310446455641 0.3860672918921413 0.09325116801906326 0.06201019867918127
4 0.4491997901813371 0.3985973006047301 0.08242276217486459 0.06813292934436319
4 0.27497313190150646 0.3115802006285927 0.09977390340856669 0.07770792401336309
4 0.4354839379078609 0.28940411394018456 0.07759889448011278 0.06026588534372683
4 0.6023850657488824 0.30386496125082196 0.07436480032431163 0.05397952267663584
4 0.4650253875835494 0.34217457793604844 0.05221706493480802 0.038099984006999675
4 0.7057594817393508 0.3331246525700499 0.06191934740221221 0.056959072008272396
4 0.8757116972433518 0.441280955880051 0.08996252678536151 0.052598836012090366
3 0.5411809642894804 0.5435910799252307 0.12658186525911966 0.09207950668363551
3 0.5883247455390684 0.48289848058564006 0.11408186525911965 0.0919340560152719
3 0.7105855292242885 0.5041274959023226 0.09678527110331832 0.08548406134627218
3 0.8601042881527423 0.4852036785487327 0.10753185633066593 0.07467383068109026
3 0.27211336445163614 0.5201648599618199 0.050790932629559825 0.04589430267345414
3 0.35389519846116774 0.4887506806174568 0.04928297970746058 0.04900112133990877
3 0.25975546063603233 0.4226722419637289 0.09656708279171564 0.07298406134627218
3 0.377720256496117 0.37677739194782056 0.10270798863591431 0.06680678668045399
3 0.40209296510025927 0.41242399061109347 0.08694662094116268 0.058812473344999464
3 0.44461170170757863 0.4377052539385938 0.1089852621748646 0.06844201201463562
3 0.5017032272751238 0.3440910665977305 0.03968979139585791 0.036392033338636144
3 0.49647816477594764 0.4644399292648213 0.03653751785690744 0.034793170671545325
3 0.7598196903434928 0.36842580589595936 0.06940456493480802 0.03829997867599957
3 0.6679225166423868 0.3976144139083678 0.07746252678536117 0.05245338534372675
3 0.6562407228108971 0.3508848645767314 0.08697389448011279 0.06037497334499946
3 0.5141429517075786 0.4368961845958214 0.039607970779006865 0.03170453333863606
3 0.511978254060485 0.2924194785964578 0.06191934740221221 0.056959072008272396
5 0.4991817938314898 0.45039561059836675 0.9983635876629796 0.7365633281349029