3 0.7947263433095668 0.6949179718372637 0.11013368676785777 0.10150085779368574
3 0.7311718151721275 0.43752197176667645 0.13557935574121877 0.11389444198043534
3 0.6161676031953986 0.6585540795603622 0.09387201680591399 0.08496580517696728
3 0.5229653843357686 0.5166766636765247 0.08724001482874755 0.07522678413027979
3 0.4770308018262545 0.5154550688958442 0.07499468281352506 0.08074874203690499
3 0.7820101204956041 0.5670582823464899 0.09087435079830275 0.08790879465362345
3 0.5205858477581911 0.6898411478915092 0.10783635771838504 0.1216313472703419
3 0.4129776417129613 0.8823842346385075 0.10943334980971961 0.08431335779368573
3 0.45041792779624723 0.7095158820359064 0.11271485870696818 0.12659186305535747
3 0.3959068413324005 0.7274993135635852 0.08720552273741307 0.11263577886860805
3 0.43809829441188075 0.5527954451759686 0.0883568458553869 0.0643802893919517
3 0.18842460517256493 0.674114521258449 0.09304434585538686 0.06465330517696728
3 0.09440269114212008 0.6671203395895958 0.06498301285158128 0.06457771046687384
3 0.23666312840426956 0.5614101239316371 0.08000051779449713 0.08883425782192056
3 0.33025396091378356 0.5598560582313261 0.09281885277546911 0.09737479991529555
3 0.45243666152180584 0.3921841688676094 0.13197419467652338 0.14018392619541978
3 0.769179787034688 0.17421062968741916 0.09450868676785795 0.10059080517696728
3 0.7020904461222169 0.21397035067763684 0.11545785672980173 0.11739887357870131
3 0.6555947895061459 0.16913526378946414 0.11026102076024671 0.10462585779368574
3 0.6845739767682953 0.07002292960271457 0.09144735376405215 0.10197129465362353
3 0.5967344426621759 0.2364739532096507 0.06880834980971962 0.08194722099021767
3 0.5066625409890207 0.17079501627912574 0.09409219269935694 0.1286247999152954
3 0.45617310965837027 0.24310192676011716 0.12247186068413445 0.13651289462538863
3 0.41142297825117013 0.07891760039528814 0.07611151384016442 0.0699022472985769
3 0.3784911200384936 0.19852444510538142 0.10627385771838496 0.12154034200867021
3 0.3169939100389311 0.40708737400222433 0.057425180836358794 0.07037268415851479
3 0.2812977850575217 0.21197927132903605 0.09501802273741297 0.11309080517696728
3 0.13190528011460576 0.24406227118786172 0.10413835475263547 0.10738683674699834
3 0.22508493574209365 0.2908547002258789 0.08570668973360744 0.11410727360693614
3 0.13392674205415356 0.4239849896178306 0.05191000988583174 0.04978716837349921
3 0.19814840954463953 0.41634752388928487 0.07330484882113639 0.07753273677523324
1 0.5770864930427366 0.3934974979338614 0.08048067885919252 0.062362763083592475
1 0.5831547623201085 0.30195474004135364 0.09843218281352506 0.08211382096198286
1 0.5459850261602731 0.23865037421398583 0.07910917984777566 0.06695925782192055
1 0.6266858809129084 0.1326286163920652 0.061667011862997965 0.05970819994353027
1 0.6264113082892262 0.08198387428457296 0.10305601581733086 0.08082433674699833
1 0.49017803654039643 0.19279881889584422 0.059531508897248564 0.045554694681858444
1 0.5844439841826692 0.04078202161138475 0.07136034684397004 0.06806673151356137
1 0.3473353260465424 0.4084377713996233 0.0456600098858317 0.049423147326811724
1 0.2736378408752899 0.3425845292215438 0.054716674904859805 0.04215667889684287
1 0.1217079263505535 0.3413012922345492 0.05165534190105418 0.04353716837349921
1 0.31702703802327115 0.19586915294141946 0.05028384288963732 0.0481336631118273
5 0.5 0.5 1 1