5 0.5 0.5 1 1
4 0.8577725531603899 0.7241817385569315 0.1222489212654743 0.115839858706968
4 0.7795542755642499 0.5428627543742622 0.08639324188232518 0.11906301779449713
4 0.7388610917168741 0.5406118462753163 0.09563187418757338 0.1116325197716634
4 0.680218523128618 0.6297817756288004 0.10972164772652385 0.11376802273741297
4 0.6149401708551417 0.7418944564651593 0.10344437418757338 0.11195085475263547
4 0.46907429179630433 0.805691654107432 0.09579551542127547 0.1210075197716634
4 0.3395328421206159 0.8641328482896637 0.09258869480442451 0.11619268577927463
4 0.39546742207295776 0.7094015859323741 0.1035534683433749 0.11820085475263546
4 0.47306454220334143 0.6311864026245573 0.1018273271096728 0.1087621877564409
4 0.6071980344927036 0.5670854574537424 0.10931254464226861 0.09033052273741297
4 0.5405230032431156 0.5096032212939069 0.10958528003177204 0.10595552273741297
4 0.7816331984545772 0.43801608688377625 0.13186938311602728 0.13028436068413463
4 0.7056865328711458 0.2972584357049126 0.10646028003177221 0.10582818874502423
4 0.6613716968330193 0.17710244460216118 0.10695120373287814 0.1339531887450242
4 0.5466546318982112 0.14425013532435177 0.10651482710967279 0.10895318874502422
4 0.3983477711033184 0.06820358296662457 0.1001011858759707 0.09932352076024667
4 0.39462452759614014 0.16842641745330494 0.08154210064862308 0.10949701680591395
4 0.6363382893639676 0.4001552840317574 0.11402731818121907 0.09208402372599629
4 0.5678240685849609 0.3716747983662135 0.11106595941492117 0.10133168973360736
4 0.563267207790068 0.2897708823586022 0.08751936525911966 0.0941266847906915
4 0.4702302739426921 0.2896528186321685 0.09075345941492116 0.10050401878308027
4 0.41238436647364046 0.514042664981847 0.06923301542127547 0.1199251808363588
4 0.4373592727248761 0.33242790905034797 0.07164890340856651 0.07942751482874763
4 0.44731669967239307 0.41020274057127876 0.07512845941492116 0.0998673488211363
4 0.3155330913131323 0.2506115177573161 0.08126936525911965 0.09387201680591399
4 0.36405636606989866 0.20876225737719273 0.04864778003177204 0.1034725098858317
4 0.192313779624735 0.26814121045667305 0.09708528003177212 0.10544618676785786
4 0.06791952597128703 0.3975169871484187 0.07175799756436803 0.08567751482874772
4 0.04488362621616835 0.19753157460084864 0.07159435633066598 0.07630251482874764
4 0.07646050324311558 0.5285123191636412 0.087301176947517 0.08162668479069168
4 0.14371400730030537 0.7087144723196712 0.09061709172016937 0.09269151878308043
4 0.2222014715864904 0.6367174555137571 0.09848413879807012 0.09613485376405215
4 0.3126043291349724 0.6650878532325797 0.08573867694751698 0.08156301779449712
4 0.24427924877888874 0.513074367072744 0.06704322402541774 0.08392401384016442
4 0.2429292086008469 0.4357306170727441 0.07499209172016937 0.0920548488211363
4 0.27852578936396766 0.4147350261602731 0.08450345941492107 0.10024935079830274
4 0.31556609334172714 0.3420814347535105 0.08444891233702041 0.09712435079830276
4 0.31666671752930065 0.44992576825160774 0.09398755357072242 0.1068813527754692
4 0.36807525892515847 0.4837940908752899 0.04187958279171564 0.07353034190105419
4 0.3921343218313717 0.4288691689361797 0.0879284683433748 0.1175641847906915
4 0.3848923863591428 0.6410335879095405 0.08524775324641087 0.053438017794497125
4 0.3145059740221224 0.5500849357420937 0.0846125535707225 0.10649935079830275
4 0.16118433075982547 0.4554793843729497 0.07326595048646736 0.0826161818249421