5 0.5 0.5 1 1
4 0.8045758904800355 0.7641756226257538 0.12293096656499998 0.11810364474715093
4 0.757079375378056 0.5716456743211648 0.0871025693385418 0.12111732878371625
4 0.7177441184442019 0.5617462894988112 0.09782186379145834 0.1122517510334573
4 0.6452891966164589 0.6409843333363394 0.11351959897381966 0.11610449710451576
4 0.5615883034740632 0.7410806867271617 0.10567073138263901 0.11417812406898661
4 0.4068650890932646 0.7803530101341944 0.09651393692972228 0.12311647642635144
4 0.2692930071212854 0.8172623128630627 0.09324346656500015 0.11672092721213971
4 0.349595490119445 0.6719626213828994 0.10577983415618064 0.11886562406898663
4 0.4396015878589935 0.6075490568672068 0.10243662860909737 0.10934507485477489
4 0.5833145670574311 0.5656611557099149 0.10981271751493064 0.0909589478903042
4 0.5269723416587156 0.4971145169586199 0.11173889342673604 0.10665672249741007
4 0.7781166143601392 0.467429055214577 0.13419577488562523 0.13267556699689215
4 0.7260787228332642 0.3149975680348585 0.10861389342673604 0.10651117328319834
4 0.7027658965608683 0.18703738792723468 0.10926851006798621 0.13463617328319827
4 0.5952066632783681 0.13573606121043297 0.10712412860909737 0.10956339867609244
4 0.4614654832825 0.042773889165579754 0.1006922906531944 0.08554777833115951
4 0.4402827739356946 0.13278449731391287 0.08219686379145834 0.11152400496239871
4 0.6413601903481949 0.40497405872923353 0.11609908510611114 0.09281254631872748
4 0.5778418977951392 0.3641350430134679 0.11326502583555556 0.10516699710451594
4 0.5876695330537502 0.282339233460174 0.08804682028847229 0.09462760339082213
4 0.4950274381639933 0.2671016852794196 0.09135365824437507 0.10258565260503386
4 0.4006819453821879 0.4810978728306415 0.0714775693385418 0.12038958271265762
4 0.4552025251699655 0.30336882506417184 0.07213087955902786 0.08139985731976358
4 0.451588522320174 0.38331103618904233 0.07572865824437507 0.1018579065339753
4 0.3488050951740974 0.20117708643671137 0.08179682028847228 0.09433650496239876
4 0.40434592714607653 0.16808845058090052 0.049275261017916704 0.10530823821317573
4 0.2243863234226043 0.198368917701627 0.0977127610179167 0.1075642510334573
4 0.07905759925815999 0.30524611807313057 0.07383884992375007 0.08772263192686944
4 0.09075424620027786 0.10213823469851906 0.07202177678548619 0.07671235731976359
4 0.06572441071291704 0.4380415014477421 0.08779224715020839 0.0836901033908223
4 0.10144762442812554 0.6287735093056249 0.09273432028847228 0.09484592721213972
4 0.19238044253239633 0.5705735574863793 0.10061955547083343 0.09833480024766886
4 0.2763021540634033 0.6143727533097689 0.08619337955902787 0.08205482878371625
4 0.23418412319385454 0.45131198118386245 0.06751611474138901 0.0843065334984459
4 0.24646461122600724 0.37409450971990965 0.07710932028847228 0.09411818114108109
4 0.2844367367009725 0.3590302818458162 0.0866297906531945 0.10080482878371626
4 0.3337269154625697 0.29260260711487585 0.08499455547083343 0.09760705417661039
4 0.31668684545843784 0.40054353970369905 0.09462412860909737 0.10898120181924557
4 0.3622545718070837 0.4430007134011821 0.04386040919430565 0.07383991439185814
4 0.3939214926848962 0.3922536966519591 0.09019120174736113 0.11970037799792799
4 0.3518651985163199 0.6014681848651348 0.08553876291777787 0.05392982878371626
4 0.29710300370281295 0.49999988420318103 0.08524912860909728 0.1085445541766104
4 0.16212597881718782 0.37958683850362596 0.07372974715020839 0.08303513192686944