5 0.5 0.494378797419035 1 0.9885030647838405
6 0.47385250056582684 0.20359926131468148 0.10909611827193721 0.14434087334017515
6 0.4144111442796773 0.4580185957218328 0.11872342378986112 0.11940450585373252
6 0.4305540434205947 0.5675208607489474 0.11312852103089917 0.1318681444174139
6 0.5896501616925318 0.42465262557967043 0.10079229534115867 0.13492042154477701
6 0.5335009017429092 0.6908134358845206 0.09143058344622794 0.07550906010845856
6 0.7072371313893786 0.37297701697202224 0.09660276232447203 0.11458974082661788
6 0.6946065773417927 0.5245122458947834 0.10835913387576941 0.13027837334017517
1 0.7305606874731294 0.5989628000513136 0.06413109905006031 0.06129202400410509
1 0.6719769035519315 0.6431667971244475 0.05475609905006031 0.06123748184962743
1 0.6531959260531687 0.6883838483541114 0.05911605042954129 0.05501475292686635
1 0.7230325497521728 0.39963951092189803 0.049986711894930556 0.05964771077238851
1 0.5865174383776406 0.5738986466569092 0.04505355042954129 0.054932939695149584
1 0.47927374717492494 0.7264464088553535 0.06289614767057934 0.0675329336450254
1 0.46199439394099306 0.6833640293668581 0.06569359905006031 0.06130111436318479
1 0.4119534503634282 0.6838543878763105 0.06478619629109836 0.07379202400410509
1 0.307573566826343 0.5879055627407372 0.08041119629109836 0.0738829275949012
1 0.3609453075540889 0.4045663427949665 0.06947369629109837 0.07381929508134402
1 0.5264552001362856 0.25860946906200794 0.07103619629109836 0.07382838544042354
1 0.6164251028952475 0.27163670988862576 0.06569359905006031 0.06130111436318471