5 0.446875 0.49609375 0.89375 0.7875
6 0.2125 0.58515625 0.12890625 0.0703125
6 0.46953125 0.56875 0.09921875 0.0890625
6 0.56953125 0.5203125 0.115625 0.08046875
6 0.39453125 0.409375 0.121875 0.06484375
6 0.6609375 0.38671875 0.05859375 0.07421875
6 0.31640625 0.3109375 0.0984375 0.06953125
6 0.4640625 0.27890625 0.1140625 0.0765625
1 0.525 0.22265625 0.0484375 0.05078125
1 0.58203125 0.2671875 0.053125 0.0390625
1 0.6296875 0.27109375 0.0453125 0.04609375
1 0.33828125 0.28828125 0.05234375 0.034375
1 0.53671875 0.36875 0.0484375 0.03125
1 0.70859375 0.42734375 0.05703125 0.04609375
1 0.671875 0.45703125 0.0484375 0.0515625
1 0.684375 0.5046875 0.06328125 0.046875
1 0.61875 0.6328125 0.059375 0.0640625
1 0.43125 0.6359375 0.0609375 0.0515625
1 0.25234375 0.51796875 0.06171875 0.053125
1 0.24140625 0.42890625 0.05078125 0.05078125