5 0.5 0.5 1 1
4 0.22265625 0.81015625 0.09609375 0.10625
4 0.403125 0.7546875 0.10390625 0.0703125
4 0.41015625 0.71640625 0.0953125 0.08125
4 0.3328125 0.653125 0.09609375 0.0953125
4 0.2359375 0.58046875 0.0953125 0.08984375
4 0.19296875 0.4375 0.10546875 0.0796875
4 0.153125 0.31015625 0.1 0.0765625
4 0.2921875 0.37734375 0.1 0.0875
4 0.35703125 0.4578125 0.0921875 0.08671875
4 0.40078125 0.590625 0.075 0.09609375
4 0.4640625 0.5328125 0.08828125 0.0953125
4 0.5015625 0.7671875 0.109375 0.1140625
4 0.64296875 0.709375 0.0890625 0.0921875
4 0.76171875 0.6796875 0.115625 0.0890625
4 0.80625 0.575 0.0921875 0.090625
4 0.89609375 0.44375 0.08359375 0.0859375
4 0.80234375 0.43046875 0.09609375 0.06796875
4 0.5546875 0.63515625 0.07421875 0.1015625
4 0.590625 0.57265625 0.084375 0.09609375
4 0.66796875 0.57734375 0.08046875 0.07265625
4 0.6796875 0.4890625 0.08671875 0.07734375
4 0.47421875 0.4125 0.10703125 0.0546875
4 0.64296875 0.45390625 0.06875 0.06015625
4 0.56796875 0.45546875 0.0875 0.0625
4 0.73515625 0.34765625 0.08046875 0.06796875
4 0.76796875 0.39765625 0.09375 0.03671875
4 0.7328125 0.23046875 0.08984375 0.0828125
4 0.6265625 0.1 0.075 0.0609375
4 0.81796875 0.09921875 0.065625 0.0609375
4 0.5015625 0.0953125 0.06953125 0.075
4 0.3234375 0.14140625 0.078125 0.07890625
4 0.38203125 0.221875 0.08046875 0.0859375
4 0.34453125 0.30390625 0.0671875 0.07421875
4 0.49609375 0.2546875 0.07265625 0.05703125
4 0.56875 0.2609375 0.08046875 0.06328125
4 0.584375 0.296875 0.08671875 0.071875
4 0.6484375 0.33828125 0.08203125 0.071875
4 0.546875 0.32890625 0.09296875 0.07890625
4 0.50859375 0.37421875 0.06484375 0.03359375
4 0.5578125 0.40234375 0.10234375 0.07265625
4 0.35859375 0.37421875 0.0421875 0.07734375
4 0.45234375 0.3171875 0.0921875 0.07109375
4 0.56015625 0.1828125 0.0703125 0.0609375