5 0.5038619843961678 0.5055804293864443 0.9922760312076644 0.9886209529155087
6 0.5677074734264329 0.7908224541432106 0.10432673111680746 0.143878459414921
6 0.5909967299851536 0.5339315259778776 0.11551653663473135 0.11909664772652384
6 0.5595243227036358 0.4257877893705582 0.1099216338757694 0.1314875535707225
6 0.4212507960185272 0.577556615262415 0.09602290818602892 0.13436709172016936
6 0.4401015360689045 0.31057762094445784 0.08978619629109837 0.07493754464226869
6 0.31091748360319826 0.6357839468363147 0.09339587516934209 0.11402731818121907
6 0.3029334859780475 0.4834401968363147 0.10515224672063965 0.12984323295387146
1 0.2569791768420789 0.4123015823879738 0.06248671189493056 0.06041139448011297
1 0.3092510057657512 0.3652532585247119 0.05475609905006031 0.06183752678536116
1 0.3208978346894235 0.31891404667415885 0.057553550429541286 0.05564207386326192
1 0.2923379019659925 0.6095214557647683 0.048424211894930555 0.060165932629559826
1 0.40409651628120075 0.429282756496117 0.04340916327441171 0.053834112012708955
1 0.48883560719066066 0.2706287309285718 0.06125176051544958 0.06663412094116258
1 0.512921560379164 0.31243440138326706 0.06404921189493056 0.06043866801906326
1 0.5620174796464694 0.3092315349063314 0.0631418091359686 0.07291139448011297
1 0.6793488217991247 0.39945534010190686 0.0787668091359686 0.07318412986961631
1 0.6522927561044355 0.5844712682672398 0.06782930913596844 0.07299321509696384
1 0.5071108101520214 0.7387065750843732 0.06939180913596861 0.0730204886359143
1 0.4160763743763726 0.732475940343493 0.06404921189493056 0.06043866801906326