6 0.21171875 0.60546875 0.18125 0.13046875
6 0.31953125 0.73359375 0.07734375 0.08984375
6 0.43125 0.70703125 0.13125 0.1671875
6 0.16484375 0.43046875 0.14921875 0.0875
6 0.1890625 0.278125 0.09375 0.06328125
6 0.29609375 0.3390625 0.12734375 0.10625
6 0.3453125 0.146875 0.1515625 0.08828125
6 0.4203125 0.22109375 0.115625 0.0921875
6 0.38828125 0.4640625 0.15625 0.09609375
6 0.43125 0.53359375 0.08203125 0.06796875
6 0.49609375 0.35078125 0.15 0.1359375
6 0.5171875 0.146875 0.1078125 0.096875
6 0.5890625 0.45 0.078125 0.075
6 0.596875 0.53125 0.11015625 0.08515625
6 0.72734375 0.59921875 0.1359375 0.0921875
6 0.74609375 0.7421875 0.13203125 0.06796875
6 0.62578125 0.65859375 0.05703125 0.06484375
6 0.88359375 0.5265625 0.17109375 0.12265625
6 0.71796875 0.4375 0.11796875 0.1140625
6 0.63046875 0.24765625 0.109375 0.09921875
6 0.671875 0.128125 0.1078125 0.10546875
6 0.83359375 0.25703125 0.13984375 0.11171875
6 0.903125 0.40625 0.13203125 0.11328125
0 0.68046875 0.6953125 0.1171875 0.0828125
0 0.3140625 0.66640625 0.13203125 0.109375
0 0.140625 0.3828125 0.1015625 0.0734375
0 0.21328125 0.22421875 0.10703125 0.0828125
0 0.4 0.42734375 0.08828125 0.075
0 0.52890625 0.609375 0.1015625 0.0859375
0 0.66484375 0.478125 0.08359375 0.09140625
0 0.84453125 0.56953125 0.078125 0.1078125
0 0.65625 0.353125 0.08984375 0.11796875
0 0.44765625 0.3015625 0.0921875 0.0875
0 0.4 0.1203125 0.09765625 0.0828125
0 0.546875 0.084375 0.08515625 0.0734375
0 0.56015625 0.2171875 0.10234375 0.1046875
0 0.74609375 0.17265625 0.06640625 0.0765625
0 0.76796875 0.3109375 0.078125 0.08359375
0 0.9 0.3078125 0.05859375 0.08046875
5 0.5 0.5015625 1 0.99609375