6 0.22610448157109264 0.720102888858755 0.23318207146044045 0.195041880455798
6 0.36835617933252907 0.829244419999125 0.1107471494796017 0.11989068874502422
6 0.4800206976498947 0.775075526234635 0.1937853787873866 0.21682403855474383
6 0.13807329432510587 0.5474055350947027 0.18664790818602892 0.1401342045623551
6 0.1294839456137298 0.3826426981365644 0.11889384215265535 0.09683519072219057
6 0.25510806535600505 0.42064405832640733 0.17019739258219674 0.15349636760421675
6 0.26468221845365125 0.2080803913302129 0.1882104081860289 0.14019787155854946
6 0.3594314744465451 0.26752832859236236 0.1536716338757694 0.13567219764227278
6 0.3808716259623116 0.5306795860067361 0.1965961182719372 0.15145370653952134
6 0.4402599140673811 0.5926012658545118 0.10795634215265526 0.09638952174882984
6 0.46833840569963814 0.38548910281265014 0.20333079715018093 0.1907072075281045
6 0.4453457202626736 0.16690092889637353 0.1458591338757694 0.13535386266130084
6 0.5885037415207153 0.4678943790101043 0.10836577792830404 0.10420202174882984
6 0.6138921658764034 0.5511353019377977 0.1437234237898611 0.12435269566510651
6 0.7675593984635489 0.5918451680591397 0.17422979534115868 0.14118736859279987
6 0.8194417237691767 0.7372332639145265 0.16025582654882306 0.11255303262324468
6 0.6737474434660232 0.6788411492760593 0.0824650192218769 0.08599584980971961
6 0.8923281043655855 0.48184010976991337 0.17751192559888337 0.17406353558899426
6 0.7207706869073025 0.4239599896942387 0.16098616689245623 0.15623936562705049
6 0.5868504675491402 0.24547820954245198 0.1491479081860289 0.13860619665368965
6 0.6040490128902988 0.11151704501771549 0.14791295680654795 0.14479252965749523
6 0.8025473886254678 0.20807500452298638 0.18466932835784533 0.16188187056996622
6 0.8929156818189199 0.3511166917851358 0.14832239258219673 0.15260502965749517
0 0.7389663297166418 0.704203246614321 0.1515359237898611 0.1246710306460784
0 0.3477404641582381 0.7595075815581118 0.17504866689245624 0.15681236859280007
0 0.10200299751360915 0.5036581936879401 0.13196705223856364 0.10828202669174569
0 0.14291568181891987 0.32055653361182795 0.14043464947960166 0.12110036167271768
0 0.38460413557325007 0.4893370030029306 0.11790455223856355 0.10770902372599629
0 0.5609541943705343 0.6499747085538689 0.13582903663473153 0.12247186068413463
0 0.6747721121675017 0.4800216472988931 0.11716092378986112 0.12327035672980173
0 0.8841570782463037 0.533179775283233 0.1178979081860291 0.13733285672980172
0 0.6377368588881414 0.35011397140545003 0.13425989258219673 0.1520320266917457
0 0.4069815038451872 0.3461918394667773 0.12645403663473137 0.12208985870696817
0 0.31459036521971945 0.16705348471414183 0.1293333751693421 0.11752969269935694
0 0.4624347229762071 0.09478584836402586 0.11297139077317446 0.10283052273741303
0 0.5061736776350484 0.2312300257403436 0.1415810696514182 0.14297536167271768
0 0.6917603748306579 0.14092731380079582 0.09578389077317447 0.10213018577927473
0 0.7455327487568046 0.2801290766523771 0.11041960085908276 0.11364068874502423
0 0.8843396212126133 0.24585618881938634 0.0879713907731741 0.10181185079830275
5 0.5 0.5 1 1