6 0.20908166666531355 0.5778630126909534 0.21131371551297518 0.1586135733609078
6 0.3112284220923805 0.7242754833704529 0.09602955223856365 0.10417951734563573
6 0.4285011312737776 0.7123669240531338 0.16451395861557022 0.18929995202099903
6 0.17363773236000285 0.39318802068745357 0.16979460085908263 0.11128404002227174
6 0.20932184757972228 0.23979084802672604 0.10869997060135787 0.0777806493475448
6 0.3148968181810801 0.31753513470718 0.15030097241038015 0.12667268268618095
6 0.3806878352552504 0.12779192938413403 0.17135710085908257 0.11130222135581716
6 0.45229724163225704 0.21294872672658816 0.13541960085908258 0.11088405068427187
6 0.4019132185651929 0.45830613271799764 0.17966092378986112 0.12076812802354446
6 0.44104099558898585 0.5344964627227702 0.0963637449116174 0.08076019867918127
6 0.5207274163266293 0.3566265487348605 0.17858310266810484 0.15979426535645347
6 0.5575336182719373 0.15014982940799654 0.1277708751693421 0.1139181440165447
6 0.6095176786511012 0.4716526594127691 0.09521068068726599 0.08855451734563573
6 0.6115548914505429 0.555219137412451 0.12711577792830403 0.10141814401654478
6 0.7418808785602442 0.6434014847628593 0.15745837516934208 0.1142635893539083
6 0.7511817147200057 0.7910759160964046 0.1482537935321364 0.08761018268618095
6 0.6326596867917016 0.68975776941436 0.07103619629109836 0.07421929734245403
6 0.9042608723422374 0.5898963187857673 0.1914782553155252 0.15065562269254434
6 0.7440155093837959 0.47556000409767735 0.14281602103089916 0.13283177601845358
6 0.6676223484842334 0.2693276380887687 0.1310596494796016 0.11707950668363551
6 0.718553005427067 0.15358500676317738 0.12982469810012062 0.12331132535009015
6 0.875714809474653 0.3068838241167674 0.1632104081860291 0.1346306333545444
6 0.9294174629687838 0.4692116487905397 0.14116507406243245 0.1345397266868172
0 0.6865559707128994 0.7348890034213597 0.13640889077317447 0.09996473201781733
0 0.3107094436891065 0.6547805960375437 0.15671474672063965 0.12987040802036276
0 0.15214451266315615 0.34062609468490823 0.11708568068726607 0.08880905601527207
0 0.23865082146044045 0.18860106536440768 0.12382700361804462 0.09825678134945379
0 0.4164360639972086 0.42255953672022484 0.10466756784239592 0.09022610534690845
0 0.5364154505865114 0.6261759800684059 0.12094766508343398 0.10290791868236297
0 0.6857426639517801 0.5107975227561777 0.10227955223856355 0.10425224267981754
0 0.8652398134313817 0.6284406507797221 0.10005531094499105 0.12140338001272663
0 0.6859772800760107 0.3811918387571322 0.11321040818602893 0.13404883068109025
0 0.47481072874195823 0.2998765620623608 0.11157266508343397 0.10279883068109026
0 0.43817610866099876 0.10737997939208821 0.11437011646291477 0.09658519334818112
0 0.5927031563770067 0.09122027207985997 0.09973440637700648 0.08548406134627214
0 0.5968251696059896 0.22946515941276907 0.12505531094499087 0.12169428134945379
0 0.7924718622790434 0.2083185074394951 0.08271068068726617 0.08840906667727229
0 0.8047748677061103 0.3536855514401315 0.09570200361804453 0.09792951734563574
0 0.9405862149471483 0.36775823679181247 0.07341756784239592 0.08986247867599957
5 0.5 0.5 1 1