4 0.15707433105551868 0.6748025910900349 0.1307877353176916 0.1606855397032639
4 0.3369414977236884 0.3644866061920141 0.1255908130679506 0.14963893692972227
4 0.2754368792362731 0.5854699469977085 0.10222608767505648 0.15065592306201409
4 0.5234699265884579 0.8003910046527436 0.1621832845319034 0.16453789152687506
4 0.5585105525194713 0.6981933782278477 0.10436647642635144 0.09607752583555573
4 0.6155996145539647 0.7510287439191672 0.11276117328319835 0.10875936379145834
4 0.6783606720403441 0.5737772193178825 0.15720468610347993 0.1581787887533334
4 0.7551093008668415 0.36173312062840335 0.1230094685684687 0.1277275693385418
4 0.6486966350272414 0.37252319063253525 0.13972608767505648 0.15152874525034737
4 0.5228426104201355 0.3680330995425004 0.10462334160399785 0.13510365824437506
4 0.38737826116314256 0.6598724945847572 0.11574493217453848 0.17282186379145834
5 0.5 0.5 1 1