4 0.7103926837565357 0.8541422382113639 0.14844952335696499 0.11373353064607841
4 0.37194160068701 0.7386684995428894 0.13898359514371955 0.11022652866891214
4 0.5966233519406512 0.7587740469948818 0.14294366943775677 0.08541752965749527
4 0.7397358205996204 0.4908437421656967 0.1509213054894186 0.14504719764227278
4 0.6346307834526019 0.47404621992257534 0.08701191818411544 0.09406301779449713
4 0.6708470797708205 0.4121656438388518 0.09817673871722885 0.10232118676785795
4 0.4870858452102267 0.3835591882879137 0.14292694906292774 0.13847886266130088
4 0.2667877170761236 0.3472065583264073 0.11715405925034235 0.11089769072219058
4 0.30305417451882866 0.44489198323126705 0.13787573620994645 0.12578786167271758
4 0.33011311652212755 0.5633209896570577 0.12433006175762476 0.08934102570316256
4 0.639922374043975 0.6416475553978389 0.16201191818411545 0.09711903361182798
5 0.4997272153602639 0.509375 0.9994544307205278 0.98125