5 0.5 0.4703125 1 0.8546875
4 0.534375 0.75859375 0.1875 0.1453125
4 0.3515625 0.71796875 0.1796875 0.15234375
4 0.4640625 0.63203125 0.17421875 0.1390625
4 0.18828125 0.6765625 0.20859375 0.10859375
4 0.32265625 0.57265625 0.16015625 0.1
4 0.07421875 0.56875 0.1484375 0.11015625
4 0.12890625 0.47265625 0.1546875 0.1046875
4 0.2828125 0.4875 0.20390625 0.1203125
4 0.46484375 0.45859375 0.1609375 0.1
4 0.04453125 0.41953125 0.0890625 0.0984375
4 0.15703125 0.37734375 0.14296875 0.0984375
4 0.0578125 0.35390625 0.115625 0.0671875
4 0.06640625 0.2703125 0.1328125 0.103125
4 0.11171875 0.2078125 0.11875 0.06875
4 0.18125 0.16171875 0.115625 0.0796875
4 0.18046875 0.23671875 0.09765625 0.07890625
4 0.25078125 0.3015625 0.14765625 0.07890625
4 0.27734375 0.24375 0.10703125 0.05546875
4 0.32734375 0.2 0.1140625 0.0671875
4 0.3203125 0.12265625 0.09140625 0.071875
4 0.4171875 0.1296875 0.10703125 0.09296875
4 0.5203125 0.1234375 0.10859375 0.07578125
4 0.7265625 0.6671875 0.16640625 0.11328125
4 0.8 0.709375 0.1921875 0.13828125
4 0.90234375 0.571875 0.16328125 0.12421875
4 0.753125 0.5546875 0.1546875 0.13671875
4 0.675 0.50625 0.1234375 0.13046875
4 0.78125 0.446875 0.1390625 0.11796875
4 0.8375 0.39453125 0.1328125 0.08671875
4 0.95546875 0.453125 0.08828125 0.09765625
4 0.878125 0.453125 0.05703125 0.09140625
4 0.89609375 0.35859375 0.153125 0.04765625
4 0.90859375 0.3171875 0.16875 0.0484375
4 0.4 0.3328125 0.1265625 0.0984375
4 0.509375 0.2765625 0.12421875 0.07265625
4 0.40625 0.24921875 0.121875 0.0796875
4 0.50078125 0.19375 0.12890625 0.07265625
4 0.8515625 0.25078125 0.12890625 0.08046875
4 0.75625 0.1890625 0.11953125 0.06796875
4 0.66015625 0.1546875 0.0859375 0.05625
4 0.61015625 0.2078125 0.125 0.05703125
4 0.6421875 0.2265625 0.11875 0.0640625
4 0.67734375 0.25234375 0.1078125 0.05859375
4 0.76640625 0.30859375 0.134375 0.10078125
4 0.65 0.36328125 0.12890625 0.07265625
4 0.575 0.39140625 0.11640625 0.08515625
4 0.54765625 0.41171875 0.11953125 0.084375
4 0.21171875 0.590625 0.109375 0.06484375