6 0.2781225770339928 0.4341939838427492 0.16532244355406328 0.17587799763774736
6 0.16772819173996475 0.13304565689357445 0.15222224282842384 0.15825398801910046
6 0.28054813947037927 0.1908259297590652 0.1363045769491748 0.10463791469812275
6 0.3920784057124481 0.2563641389222251 0.17907740870767297 0.21225200725639412
6 0.45320933475372305 0.0852728781224519 0.12204366950744613 0.1431547776748142
6 0.5552083443723699 0.10131951877395753 0.10562006134007813 0.16442957694917476
6 0.6320783792187603 0.06811020389050033 0.10165675843752062 0.09562501324684392
6 0.5840401833024442 0.05550851096940922 0.07433036660488845 0.07282243030721938
6 0.7160689772193273 0.23880713900704312 0.12357145317271012 0.18690477767481423
6 0.7960937831171099 0.27359385597475133 0.10850695916315996 0.1130307680561673
6 0.7092857199629331 0.0669048571558777 0.0821974303072194 0.07465774881887366
6 0.721716287293461 0.15473223936986283 0.0807093413771451 0.12142362141421197
6 0.3231225969042587 0.583241608252186 0.24486609981466553 0.21923118275429018
6 0.5124083301140356 0.730305125127227 0.17437006134007813 0.1668303798517325
6 0.6603919623280208 0.7448363949974929 0.15525796279135698 0.20049605172143128
6 0.6678027021612198 0.9340588191870355 0.10452878729346118 0.1318823616259291
6 0.47208346359396514 0.9746800853866953 0.11004961179556502 0.05063982922660948
6 0.6798686817427997 0.9785305436428059 0.17394842068857255 0.04293891271438817
6 0.8550026017984 0.9326613211283611 0.0984771947351895 0.09395338584218252
6 0.821150902253887 0.8347223289329093 0.10937997840045384 0.13803076805616712
6 0.7715824334720802 0.7112649815653145 0.14964287985173233 0.1737698606144388
6 0.7649107928205746 0.6095933541606529 0.11621033175849824 0.11017858656782167
6 0.8516022609694092 0.6118403896400153 0.08490576805616748 0.10752481252120454
6 0.8963864821134688 0.5759500188587756 0.08016370435383635 0.10579862141421188
6 0.5169420295737307 0.5026166347458739 0.09057541469812272 0.1358135036281972
1 0.2141443786706061 0.25561262685650754 0.1432837524470707 0.1704266058051153
1 0.30549364200226803 0.6817237482707195 0.1127579495445131 0.10069445916315996
1 0.7803101366447904 0.8941593271188107 0.09724207694917482 0.1032738221398514
1 0.762797743631032 0.9512897808396751 0.0905010036281972 0.08899306733052796
1 0.5721503739461007 0.5864757687739576 0.11444942431676956 0.14913195916315997
1 0.6400669832097771 0.1628051449974929 0.11984625244707062 0.16960815027015244
1 0.7740774285779388 0.38050605488629224 0.07100695916315995 0.11172123920022674
6 0.4576687224948218 0.5481449003549705 0.16054566351699648 0.21784724282842394
5 0.5 0.5 1 1
0 0.13883929990733276 0.11018851025161905 0.08904763103285877 0.09206350362819711
0 0.4868179868379741 0.24328627476440734 0.191071466419554 0.28757938947037925
0 0.4923289207733905 0.4010987747644073 0.13114585099579196 0.13566965988879928
0 0.8952431666818572 0.8560368229424595 0.14212304573098145 0.2265674784004535
1 0.30641624654143895 0.574074939377712 0.0681349303072194 0.07416667549789598