5 0.49964544399364563 0.5174035850945223 0.9992908879872913 0.9651928298109553
4 0.46077999269639935 0.23010811817381374 0.2154728157455871 0.171548788834828
4 0.6579998660731939 0.2539581877502421 0.20779668344033872 0.17931583703942994
4 0.5452759492719467 0.3569473532448949 0.1997114480508353 0.16364538524403188
4 0.8340578056026127 0.28183722717424525 0.2335955243497292 0.1357203731437835
4 0.6990906960255358 0.40604740769601283 0.18178756249917621 0.12135789129415606
4 0.9345333181845143 0.3882730586545303 0.11314665665497756 0.12720791549465282
4 0.9092684910748415 0.4930969140407246 0.1662443831160271 0.12595448770335976
4 0.748371901383267 0.49168947102592525 0.22912621266133187 0.14819310206654457
4 0.5569286952147569 0.5396734948336386 0.18335006249917624 0.12136698165323559
4 0.9724446010589556 0.5435054593184603 0.037819374187573376 0.10802157825883114
4 0.8895133242735943 0.5955452031701401 0.16298301542127547 0.11812380698520072
4 0.9603070653451404 0.6123190918320176 0.059148903408566864 0.07689884328594587
4 0.9532700868554962 0.7021946580887962 0.07076824188232536 0.11602497579950324
4 0.9348552776027308 0.7726071520386719 0.10459777110331814 0.08497496369925486
4 0.8800217272784192 0.8260457694269189 0.1297886858759707 0.09605790944452863
4 0.8743814277648866 0.7463991760427772 0.11101141233702023 0.0943863251355733
4 0.795771232553425 0.6851440343558377 0.16421823295387128 0.09938289734428025
4 0.7720104042259361 0.7485570945624921 0.11995003571381488 0.06944086729005097
4 0.7218916274405749 0.8004059408735001 0.12957049756436803 0.08355790944452864
4 0.7345359034151573 0.8815741276417836 0.10459777110331832 0.08497496369925486
4 0.632164879876207 0.8837320461614985 0.12375687418757338 0.10852154800821019
4 0.5225035077172283 0.9007746212970718 0.12345686525911966 0.09133404800821018
4 0.2642577743530245 0.34530236787922614 0.18987279788867956 0.13702834308955403
4 0.18211347605730785 0.3075029069104459 0.22007849512873606 0.1668885599120669
4 0.0887851260159451 0.4627449188143025 0.1775702520318902 0.14794766237139498
4 0.243380438314898 0.46728645218818154 0.17934440097293472 0.16040221057599685
4 0.3301167792242885 0.5105273920797229 0.14480575973923263 0.15082722267624504
4 0.22181730966309768 0.5838063316766767 0.16021257142762996 0.13841812626704134
4 0.16684739164403442 0.6450574490649236 0.1502648271096728 0.10555108411256367
4 0.045295314531066354 0.5950170633299124 0.09059062906213271 0.11307269262201594
4 0.11943264935467217 0.5867455001963917 0.07052278003177208 0.10196247579950324
4 0.10672236932290007 0.688371632709949 0.16677048863591432 0.06658857806243948
4 0.09655643669334021 0.7337386748644268 0.1839852621748646 0.06825107201231528
4 0.6351746517903042 0.6665490913410382 0.14576824188232518 0.11646131303532492
4 0.5230234793070141 0.7367257568356911 0.13905459172016937 0.0898624515990063
4 0.6343876733006596 0.7563882961614985 0.1376011858759707 0.0961033612399266
4 0.538683661125795 0.8241257628858154 0.14530459172016935 0.08989881303532457
4 0.1626120848269011 0.7981915394240031 0.14544095941492108 0.09771131303532492
4 0.26786660065521367 0.8546046450065891 0.13425799756436801 0.0835851805217672
4 0.37129556372358274 0.8813438861277945 0.0964852621748646 0.06774201190385654
4 0.42157798174264605 0.8201200398167867 0.13875458279171565 0.07267495159900647
4 0.38594049067109976 0.8031416180756178 0.13420345048646726 0.08046018052176755
4 0.34651948052483006 0.7791546722321481 0.12000458279171564 0.0725658672900508
4 0.24818712054071607 0.7289506600337038 0.15519778896022585 0.11964085518980241
4 0.366574656254531 0.6595188831027325 0.14530459172016935 0.08989881303532492
4 0.444559334419864 0.6223501603282914 0.1330227800317722 0.10232609016268804
4 0.47232582427359426 0.5979723290443981 0.13768300649282175 0.1007908612399266
4 0.8152475300350673 0.37490597112412105 0.12323867694751697 0.07883404800821019