6 0.35473972882111304 0.7653437460828483 0.1572167695960413 0.14686436562705046
6 0.05858877216983077 0.7660825978325533 0.11717754433966154 0.13529019566510653
6 0.12962372004562445 0.6795176981365644 0.08631323620994644 0.12368685079830274
6 0.2196242459098719 0.5971455499234504 0.1918190901291547 0.15607753954332698
6 0.07194188149931537 0.47843801779449713 0.14388376299863073 0.10585736364988403
6 0.1200430977175091 0.3905042776803289 0.15544366943775673 0.08592686562705029
6 0.09448681974169058 0.30107702174882983 0.11500052586424744 0.0905215237259962
6 0.05879166947101024 0.341050764334456 0.11758333894202048 0.06415002471457934
6 0.2897227633943421 0.2847848127750316 0.17299488229073817 0.09912720258518863
6 0.3439760058724947 0.2212926571475437 0.09955738229073816 0.09613485376405233
6 0.1285412224863999 0.23285094517081487 0.066199313011266 0.07604784684397004
6 0.21328829552679576 0.2503832964634092 0.11114810015828454 0.06539418973360736
6 0.5054527826611791 0.7738313612156071 0.18899561850068453 0.21994903855474385
6 0.6922206599373523 0.645342899770351 0.14655205423577727 0.15579369665368964
6 0.7446362692668369 0.5105978266523771 0.18327916442319178 0.13075920456235507
6 0.9236047037482884 0.5695138647128293 0.11959709765100186 0.08758752471457924
6 0.9277596916740946 0.7761777001880927 0.07781877461060631 0.09993101581733085
6 0.9711700255350431 0.5745807080967582 0.03147262351524951 0.1698323389353046
6 0.9593700221698306 0.38872412113861987 0.0634380258642473 0.08842051285158128
6 0.8701711298499628 0.38978260235553963 0.12598348997087 0.09252969269935693
6 0.7433358452102267 0.39400057566379393 0.15667120031656906 0.1281143656270503
6 0.6471655388628782 0.3658344718997416 0.095188131037097 0.1068813527754691
6 0.6722313865138803 0.28394514334456034 0.10043792069139794 0.07276102076024671
6 0.6511209161390514 0.22989697189974162 0.09561402837152996 0.06788251977166349
6 0.48185747294861836 0.5632466882879137 0.12548338479802065 0.07534219269935694
1 0.17248115828799965 0.7657390410262017 0.1549723079967011 0.12336319863085592
1 0.5915661274091872 0.825052963002493 0.08411423871722903 0.10174818380210837
1 0.9146054399582348 0.4486920287432742 0.0914266335443795 0.08487901878308043
1 0.9558154616658472 0.4840047876405227 0.06472774122451135 0.07910917984777566
1 0.5740593448145151 0.5396274575652855 0.13544941818411543 0.09603669467652338
1 0.1992281440357277 0.33037454399195126 0.15580738229073815 0.09842686562705039
1 0.43698420830063495 0.2774882604173044 0.10462531551854841 0.05576452174882984
6 0.5079138560972863 0.6354864442194128 0.2005121285298145 0.1330220415204934
5 0.4993180384006598 0.5234375 0.9986360768013196 0.953125
0 0.029000560570490552 0.785217258402957 0.058001121140981104 0.079809516805914
0 0.23333505641385544 0.502278718896811 0.2651656619159094 0.15594488836446346
0 0.381258079375109 0.5528901670333755 0.1188529515702104 0.11564885771838504
0 0.8978618723281153 0.32520810779274706 0.19054609514371953 0.11232753954332697
1 0.4917850877548863 0.7865714417479548 0.06574467194503927 0.060422846843970035