5 0.47734375 0.5 0.9546875 1
4 0.7403040760465424 0.3988090068457201 0.1755278765014653 0.21149986859279987
4 0.7122242025108265 0.5902616777962472 0.18314937551288218 0.20713070357377178
4 0.6165217247539481 0.4888676155526882 0.1672060405319101 0.198681533611828
4 0.6803163334237351 0.7608115997353575 0.14347938045579803 0.22891286167271757
4 0.5650971931192863 0.6407139584423256 0.12737953657757756 0.17833985870696817
4 0.5759405567319893 0.8914169539937014 0.13461903361182798 0.16459569368794008
4 0.4753794826254324 0.851837142244434 0.12881470258518862 0.17527852570316255
4 0.4802791827391631 0.6933070592406284 0.15272704646340926 0.22616986364988403
4 0.43925888779580974 0.5132494861226545 0.1273795365775774 0.178339858706968
4 0.42662896483093526 0.9380584851340714 0.1128766847906915 0.09039418973360754
4 0.37692473657976505 0.8371299965027779 0.12042919961943914 0.16089769072219048
4 0.35907405030619877 0.9306717494685273 0.0840168557412186 0.10949701680591417
4 0.27335938479287913 0.928704684259219 0.12508752471457943 0.12208985870696835
4 0.206345639735795 0.9080366985936749 0.08803319368794008 0.13149935079830258
4 0.15511340357595946 0.8446082099623815 0.0989070266917457 0.1303825197716634
4 0.2312129885569314 0.8337078606469535 0.09501802273741297 0.11150518577927464
4 0.29299008836665097 0.7531953482896638 0.10336903361182789 0.16332235376405216
4 0.23131775931717807 0.7354295281374394 0.07183519072219058 0.11680018083635879
4 0.18397718570491262 0.6913412885175628 0.08465352570316256 0.1251220168059138
4 0.1052473492410659 0.7093683883272823 0.08695085475263546 0.10493685079830276
4 0.10616520349940975 0.610276972319671 0.10952619171077375 0.12301568874502422
4 0.09321155874633677 0.5070710592778094 0.09390119171077375 0.12237901878308026
4 0.6345991985936749 0.21748736406981353 0.1401978715585493 0.18666169467652322
4 0.6729706319014916 0.13714860665543968 0.16953254448624283 0.21749520060802233
4 0.5255318992016973 0.07351711855561885 0.1520612015966055 0.1470342371112377
4 0.5180483685556189 0.20663738878439286 0.163253369581383 0.17824169961943914
4 0.47395351726302454 0.29344898068544706 0.15260502965749528 0.14660969764227277
4 0.4062487055137572 0.19403391251038907 0.14224053262324468 0.16022652866891204
4 0.34969229939197766 0.14642142486767873 0.10898236364988403 0.14795202174882985
4 0.40134232410655707 0.03505679642622815 0.10956068380210837 0.0701135928524563
4 0.4071347262740038 0.09572374650277785 0.10280134783255317 0.07282468775644105
4 0.30904739475307297 0.09114101726302451 0.07218270060802237 0.16361151384016445
4 0.26454797825117016 0.09217427665456467 0.07243736859279988 0.16986151384016443
4 0.31491812098989574 0.5978711783277199 0.1181663626613008 0.1436465237259963
4 0.2504656432330171 0.4952037761602731 0.09297536167271767 0.13794035178688588
4 0.22966637049560412 0.6036847796203142 0.09916169467652329 0.1366325197716634
4 0.16613972277678166 0.516578710456673 0.0947288626613008 0.14269151878308026
4 0.20200421589388048 0.15321920600804875 0.10097886266130081 0.14294618676785786
4 0.14467719414505065 0.25850888387865806 0.08647069368794011 0.13143568380210838
4 0.1155706728905124 0.3603088058177683 0.07100751977166349 0.09648768083635888
4 0.17384874650277787 0.40395137646428425 0.07735036167271767 0.1373036818249421
4 0.19093808741524884 0.3673772065023403 0.08334569368794012 0.13130834980971962
4 0.21437292882201145 0.32820461855561883 0.07502385771838496 0.11849001482874763
4 0.26594469908796653 0.2301690251716899 0.12317219764227279 0.15165002471457933
4 0.32932942536197035 0.3398995108372339 0.0947288626613009 0.14269151878308026
4 0.3630876600389311 0.4110595864266656 0.10515702669174569 0.1306371877564411
4 0.3854428211036265 0.4366670814837498 0.10372186068413454 0.13369852076024671
4 0.5910455863894846 0.750409952016535 0.0814011917107738 0.12186968281352524