6 0.3984375 0.72421875 0.134375 0.12265625
6 0.08671875 0.75859375 0.1703125 0.11328125
6 0.1796875 0.66796875 0.0703125 0.11015625
6 0.25625 0.58046875 0.16875 0.128125
6 0.10546875 0.48515625 0.13046875 0.08515625
6 0.14375 0.39765625 0.13984375 0.06484375
6 0.11171875 0.31640625 0.1015625 0.0734375
6 0.08125 0.3578125 0.1078125 0.0484375
6 0.2921875 0.28125 0.15546875 0.07734375
6 0.3375 0.215625 0.08671875 0.08125
6 0.1375 0.24921875 0.05546875 0.06484375
6 0.21796875 0.25703125 0.10078125 0.05078125
6 0.540625 0.7171875 0.15859375 0.18984375
6 0.703125 0.57734375 0.125 0.13203125
6 0.73984375 0.4453125 0.1609375 0.10546875
6 0.9125 0.48203125 0.10625 0.07109375
6 0.9515625 0.675 0.09609375 0.0875
6 0.97578125 0.48203125 0.0484375 0.1578125
6 0.95234375 0.309375 0.0953125 0.075
6 0.84609375 0.31875 0.1109375 0.075
6 0.728125 0.33671875 0.1375 0.10625
6 0.63515625 0.31953125 0.08125 0.090625
6 0.6515625 0.240625 0.0875 0.05859375
6 0.62578125 0.1921875 0.08515625 0.0546875
6 0.4984375 0.521875 0.11171875 0.05859375
1 0.22734375 0.74375 0.13515625 0.1015625
1 0.62578125 0.75625 0.071875 0.08828125
1 0.89296875 0.36953125 0.07890625 0.071875
1 0.94453125 0.39921875 0.06953125 0.06875
1 0.5828125 0.490625 0.12109375 0.07734375
1 0.2125 0.3328125 0.13984375 0.07734375
1 0.43046875 0.259375 0.09375 0.04296875
6 0.5296875 0.58671875 0.178125 0.10703125
5 0.5 0.54296875 1 0.9140625
0 0.06015625 0.78125 0.1203125 0.06640625
0 0.26015625 0.49140625 0.2390625 0.11953125
0 0.40390625 0.52265625 0.10390625 0.096875
0 0.87734375 0.25625 0.19140625 0.0859375
1 0.52890625 0.73046875 0.0578125 0.04921875