2 0.19983120077878752 0.20451816089956237 0.05990384890464333 0.0749048247398008
2 0.1357373277257564 0.6862727719354103 0.06137542069139794 0.07186171189493056
2 0.03208113031218114 0.6722335261192818 0.059812920691397965 0.0717798247398008
2 0.14821487648475046 0.1767749412027157 0.07686402837152992 0.06799308344622808
2 0.2192699270926181 0.9347722269329359 0.05999477711788872 0.0780298247398008
3 0.44193585194065116 0.7578732914959715 0.09344377461060631 0.10162445499752568
3 0.49066783478538534 0.45449266395178006 0.15491012351524952 0.17661116689245623
3 0.37852656980819754 0.7858478052907814 0.07983591567683304 0.11651247060135787
4 0.41713677725090276 0.8841115649017197 0.09518813103709682 0.10795634215265544
3 0.4977552575883545 0.5604936804601235 0.13411423871722902 0.10531602103089917
3 0.2405361394833812 0.6072613805964091 0.14626254922121246 0.2011198439616777
5 0.5 0.5 1 1
4 0.6844201832943173 0.545238251920564 0.1448531619159093 0.1526823439616777
4 0.5781234045270759 0.7564037239922599 0.1493133413827959 0.14511550542706697
4 0.30766380351086153 0.6397297218445532 0.0971598079967011 0.12210072930778501
4 0.09026204018302644 0.8239465123244718 0.10902331050398355 0.10088082654882306
2 0.04884141831712951 0.8491611962910983 0.0389548514119258 0.05196529172311415
4 0.3026938440230924 0.8374269154221181 0.11894387978345575 0.1201221494796016
4 0.0790590818823915 0.5635888664629148 0.07505748746358769 0.11314180913596861
4 0.06166699340258943 0.5697193577564876 0.0752393438900784 0.11939180913596843
4 0.10650343494366994 0.3733290366347314 0.09532452335696498 0.11264384215265535
4 0.09688204552679576 0.2468517458161285 0.08425063103709696 0.10738313206674714
4 0.051430804697995804 0.16857293758467107 0.05318248746358767 0.11199538896415207
4 0.05792850877548862 0.07971515547249544 0.03558581050398355 0.0970321302577248
4 0.3899597587754886 0.09711617593756772 0.13074519780928667 0.1503828595655099
4 0.30880904717614843 0.1163364874483855 0.1127848079967011 0.12291960085908263
4 0.29986830469799586 0.18159299525030162 0.10598923871722885 0.10384205223856365
4 0.2882715751519669 0.20367603516439337 0.10700616943775679 0.0851739393936933