5 0.5115520076484859 0.5022214487337234 0.9474404276219153 0.910744181841155
4 0.29096552584545093 0.4859529057142102 0.13721751778268027 0.1319439849563052
4 0.3484226532242064 0.32547239528936894 0.12889559553293922 0.12077916442319178
4 0.48706562220695976 0.29562210774663894 0.13765416542531544 0.14131898495630518
4 0.4091868329175455 0.4543499015575751 0.1324572431755744 0.13024509263643722
4 0.3277485500382721 0.6374328376883792 0.13401974317557439 0.13029055674305995
4 0.4832322626108846 0.5828409629194885 0.13394696856846872 0.12872805674305993
4 0.5530996145539647 0.72240591660127 0.12479029238978612 0.13314277210332365
4 0.6144458753073316 0.5782407279631833 0.129550566996892 0.1348416644231918
4 0.6980803207164364 0.6438680764721152 0.12762419396136265 0.12698370031656908
4 0.6144907630251694 0.4280361394833812 0.13758139081820958 0.1397564849563052
4 0.7133049445805353 0.34927699049959554 0.144122489246633 0.14618834138279588
4 0.803123077540862 0.5140776249019048 0.13587334160399783 0.13658602084968266