2 0.75234375 0.21953125 0.06171875 0.04609375
2 0.29921875 0.228125 0.05703125 0.04765625
2 0.2953125 0.13046875 0.059375 0.04609375
2 0.7703125 0.16796875 0.0515625 0.06328125
2 0.08359375 0.3390625 0.06328125 0.046875
3 0.28359375 0.51875 0.08203125 0.0765625
3 0.56953125 0.52109375 0.14375 0.1234375
3 0.24609375 0.4640625 0.0984375 0.06015625
4 0.16171875 0.51328125 0.08671875 0.07578125
3 0.47265625 0.5421875 0.078125 0.11328125
3 0.38828125 0.3125 0.16953125 0.1109375
5 0.5 0.5 1 1
4 0.51796875 0.7109375 0.12109375 0.115625
4 0.30625 0.64375 0.11328125 0.121875
4 0.36953125 0.37890625 0.10078125 0.07578125
4 0.16484375 0.20546875 0.07890625 0.0890625
2 0.13515625 0.1703125 0.04453125 0.0296875
4 0.18671875 0.40234375 0.09453125 0.09765625
4 0.40234375 0.15859375 0.0953125 0.0546875
4 0.39375 0.14296875 0.10234375 0.05625
4 0.3890625 0.0140625 0.07265625 0.028125
4 0.5828125 0.15703125 0.09140625 0.07578125
4 0.696875 0.1296875 0.0890625 0.065625
4 0.7625 0.065625 0.0984375 0.05859375
4 0.84453125 0.046875 0.0875 0.06953125
4 0.7765625 0.0265625 0.1 0.053125
4 0.88203125 0.378125 0.121875 0.103125
4 0.85078125 0.30625 0.0984375 0.09140625
4 0.78984375 0.3078125 0.08046875 0.0875
4 0.76796875 0.3 0.06484375 0.090625