2 0.7509299223590398 0.7496308437553548 0.054363847832553346 0.06965002678536117
2 0.7527934416735926 0.26322573945328376 0.05573534684397004 0.06498980032431154
2 0.857703776160273 0.255929662343611 0.054172846843970036 0.06496252678536116
2 0.8056665019028042 0.7666313831226178 0.07266817885919252 0.05903980925276535
2 0.638683156616071 0.03647409903036061 0.054427514828747546 0.07121252678536122
3 0.4415521941450507 0.2569480604738766 0.08644151878308044 0.09050799756436803
3 0.43213479589475556 0.5647060133959758 0.14224053262324468 0.15706029788867965
3 0.5009882025480076 0.21609518953271398 0.07001802273741298 0.1089579886359143
4 0.44996155482918515 0.1272060133959759 0.08669618676785795 0.09675799756436802
3 0.4113368176435854 0.4620173900191814 0.1269391847906915 0.08809210957707699
3 0.6597517544114433 0.3624365811734531 0.12932403855474384 0.18493983603812653
5 0.5 0.5 1 1
4 0.22879889026726766 0.5159487337679456 0.13197419467652322 0.13502165665497756
4 0.3060630217116488 0.2866373348236058 0.13784219269935694 0.1257557508107789
4 0.5894220083657759 0.34492752719569364 0.08726918973360753 0.11082049756436803
4 0.7813070553234767 0.11908027313850382 0.1019391847906915 0.08765573295387141
2 0.8185815622435589 0.085640481742646 0.0347225098858317 0.047447744317957154
4 0.5685059663881721 0.14933833766627488 0.11045202174882984 0.10497960064862313
4 0.8256805019399852 0.3712506992752419 0.06520318874502422 0.10575116801906326
4 0.8416556704190544 0.3623842138857385 0.06545785672980173 0.11200116801906326
4 0.9740370888981236 0.35148584984443476 0.021933349809719616 0.0784522824674041
4 0.822505127909978 0.5641376286583909 0.08688718775644091 0.10144549756436802
4 0.8487254352106209 0.6870296578793841 0.07582235376405251 0.09812958279171564
4 0.915455337378068 0.754565985396094 0.06839185574121842 0.10736821509696384
4 0.9298587355911818 0.841752339698165 0.07419618676785796 0.09653980925276535
4 0.9477266679104155 0.7672744910781368 0.04495435574121842 0.10695911201270895
4 0.5771674757053502 0.8947502491925163 0.11791169467652338 0.13477619480442443
4 0.6551306496216267 0.8590388457839498 0.10283052273741297 0.10953073295387128
4 0.6554927469598884 0.7926735060923752 0.09894151878308044 0.0907261858759707
4 0.6634790019028042 0.7691132751670987 0.1013661818249421 0.07359323295387146