5 0.5140625 0.50234375 0.71640625 0.74375
4 0.4484375 0.70546875 0.1046875 0.1078125
4 0.31171875 0.61171875 0.09453125 0.10390625
4 0.31484375 0.475 0.11328125 0.10546875
4 0.4453125 0.58671875 0.103125 0.10390625
4 0.5984375 0.7078125 0.10390625 0.1046875
4 0.58359375 0.5484375 0.1015625 0.10546875
4 0.7296875 0.5171875 0.109375 0.09453125
4 0.60859375 0.42421875 0.10859375 0.0984375
4 0.68984375 0.3609375 0.1015625 0.0984375
4 0.46796875 0.3875 0.11171875 0.1046875
4 0.4171875 0.275 0.11796875 0.11015625
4 0.5921875 0.23125 0.1078125 0.10546875