5 0.7883499485739442 0.17359385597475133 0.4119283491396784 0.18466275371301508
5 0.3226952158405541 0.6892559952754946 0.5159270653730159 0.6069593943645207
3 0.8452039365718917 0.1451166811098276 0.02997839149054755 0.05103671034428627
3 0.8740920058537324 0.1430011096029484 0.029914758976990186 0.040099210344286276
3 0.7373641654946528 0.13666428564899852 0.056613614363184794 0.06446429328391083
3 0.694390870315113 0.13438253383489998 0.02832498789975162 0.03535714664195542
3 0.707481222774441 0.10203382530471225 0.026698855386194254 0.024365082939624562
3 0.7764766624695907 0.14662212820726991 0.026826120413308986 0.04624008293962456
3 0.804592572110511 0.14604177484922531 0.04251475292686635 0.05772321996293313
1 0.3988844902374426 0.493519398540872 0.03773634933607006 0.04193452885594055
1 0.45919073116225634 0.5214013510806099 0.03928975897699054 0.04042659255827132
1 0.4857986829576545 0.5301414340202344 0.023646578258831142 0.036755955534962935
1 0.48715717075921017 0.6293874658713999 0.03621021077238851 0.04812996515360979
1 0.45895490270703343 0.6151240692294445 0.039317030054229284 0.045114092558271326
1 0.41124411055255566 0.6040848763083534 0.03618293969514976 0.04344246515360961
1 0.38271004439397294 0.532790229666398 0.03773634933607006 0.04193452885594055
1 0.3822605925003789 0.5897941978152326 0.04714771077238851 0.048511911069925695
1 0.33681173711418466 0.5647743504476377 0.028352258976990452 0.040044646641955416
1 0.26356967983439644 0.5958036064380876 0.042442030054229286 0.045223219962933214
1 0.2622708002477053 0.6410615427357567 0.042469301131468205 0.04991071996293321
1 0.3404185261454044 0.6476959778522995 0.04399543969514967 0.04371528366526398
1 0.4118168031745716 0.7025223763083533 0.042451120413308986 0.046785719962933035
1 0.339555983794535 0.7679539141499685 0.042451120413308986 0.046785719962933216
1 0.3221730410743232 0.7337599634243291 0.03453862646343318 0.02932540145127884
1 0.2892741826630668 0.7177703756753812 0.03146816861791084 0.03859127404661713
1 0.24936225496996967 0.7046602512659443 0.04557612041330898 0.04689484736759475
1 0.31246676384876426 0.8107490493591787 0.047120439695149674 0.04382441106992552
1 0.24691448672140126 0.8209573738612826 0.04092498184962743 0.05298115626060209
1 0.20031219749378973 0.866195462791357 0.031477258976990455 0.04015377404661713
1 0.27832356800529456 0.8493923979078997 0.04085225897699045 0.04048115626060209
1 0.324099676318355 0.9306622452754946 0.03774543969514967 0.043497028855940555
1 0.2581974203664267 0.8807143197775986 0.04556703005422928 0.0453323473675951
1 0.2905695588319124 0.940426625675381 0.03928066861791084 0.03886409255827132
1 0.25996445344571806 0.9159251334799295 0.04243293969514968 0.04366071996293321