5 0.115625 0.24765625 0.12734375 0.39140625
5 0.68125 0.65 0.53359375 0.4484375
3 0.08046875 0.1953125 0.046875 0.025
3 0.07421875 0.1671875 0.03515625 0.02578125
3 0.08671875 0.30078125 0.05625 0.0484375
3 0.08984375 0.3421875 0.0296875 0.0234375
3 0.05703125 0.3328125 0.01953125 0.02421875
3 0.09140625 0.2625 0.04296875 0.02109375
3 0.08671875 0.234375 0.053125 0.0359375
1 0.48046875 0.59453125 0.0359375 0.03359375
1 0.5 0.53359375 0.03515625 0.03515625
1 0.5046875 0.50703125 0.034375 0.01953125
1 0.60078125 0.49609375 0.0421875 0.03125
1 0.59140625 0.525 0.0390625 0.03359375
1 0.5875 0.571875 0.03828125 0.03203125
1 0.52109375 0.60703125 0.03671875 0.034375
1 0.5765625 0.6015625 0.04140625 0.04140625
1 0.55859375 0.6484375 0.03515625 0.025
1 0.59921875 0.71640625 0.03984375 0.0359375
1 0.6421875 0.7140625 0.04375 0.0359375
1 0.6390625 0.63671875 0.03671875 0.03984375
1 0.6828125 0.56171875 0.04140625 0.0375
1 0.75625 0.6265625 0.04140625 0.0375
1 0.72578125 0.64609375 0.025 0.03125
1 0.7140625 0.68046875 0.03359375 0.028125
1 0.70703125 0.71953125 0.040625 0.0390625
1 0.80234375 0.64765625 0.0375 0.0421875
1 0.8203125 0.7109375 0.046875 0.03515625
1 0.8703125 0.7515625 0.034375 0.02734375
1 0.84453125 0.67734375 0.03515625 0.03671875
1 0.9171875 0.625 0.0375 0.03359375
1 0.87734375 0.69453125 0.0375 0.04140625
1 0.93125 0.65703125 0.0328125 0.03515625
1 0.91171875 0.6890625 0.03828125 0.03828125