5 0.4926485649315128 0.5243771227323151 0.9200970495069422 0.8933394921228125
4 0.2946865775134146 0.4150641153723619 0.13348643019392786 0.12965223201781734
4 0.4159967414752881 0.29462544072245195 0.12707278896022575 0.12020450668363551
4 0.5563723254848197 0.32672142007476934 0.13208757142762995 0.13900905068427197
4 0.41691613351976897 0.4367947593889065 0.12877165665497756 0.12803518801718106
4 0.2645605211000231 0.5685885573679075 0.13036143019392785 0.1296158693507266
4 0.4312531432590016 0.5869311193904974 0.13030688311602728 0.12649086935072643
4 0.43709186038456044 0.7424362320575882 0.1226034772718286 0.13264996268299925
4 0.5555633965054125 0.6383674447405875 0.12572847727182862 0.13268632535009015
4 0.6056645823813833 0.7342435660804962 0.1240296095770768 0.12485564401654478
4 0.6188019618472578 0.5024123107494962 0.13206029788867965 0.13744655068427197
4 0.7432837646072012 0.4741793174331318 0.1399818920444808 0.14378745735199913
4 0.7559315892812422 0.6617884054344044 0.1304159772718286 0.1327408693507266