5 0.8624765149106807 0.8068464602814093 0.20511602665567033 0.3863070794371815
5 0.33342523159109294 0.3182924995090207 0.636270401424561 0.5520463725546082
3 0.8936105061351922 0.8862996944687277 0.052517246239076346 0.03311248184962743
3 0.8960140921077118 0.9152150348278074 0.03997178213245363 0.031477258976990184
3 0.9005615366182932 0.7762025318027452 0.06891513605166182 0.059765885440423536
3 0.9016550236861693 0.7332474173413646 0.03523881802583091 0.029887487899751618
3 0.9357034147523962 0.7490678600615764 0.024255853919208193 0.028261355386194252
3 0.8907379072305488 0.8144201492891879 0.04769335391920819 0.028397710772388507
3 0.8916017252563797 0.8441076492891877 0.06225595909205772 0.04566702400410492
1 0.5328916856685858 0.4085003847530525 0.043324102665567035 0.039307939695149584
1 0.505735803773559 0.4684884631100795 0.04341503087881229 0.04243293969514959
1 0.49711096153283324 0.49421517095560186 0.03978992570596276 0.02522725897699054
1 0.39621605126627657 0.48972259279496655 0.049574102665567034 0.03934430113146821
1 0.41102269734706826 0.4616884963857627 0.04649456677218975 0.040888620413308985
1 0.42057354209507647 0.4140958788993201 0.04649456677218975 0.040888620413308985
1 0.49328361638911356 0.3895231257760621 0.043369566772189574 0.040870439695149585
1 0.43535745612255694 0.3852805324901162 0.05145485141192587 0.05029089149054773
1 0.46062422908381045 0.3409038185944697 0.04153428213245362 0.031486349336070064
1 0.42714648785929904 0.26415951141287736 0.048147994985435004 0.04402271077238851
1 0.38247884553943107 0.25921293617910823 0.05283549498543501 0.044049981849627426
1 0.3754452470304991 0.33962714402463057 0.04506845909205772 0.04556703005422928
1 0.3211956677218971 0.4080498910977643 0.049710494985435096 0.04403180113146821
1 0.253297462390763 0.3295430960164204 0.049710494985435096 0.04403180113146821
1 0.28802180337784755 0.31490387909571177 0.03229567445232169 0.0361193071815924
1 0.30425455713877125 0.28219137304558756 0.04006271034569897 0.03460225897699045
1 0.31718045447320425 0.24321068627730416 0.04980142319868044 0.04715680113146821
1 0.20948762641824342 0.30038686114173085 0.046767351411925784 0.050263620413308986
1 0.1989161877801568 0.23236811416679296 0.056005959092057724 0.04563066256778665
1 0.152148836368231 0.1821044937534841 0.04157974623907634 0.033048849336070066
1 0.16935671991261042 0.26344085216474045 0.04502299498543509 0.04400453005422929
1 0.08774901873811147 0.3043653131335207 0.04493206677218971 0.040879530054229285
1 0.13742475831327022 0.2398215449831481 0.046767351411925784 0.050263620413308986
1 0.07735107633910114 0.269154520979043 0.040290030878812375 0.04241475897699045
1 0.10148725831327021 0.23961246672431685 0.048238923198680436 0.04714771077238851