4 0.2810463613745322 0.18607805733782412 0.07053822930778511 0.09642401384016445
4 0.40878733830746816 0.43685133155811184 0.08599945499752551 0.09393568380210837
4 0.6867253098133371 0.5487424723940333 0.09825379353213641 0.0897575197716634
4 0.5042314716174106 0.7705034313678315 0.09430327792830404 0.10362901878308044
4 0.23957475011154164 0.6591534599995625 0.09446040818602892 0.13637785178688588
2 0.19699774649349705 0.560750452090897 0.049659163274411576 0.055035009885831696
2 0.19201035334547348 0.6143383671099251 0.05262038896415211 0.052037343878220454
2 0.2663608208946136 0.39674630190061666 0.042256099050060315 0.0625291749048598
2 0.3343029946844747 0.5180111482502952 0.07629690637700666 0.08730368182494211
2 0.4213205585701417 0.28924150250863895 0.06199538896415202 0.0524193458553869
2 0.46812031546754673 0.2599651793906651 0.03634029172311415 0.038900673916276586
2 0.4759671149925769 0.29068859737544267 0.036094630257724705 0.03421317391627658
2 0.5322071489137747 0.3374163587441492 0.04012038896415202 0.05152800790866543
2 0.5912689676606817 0.4528622866147585 0.02959896879233561 0.029271005931498985
2 0.49454445386587187 0.5112875988583174 0.04817855042954129 0.05653384288963732
2 0.4696573185197644 0.5570484264249156 0.03090916327441153 0.05427100593149916
2 0.4216978533454735 0.6236974155505006 0.05549972749876275 0.04747717787060921
2 0.3028084124814421 0.6905745563492409 0.02762038896415202 0.05101867193911023
2 0.46884284825709077 0.7051357579458465 0.0374048247398008 0.059213173916276673
2 0.45552837799441726 0.8527137534972222 0.03690685775648763 0.07946200692008247
2 0.555268349161602 0.7328243592384408 0.05376680913596861 0.07391234387822046
2 0.594481335366792 0.7967887001509117 0.033542840343632994 0.04502333992388792
2 0.5503528770899061 0.8324105237631774 0.04858798620519007 0.0643463428896375
2 0.41711998021229635 0.13471316999912494 0.03946529172311415 0.03902800790866543
3 0.4100897252354553 0.8633355771094877 0.048260437584671044 0.0580963428896375
3 0.294845426276252 0.6278835553606579 0.050566566033373485 0.04259867688202625
3 0.3013366864530173 0.4691133918245045 0.06544793758467105 0.05879667984777566
3 0.3270869589542545 0.42494689775600347 0.041846663274411534 0.054716674904859805
3 0.25132896313812597 0.3181756329272559 0.041348696291098365 0.07496550790866544
3 0.36902987675122184 0.6005026546760858 0.028943871551297563 0.01677100593149916
3 0.5899885871758144 0.844939698668037 0.09126016508343397 0.10506418479069168
3 0.6217177855030777 0.5429752920519659 0.03979284034363299 0.04527800790866543
3 0.5901657338303409 0.23843237209002205 0.043409163274411536 0.054780341901054186
3 0.6083668571906606 0.30309970855386875 0.04275406603337366 0.04228034190105419
3 0.6404987630018404 0.5889562955120071 0.020633404567984216 0.03670150395433271
3 0.5680715643358929 0.6647428626984819 0.05590916327441153 0.05528967787060921
3 0.6958756597679085 0.6340897233826164 0.024413501809022263 0.04932883794672147
2 0.5757402221832375 0.573064698668037 0.024495388964152022 0.050891337946721474
5 0.41057888964152056 0.5003342517300206 0.7883452792830411 0.9993314965399589