4 0.21640625 0.703125 0.08828125 0.06328125
4 0.44921875 0.59453125 0.08671875 0.0765625
4 0.5453125 0.33515625 0.08203125 0.08828125
4 0.76328125 0.5203125 0.09375 0.08515625
4 0.66796875 0.76640625 0.12578125 0.0828125
2 0.57578125 0.8015625 0.05078125 0.0453125
2 0.62734375 0.80859375 0.04765625 0.04765625
2 0.41640625 0.72734375 0.0578125 0.03671875
2 0.5296875 0.66875 0.0796875 0.06875
2 0.30859375 0.575 0.046875 0.05703125
2 0.2796875 0.5296875 0.0359375 0.0328125
2 0.3078125 0.52265625 0.03125 0.0328125
2 0.35 0.47265625 0.046875 0.03671875
2 0.4578125 0.42109375 0.02578125 0.02734375
2 0.5171875 0.51640625 0.05234375 0.04296875
2 0.56171875 0.5421875 0.04921875 0.02578125
2 0.6265625 0.59140625 0.04296875 0.05
2 0.69453125 0.70703125 0.04765625 0.02421875
2 0.70234375 0.55078125 0.0546875 0.03359375
2 0.84375 0.5703125 0.075 0.03125
2 0.725 0.4703125 0.06796875 0.0484375
2 0.784375 0.4359375 0.040625 0.02890625
2 0.8203125 0.47890625 0.06015625 0.04296875
2 0.1625 0.57109375 0.034375 0.03515625
3 0.8546875 0.6140625 0.053125 0.04296875
3 0.6359375 0.7125 0.0390625 0.04609375
3 0.484375 0.6984375 0.05390625 0.059375
3 0.44140625 0.671875 0.0515625 0.03671875
3 0.34296875 0.73828125 0.06953125 0.0359375
3 0.60703125 0.63984375 0.015625 0.02578125
3 0.83046875 0.4421875 0.09609375 0.08203125
3 0.5421875 0.396875 0.040625 0.0359375
3 0.2546875 0.41171875 0.0515625 0.0390625
3 0.31484375 0.39765625 0.03984375 0.0390625
3 0.58515625 0.38203125 0.03359375 0.01796875
3 0.66015625 0.4546875 0.05078125 0.05
3 0.62578125 0.33125 0.04609375 0.0203125
2 0.57265625 0.4421875 0.0484375 0.01953125
5 0.5 0.59609375 1 0.69765625