4 0.23147077302214644 0.7146664845167711 0.09570338544042353 0.06940592306201392
4 0.47374865573209546 0.6015716449453476 0.09266928903121965 0.08495818787965277
4 0.569019207354543 0.3280451855985421 0.08805451190385671 0.09734908510611122
4 0.8029407311622563 0.5240889566844451 0.10208974082661797 0.09298889342673604
4 0.7083696163080923 0.7835710998268409 0.13489315046753808 0.09219011284152785
2 0.6125031252850828 0.8203969929692366 0.05496930113146803 0.04971036569131933
2 0.6664457367214013 0.8279016748649658 0.051862481849627426 0.05276263050895835
2 0.4425309928697213 0.7406698593261462 0.06117384933607006 0.04204333605604162
2 0.5609128333269968 0.6801525462558685 0.08636474687674216 0.07543771751493064
2 0.3252066166026799 0.5801479737831947 0.0519170240041051 0.062137630508958354
2 0.29367936065075156 0.5317643719595836 0.03769998789975162 0.035247822188333444
2 0.32332140885535343 0.5246428561920142 0.03301248789975162 0.03513871941479181
2 0.3659765414671067 0.47173671494947944 0.05022725897699045 0.040226262917777866
2 0.47815383371978026 0.41888643151447963 0.028288626463433175 0.028779616641250172
2 0.542789026341796 0.5188150027528824 0.056522710772388504 0.04818423328249999
2 0.5913810624461496 0.5465048980794796 0.0532977168225127 0.030923998100139016
2 0.6604264991162372 0.5988863220914242 0.04719316256778665 0.055778527735416715
2 0.7353497519449076 0.7217075326725005 0.05015453610435348 0.02772626291777769
2 0.739078219062008 0.5569728854460423 0.05802157825883114 0.037283100873680655
2 0.8883969630118838 0.5776334904037854 0.07832498789975162 0.03619337955902786
2 0.7612344993126289 0.4715627155181604 0.07373748184962743 0.053271776785486225
2 0.8227350806947182 0.43549923536979235 0.04393180718159258 0.032268292553055564
2 0.8620612011080271 0.4817209251493063 0.0643352107723885 0.04836607123840277
2 0.17128673106406048 0.5742220160519098 0.037718168617910844 0.03837282218833345
3 0.9019463786047325 0.6240363649288202 0.058085210772388506 0.04822060087368065
3 0.6736673633812261 0.7265210128208686 0.04246930113146803 0.04941942496187508
3 0.512661685688129 0.7110564009292712 0.058185204722264315 0.06540810087368065
3 0.46797135440423565 0.6826761745806254 0.05336134933607006 0.04186149810013902
3 0.36448326092189803 0.7521327297671183 0.07366475897699054 0.04077177678548623
3 0.6411952309658646 0.6499942272016672 0.015788626463433174 0.028488675911805574
3 0.8719947373105764 0.4436760644919799 0.10363406010845858 0.0899002610179167
3 0.5670572524358869 0.3936156342117713 0.04396816861791084 0.03851829255305557
3 0.26405497228346175 0.40765407152274324 0.05337043969514967 0.043423998100139014
3 0.32724077351312575 0.39272070896555583 0.040861349336070066 0.041570557370694504
3 0.6114930536655508 0.3782458605604172 0.03604658430895533 0.019586454597152782
3 0.6931793909013726 0.45513697530180613 0.055005662567786474 0.0559603656913195
3 0.6533623910977643 0.3245402855222922 0.048573855386194256 0.02456489532659729
2 0.6001424632082755 0.44125435362656307 0.05013635538619425 0.02460126291777769
5 0.5006226895969539 0.6022626291777782 0.9987546208060923 0.7764002583555565