      0/99    0.619G   0.07505   0.05296    0.0497    0.1777       390       640     0.291    0.1339    0.1055   0.03863    0.1021    0.1005   0.05573
      1/99     2.69G   0.05686   0.06385   0.03679    0.1575       341       640    0.1471    0.2832    0.1401   0.06141   0.09379    0.1065   0.05022
      2/99     3.51G   0.05127   0.06497    0.0311    0.1473       167       640    0.4998    0.3035    0.2784    0.1207   0.08409    0.1129   0.04544
      3/99     3.51G   0.04786   0.06533   0.02449    0.1377       225       640    0.6464    0.3809    0.3597    0.1699   0.08381    0.1079   0.04275
      4/99     3.51G   0.04746   0.06438   0.01967    0.1315       121       640     0.486    0.4122    0.3672    0.1432   0.08425    0.1094   0.04171
      5/99     3.51G   0.04418   0.06286   0.01649    0.1235       269       640    0.4571    0.5127    0.4407    0.2399   0.07731    0.1118   0.03954
      6/99     3.51G   0.04216   0.06431   0.01483    0.1213       205       640    0.5154    0.4441    0.4571    0.2512   0.07754    0.1126   0.03615
      7/99     3.51G   0.04125    0.0638   0.01344    0.1185       169       640    0.5077    0.5047    0.4801    0.2428   0.07779    0.1159   0.03836
      8/99     3.51G   0.04053     0.066   0.01212    0.1187       307       640    0.5498    0.5374    0.5086    0.2814   0.07685    0.1142   0.03601
      9/99     3.51G   0.03881   0.06275   0.01097    0.1125       339       640    0.5698    0.4994    0.4995    0.2857   0.07677    0.1168   0.03844
     10/99     3.51G    0.0385    0.0617   0.01005    0.1102       303       640    0.5662    0.4886    0.4937    0.2918   0.07511     0.122    0.0416
     11/99     3.51G   0.03814   0.06338  0.009969    0.1115       292       640    0.6204    0.4905    0.5175    0.2878   0.07587     0.116   0.03875
     12/99     3.51G    0.0376   0.06127  0.009202    0.1081       155       640    0.6152    0.5285    0.5421    0.3151   0.07375    0.1226   0.03691
     13/99     3.51G   0.03773   0.06133  0.008514    0.1076       233       640    0.5352    0.5765    0.5397    0.3161    0.0758    0.1174   0.04045
     14/99     3.51G   0.03718   0.05809  0.008724     0.104       279       640    0.6082    0.5193    0.5351    0.3079   0.07551    0.1246   0.03797
     15/99     3.51G   0.03737    0.0591  0.007732    0.1042       113       640    0.6474    0.5208    0.5588    0.3231   0.07336    0.1236   0.03474
     16/99     3.51G   0.03705   0.05749    0.0067    0.1012       197       640    0.6088    0.5537    0.5473    0.3354   0.07322    0.1218    0.0367
     17/99     3.51G   0.03736   0.06051  0.007252    0.1051       263       640    0.5463    0.5748    0.5419    0.3175   0.07355    0.1193   0.03811
     18/99     3.51G   0.03682   0.05759   0.00647    0.1009       193       640    0.5647    0.5322    0.5146    0.3006    0.0767    0.1303    0.0413
     19/99     3.51G   0.03655   0.05916  0.006365    0.1021       252       640    0.6439    0.5291    0.5502    0.3227   0.07507    0.1212   0.03863
     20/99     3.51G   0.03663   0.05843   0.00682    0.1019       223       640    0.5868    0.5597     0.553    0.3298   0.07316    0.1241   0.03664
     21/99     3.51G   0.03652   0.05859  0.006206    0.1013       398       640    0.5917    0.5082    0.5182    0.3117   0.07414    0.1261   0.03893
     22/99     3.51G    0.0365   0.05729  0.005951   0.09974       165       640    0.6087    0.5181    0.5299    0.3192   0.07226    0.1252   0.03596
     23/99     3.51G   0.03638   0.05783  0.005662   0.09987       271       640    0.6143    0.5318    0.5445    0.3333   0.07192     0.128   0.03918
     24/99     3.51G   0.03618   0.05816  0.005716    0.1001       391       640    0.6305    0.5347    0.5459    0.3364   0.07167    0.1283   0.03888
     25/99     3.51G   0.03594   0.05808  0.005517   0.09954       197       640    0.6472    0.5136    0.5416    0.3275   0.07114    0.1271   0.03851
     26/99     3.51G   0.03597   0.05704  0.005935   0.09894       221       640    0.6084    0.5024      0.53    0.3144   0.07236    0.1258   0.03628
     27/99     3.51G   0.03597   0.05656  0.005409   0.09794       259       640    0.6189    0.5102    0.5256     0.325   0.07158    0.1359   0.04044
     28/99     3.51G   0.03575   0.05498  0.005094   0.09583       384       640    0.6616    0.5188    0.5504    0.3452    0.0719    0.1292   0.03958
     29/99     3.51G   0.03575   0.05701  0.005115   0.09788       270       640    0.6609    0.5059     0.541    0.3353   0.07145    0.1283   0.03858
     30/99     3.51G   0.03543   0.05576  0.004862   0.09605       259       640    0.6395      0.53    0.5477    0.3419   0.06859    0.1346   0.03673
     31/99     3.51G   0.03556   0.05595  0.004539   0.09605       280       640    0.6004    0.5312    0.5399    0.3384   0.07028    0.1302   0.03574
     32/99     3.51G    0.0355   0.05384  0.004701   0.09405       239       640    0.6262    0.5238    0.5445    0.3427   0.06959    0.1364   0.03528
     33/99     3.51G   0.03554   0.05437  0.004809   0.09472       284       640    0.5979    0.4981    0.5081    0.3143   0.07026    0.1432   0.03908
     34/99     3.51G   0.03531   0.05541  0.004322   0.09505       299       640    0.5962    0.5367    0.5288    0.3344   0.06946    0.1358   0.03924
     35/99     3.51G   0.03537   0.05399  0.004484   0.09384       265       640    0.6436    0.5299    0.5555    0.3429   0.07036    0.1353   0.04008
     36/99     3.51G   0.03492   0.05352  0.004241   0.09268       160       640    0.6262    0.5183    0.5351    0.3367   0.07022    0.1435   0.03779
     37/99     3.51G   0.03524   0.05204  0.004416   0.09169       126       640    0.6078    0.5536    0.5609    0.3514   0.06946    0.1336   0.03599
     38/99     3.51G   0.03489   0.05386  0.004298   0.09305       170       640    0.6084    0.5142    0.5363    0.3374   0.07053    0.1432   0.03782
     39/99     3.51G   0.03505   0.05392  0.004039   0.09301       175       640    0.6117    0.5483    0.5564    0.3434    0.0689    0.1381    0.0374
     40/99     3.51G   0.03474   0.05158  0.003643   0.08996       173       640    0.6008    0.5677    0.5682    0.3536   0.06815    0.1411   0.03525
     41/99     3.51G   0.03484   0.05257  0.003771   0.09118       297       640    0.6355    0.5129    0.5332    0.3378   0.06955    0.1398   0.03734
     42/99     3.51G   0.03466   0.05352  0.003601   0.09178       406       640    0.6016    0.5229      0.52     0.331    0.0707    0.1409   0.03874
     43/99     3.51G   0.03433     0.052  0.003583   0.08992       187       640    0.6589    0.5088    0.5382    0.3384   0.06895    0.1406   0.04129
     44/99     3.51G   0.03433   0.05119  0.003475     0.089       226       640    0.6238    0.5507    0.5628    0.3516   0.06836    0.1403   0.03598
     45/99     3.51G   0.03465   0.05196  0.004015   0.09063       288       640    0.6107    0.5357    0.5306    0.3331   0.06941    0.1421   0.03839
     46/99     3.51G   0.03452   0.05273  0.003712   0.09096       146       640    0.5848    0.5403    0.5342     0.335   0.06943    0.1392   0.03884
     47/99     3.51G    0.0347   0.05299  0.004016   0.09171       291       640    0.6319     0.499    0.5161    0.3258   0.06986    0.1458   0.03945
     48/99     3.51G   0.03405   0.05165  0.003688   0.08939       232       640    0.6266    0.5443    0.5526    0.3419     0.069    0.1371   0.03905
     49/99     3.51G   0.03393   0.05018  0.003341   0.08745       224       640    0.6711    0.5013    0.5378    0.3382   0.06853    0.1376   0.03611
     50/99     3.51G   0.03422   0.05199  0.003582   0.08979       244       640    0.6024    0.5501    0.5505    0.3488   0.06934    0.1349   0.03954
     51/99     3.51G   0.03408   0.04988  0.003486   0.08745       244       640    0.6323    0.5313    0.5465    0.3469   0.06964    0.1401   0.03905
     52/99     3.51G    0.0338   0.05111  0.003008   0.08792       224       640    0.6162     0.509    0.5253    0.3332   0.06929    0.1413   0.03654
     53/99     3.51G   0.03413   0.05139  0.003387    0.0889       171       640    0.6253    0.5193    0.5373    0.3417   0.06812    0.1395   0.03562
     54/99     3.51G   0.03386   0.05149  0.003459   0.08881       304       640    0.5896    0.5334    0.5287    0.3309   0.06984    0.1389   0.03819
     55/99     3.51G    0.0339   0.05069  0.003095   0.08768       186       640    0.5963    0.5586    0.5468    0.3514    0.0688     0.142   0.03999
     56/99     3.51G   0.03356   0.05011  0.003207   0.08688       210       640    0.6029    0.5333    0.5446    0.3466   0.06926    0.1414   0.03796
     57/99     3.51G    0.0338   0.05058  0.003227   0.08761       126       640    0.6127    0.5257    0.5316    0.3396   0.06891    0.1414   0.03754
     58/99     3.51G   0.03377   0.05016  0.003123   0.08705       306       640    0.6172    0.5334    0.5507     0.351   0.06945    0.1387   0.03928
     59/99     3.51G    0.0338   0.04857  0.003301   0.08567       307       640    0.6285    0.5205    0.5409    0.3458   0.06925    0.1418    0.0397
     60/99     3.51G   0.03356   0.04988  0.002928   0.08637       173       640    0.6352    0.5276    0.5427    0.3497   0.06863    0.1453   0.03807
     61/99     3.51G    0.0335   0.05107  0.003281   0.08785       344       640    0.6258    0.5089    0.5257    0.3386   0.06782    0.1465   0.03796
     62/99     3.51G   0.03342   0.04792  0.002897   0.08424       324       640    0.6443    0.5312    0.5546    0.3497   0.06864    0.1432   0.03747
     63/99     3.51G   0.03347   0.04955  0.003199   0.08622       417       640    0.6156    0.5363    0.5427    0.3448    0.0693    0.1429     0.039
     64/99     3.51G   0.03326   0.04776   0.00303   0.08404       224       640    0.5903    0.5551    0.5396    0.3446   0.06733    0.1439   0.03798
     65/99     3.51G   0.03332    0.0508  0.003202   0.08733       326       640    0.6517      0.52    0.5442     0.345   0.06804    0.1477    0.0386
     66/99     3.51G   0.03339   0.04638   0.00297   0.08274       200       640    0.5948    0.5362    0.5424    0.3471   0.06811    0.1447   0.03806
     67/99     3.51G   0.03302   0.04897  0.002812   0.08479       222       640     0.647    0.5053    0.5264    0.3416   0.06837     0.148   0.03976
     68/99     3.51G   0.03298    0.0474   0.00273   0.08311       268       640     0.667    0.4977     0.534    0.3428   0.06749    0.1503   0.03746
     69/99     3.51G   0.03313   0.04876  0.002769   0.08465       269       640    0.5906    0.5337    0.5238    0.3347   0.06751    0.1501   0.03799
     70/99     3.51G   0.03297   0.04727  0.002961    0.0832       330       640     0.631    0.5279    0.5402    0.3449   0.06844    0.1432   0.03967
     71/99     3.51G   0.03305   0.04869  0.002768    0.0845       330       640    0.6368    0.5161    0.5373    0.3485   0.06718    0.1457   0.03788
     72/99     3.51G   0.03316   0.04623  0.002793   0.08218       263       640     0.601    0.5347      0.53    0.3434   0.06839    0.1493   0.03856
     73/99     3.51G   0.03299   0.04895  0.003148   0.08509       211       640    0.6345    0.5141    0.5414    0.3505   0.06761    0.1454   0.03804
     74/99     3.51G   0.03271   0.04743  0.002779   0.08291       168       640    0.6168     0.506    0.5204    0.3354   0.06748    0.1481   0.03858
     75/99     3.51G   0.03229   0.04708  0.002444   0.08182       291       640    0.6392    0.4974    0.5278    0.3426   0.06751    0.1503    0.0378
     76/99     3.51G   0.03302   0.04825  0.002635   0.08391       243       640    0.6092    0.5132    0.5279    0.3442   0.06666    0.1504   0.03749
     77/99     3.51G    0.0328    0.0459  0.002532   0.08124       238       640    0.6479    0.5066    0.5305     0.346   0.06727    0.1491   0.03806
     78/99     3.51G   0.03286   0.04637  0.002879    0.0821       342       640    0.6276    0.5108    0.5255    0.3418   0.06735    0.1496   0.03816
     79/99     3.51G   0.03275   0.04617  0.002473   0.08139       148       640     0.577    0.5492    0.5283    0.3427   0.06767    0.1503   0.03887
     80/99     3.51G    0.0325    0.0461  0.002559   0.08116       256       640    0.5955    0.5448    0.5388     0.349   0.06761    0.1483   0.03798
     81/99     3.51G   0.03288   0.04806  0.002786   0.08372       568       640     0.601    0.5165    0.5288    0.3429   0.06764    0.1506   0.03811
     82/99     3.51G   0.03253   0.04701   0.00244   0.08198       261       640    0.6204    0.5201    0.5303    0.3446   0.06783    0.1499   0.03843
     83/99     3.51G   0.03249   0.04843  0.002486    0.0834       177       640    0.6315    0.5028    0.5166     0.337   0.06747    0.1544   0.03841
     84/99     3.51G   0.03234   0.04561  0.002477   0.08042       211       640    0.6707     0.501    0.5316    0.3467   0.06788    0.1503   0.03857
     85/99     3.51G   0.03252   0.04747  0.002362   0.08236       247       640    0.6832    0.4885    0.5266    0.3425   0.06766    0.1522   0.03819
     86/99     3.51G   0.03216    0.0458    0.0024   0.08035       287       640    0.6574    0.5023    0.5324    0.3473   0.06776     0.151   0.03868
     87/99     3.51G   0.03216   0.04466  0.002433   0.07925       311       640    0.6299     0.507    0.5292    0.3431   0.06797    0.1526   0.03853
     88/99     3.51G   0.03262    0.0475  0.002535   0.08266       247       640    0.6581    0.4936    0.5234    0.3402   0.06802    0.1514   0.03875
     89/99     3.51G   0.03213   0.04626  0.002503   0.08089       176       640    0.6459    0.5123    0.5287    0.3441   0.06777    0.1522   0.03833
     90/99     3.51G   0.03219   0.04553  0.002376    0.0801       230       640    0.6134    0.5216    0.5294    0.3438    0.0675     0.153   0.03851
     91/99     3.51G   0.03213   0.04518  0.002472   0.07978       176       640    0.6693    0.4956    0.5266    0.3415   0.06759     0.152   0.03822
     92/99     3.51G   0.03218   0.04452  0.002411   0.07911       198       640    0.6511    0.4981    0.5245    0.3405   0.06754    0.1539   0.03881
     93/99     3.51G   0.03211   0.04537  0.002563   0.08004       276       640    0.6553    0.5024    0.5293    0.3442   0.06759    0.1533   0.03868
     94/99     3.51G   0.03247   0.04736  0.002428   0.08226       139       640    0.6952    0.4836     0.526    0.3427   0.06773    0.1531   0.03884
     95/99     3.51G   0.03214   0.04627  0.002205   0.08061       249       640    0.6786    0.4931    0.5287    0.3434   0.06776    0.1523    0.0386
     96/99     3.51G    0.0324    0.0461  0.002474   0.08097       206       640    0.6715    0.4949    0.5313    0.3462   0.06767    0.1525   0.03844
     97/99     3.51G   0.03219   0.04547  0.002427   0.08009       248       640    0.6696    0.4978    0.5307    0.3466    0.0677    0.1524   0.03841
     98/99     3.51G   0.03233    0.0455  0.002385   0.08022       193       640    0.6319    0.5166    0.5321    0.3473   0.06749    0.1521   0.03827
     99/99     3.51G   0.03242   0.04715  0.002464   0.08204       134       640    0.6816    0.4908    0.5308    0.3452   0.06756    0.1527   0.03824
